Art-counter/0000.pcd
2.1092775464057922e-01 8.3006441593170166e-01 5.1623886823654175e-01 0.0000000000000000e+00 
-7.7278983592987061e-01 4.6500456333160400e-01 -4.3193358182907104e-01 0.0000000000000000e+00 
-5.9858614206314087e-01 -3.0783736705780029e-01 7.3954761028289795e-01 0.0000000000000000e+00 
0.0000000000000000e+00 0.0000000000000000e+00 0.0000000000000000e+00 1.0000000000000000e+00 
Art-counter/0001.pcd
9.7436910867691040e-01 -2.2486537694931030e-01 3.4835336264222860e-03 -2.6685347780585289e-02 
1.8748636543750763e-01 8.0365830659866333e-01 -5.6476706266403198e-01 2.9704673215746880e-03 
1.2419859319925308e-01 5.5096167325973511e-01 8.2523655891418457e-01 9.5766913145780563e-03 
0.0000000000000000e+00 0.0000000000000000e+00 0.0000000000000000e+00 1.0000000000000000e+00 
Art-counter/0002.pcd
2.6818516850471497e-01 2.8776299953460693e-01 -9.1940736770629883e-01 -1.3884827494621277e-02 
8.9119672775268555e-01 -4.3659573793411255e-01 1.2330760061740875e-01 1.1624648323049769e-04 
-3.6612284183502197e-01 -8.5263824462890625e-01 -3.7281134724617004e-01 7.1126706898212433e-03 
0.0000000000000000e+00 0.0000000000000000e+00 0.0000000000000000e+00 1.0000000000000000e+00 
Art-counter/0003.pcd
-1.0703725367784500e-01 -8.2525116205215454e-01 -5.5452615022659302e-01 4.9172144383192062e-02 
8.1652432680130005e-01 2.4528713524341583e-01 -5.2265232801437378e-01 -6.5931561402976513e-03 
5.6732285022735596e-01 -5.0871640443801880e-01 6.4756995439529419e-01 -1.5828089788556099e-02 
0.0000000000000000e+00 0.0000000000000000e+00 0.0000000000000000e+00 1.0000000000000000e+00 
Art-counter/0004.pcd
9.1008895635604858e-01 3.6867719888687134e-01 1.8926414847373962e-01 6.4214624464511871e-02 
-2.1901109814643860e-01 8.1558597087860107e-01 -5.3559046983718872e-01 8.6723739514127374e-04 
-3.5181865096092224e-01 4.4598177075386047e-01 8.2299667596817017e-01 -2.0697319880127907e-02 
0.0000000000000000e+00 0.0000000000000000e+00 0.0000000000000000e+00 1.0000000000000000e+00 
Art-counter/0005.pcd
9.9763548374176025e-01 -2.6639375835657120e-02 6.3443817198276520e-02 6.5945141017436981e-02 
5.7551335543394089e-02 8.2842439413070679e-01 -5.5713349580764771e-01 1.1195101542398334e-03 
-3.7716384977102280e-02 5.5946540832519531e-01 8.2799583673477173e-01 -1.7654750496149063e-02 
0.0000000000000000e+00 0.0000000000000000e+00 0.0000000000000000e+00 1.0000000000000000e+00 
Art-counter/0006.pcd
8.6375123262405396e-01 4.5319485664367676e-01 2.2034472227096558e-01 4.8400193452835083e-02 
-2.8447166085243225e-01 7.9944062232971191e-01 -5.2912318706512451e-01 1.6406709328293800e-03 
-4.1594752669334412e-01 3.9434847235679626e-01 8.1943821907043457e-01 -1.2660649605095387e-02 
0.0000000000000000e+00 0.0000000000000000e+00 0.0000000000000000e+00 1.0000000000000000e+00 
Art-counter/0007.pcd
4.4541430473327637e-01 -8.4776091575622559e-01 -2.8791496157646179e-01 3.1837999820709229e-02 
6.3198739290237427e-01 5.2548974752426147e-01 -5.6959116458892822e-01 5.0577283836901188e-03 
6.3418167829513550e-01 7.1747258305549622e-02 7.6984530687332153e-01 -6.4212833531200886e-03 
0.0000000000000000e+00 0.0000000000000000e+00 0.0000000000000000e+00 1.0000000000000000e+00 
Art-counter/0008.pcd
9.7479587793350220e-01 2.1301437914371490e-01 6.6368401050567627e-02 -6.6811412572860718e-02 
1.3810065388679504e-01 -8.0968916416168213e-01 5.7038176059722900e-01 4.7844867222011089e-03 
1.7523695528507233e-01 -5.4683876037597656e-01 -8.1869685649871826e-01 1.7628887668251991e-02 
0.0000000000000000e+00 0.0000000000000000e+00 0.0000000000000000e+00 1.0000000000000000e+00 
Art-counter/0009.pcd
3.0490964651107788e-01 1.4960448257625103e-02 9.5227456092834473e-01 -8.0877602100372314e-02 
-7.6152467727661133e-01 -5.9663480520248413e-01 2.5320509076118469e-01 5.6750681251287460e-03 
5.7194852828979492e-01 -8.0238252878189087e-01 -1.7052549123764038e-01 1.8397668376564980e-02 
0.0000000000000000e+00 0.0000000000000000e+00 0.0000000000000000e+00 1.0000000000000000e+00 
Art-counter/0010.pcd
-1.1996774375438690e-01 5.0760082900524139e-02 -9.9148172140121460e-01 -6.0233011841773987e-02 
9.6132522821426392e-01 -2.4345344305038452e-01 -1.2878301739692688e-01 -1.8475577235221863e-03 
-2.4791622161865234e-01 -9.6858274936676025e-01 -1.9590256735682487e-02 6.6670486703515053e-03 
0.0000000000000000e+00 0.0000000000000000e+00 0.0000000000000000e+00 1.0000000000000000e+00 
Art-counter/0011.pcd
-3.4953448176383972e-01 -4.8073521256446838e-01 -8.0419713258743286e-01 -7.7474385499954224e-02 
9.1176849603652954e-01 2.3032125085592270e-02 -4.1005727648735046e-01 -8.8225438958033919e-04 
2.1564745903015137e-01 -8.7656414508819580e-01 4.3026453256607056e-01 1.5961563214659691e-02 
0.0000000000000000e+00 0.0000000000000000e+00 0.0000000000000000e+00 1.0000000000000000e+00 
Art-counter/0012.pcd
-6.4699225127696991e-02 1.8821443617343903e-01 9.8000818490982056e-01 2.7918880805373192e-02 
-9.3733114004135132e-01 -3.4846171736717224e-01 5.0430055707693100e-03 2.7936326805502176e-03 
3.4243604540824890e-01 -9.1823422908782959e-01 1.9896151125431061e-01 -8.0943815410137177e-03 
0.0000000000000000e+00 0.0000000000000000e+00 0.0000000000000000e+00 1.0000000000000000e+00 
Art-counter/0013.pcd
-3.5311618447303772e-01 -4.1143631935119629e-01 -8.4025609493255615e-01 6.3435867428779602e-02 
9.2358303070068359e-01 -9.9218711256980896e-03 -3.8327655196189880e-01 -7.1607530117034912e-03 
1.4935819804668427e-01 -9.1139912605285645e-01 3.8350284099578857e-01 -1.8511613830924034e-02 
0.0000000000000000e+00 0.0000000000000000e+00 0.0000000000000000e+00 1.0000000000000000e+00 
Art-counter/0014.pcd
3.9590513706207275e-01 3.2840168476104736e-01 -8.5756641626358032e-01 6.8741612136363983e-02 
8.4515780210494995e-01 -4.9553471803665161e-01 2.0041225850582123e-01 2.7769852895289660e-03 
-3.5913544893264771e-01 -8.0411589145660400e-01 -4.7373226284980774e-01 -1.4697005040943623e-02 
0.0000000000000000e+00 0.0000000000000000e+00 0.0000000000000000e+00 1.0000000000000000e+00 
Art-counter/0015.pcd
-4.1918978095054626e-02 -8.5550278425216675e-01 -5.1609742641448975e-01 6.7779235541820526e-02 
7.9756355285644531e-01 2.8246966004371643e-01 -5.3301322460174561e-01 1.3593550538644195e-03 
6.0177624225616455e-01 -4.3396362662315369e-01 6.7047721147537231e-01 -2.0259605720639229e-02 
0.0000000000000000e+00 0.0000000000000000e+00 0.0000000000000000e+00 1.0000000000000000e+00 
Art-counter/0016.pcd
-2.5920206308364868e-01 -1.1570846289396286e-01 -9.5886605978012085e-01 6.5444588661193848e-02 
9.5876497030258179e-01 -1.5062727034091949e-01 -2.4099776148796082e-01 -7.6162070035934448e-04 
-1.1654693633317947e-01 -9.8179084062576294e-01 1.4997801184654236e-01 -1.8257755786180496e-02 
0.0000000000000000e+00 0.0000000000000000e+00 0.0000000000000000e+00 1.0000000000000000e+00 
Art-counter/0017.pcd
-6.6561489365994930e-03 1.4270234107971191e-01 9.8974126577377319e-01 6.3137196004390717e-02 
-9.1448646783828735e-01 -4.0129998326301575e-01 5.1709614694118500e-02 -2.4610632099211216e-03 
4.0456244349479675e-01 -9.0476197004318237e-01 1.3316930830478668e-01 -1.7198491841554642e-02 
0.0000000000000000e+00 0.0000000000000000e+00 0.0000000000000000e+00 1.0000000000000000e+00 
Art-counter/0018.pcd
6.1985301971435547e-01 3.6252555251121521e-01 -6.9595927000045776e-01 9.4532435759902000e-03 
7.2667700052261353e-01 -5.9988576173782349e-01 3.3473539352416992e-01 3.4666871652007103e-03 
-2.9615700244903564e-01 -7.1324998140335083e-01 -6.3529801368713379e-01 -2.7873530052602291e-03 
0.0000000000000000e+00 0.0000000000000000e+00 0.0000000000000000e+00 1.0000000000000000e+00 
Art-counter/0019.pcd
-8.5629194974899292e-02 8.1613019108772278e-02 -9.9298328161239624e-01 -6.3020750880241394e-02 
9.5932435989379883e-01 -2.6234385371208191e-01 -1.0428839176893234e-01 2.3885508999228477e-03 
-2.6901441812515259e-01 -9.6152210235595703e-01 -5.5828236043453217e-02 1.4036811888217926e-02 
0.0000000000000000e+00 0.0000000000000000e+00 0.0000000000000000e+00 1.0000000000000000e+00 
Art-counter/0020.pcd
3.8066837191581726e-01 2.9397606849670410e-03 9.2470824718475342e-01 -7.7136583626270294e-02 
-7.1495914459228516e-01 -6.3326102495193481e-01 2.9633560776710510e-01 6.3657010905444622e-03 
5.8645212650299072e-01 -7.7393347024917603e-01 -2.3895992338657379e-01 1.4022982679307461e-02 
0.0000000000000000e+00 0.0000000000000000e+00 0.0000000000000000e+00 1.0000000000000000e+00 
Art-counter/0021.pcd
5.2767044305801392e-01 7.5937634706497192e-01 3.8067567348480225e-01 -4.7067157924175262e-02 
-5.8524686098098755e-01 6.4981466531753540e-01 -4.8502114415168762e-01 8.3294846117496490e-03 
-6.1567181348800659e-01 3.3143207430839539e-02 7.8730130195617676e-01 1.4274868182837963e-02 
0.0000000000000000e+00 0.0000000000000000e+00 0.0000000000000000e+00 1.0000000000000000e+00 
Art-counter/0022.pcd
9.9385017156600952e-01 -1.0299813002347946e-01 4.0839258581399918e-02 -4.7171046026051044e-03 
1.0812456160783768e-01 8.2106894254684448e-01 -5.6050658226013184e-01 6.9484958657994866e-04 
2.4200368672609329e-02 5.6146532297134399e-01 8.2714742422103882e-01 1.8027999904006720e-03 
0.0000000000000000e+00 0.0000000000000000e+00 0.0000000000000000e+00 1.0000000000000000e+00 
Art-counter/0023.pcd
9.8395276069641113e-01 1.3662624359130859e-01 1.1480425298213959e-01 -2.2864572703838348e-02 
-5.1600221544504166e-02 8.3365994691848755e-01 -5.4987245798110962e-01 2.5028644595295191e-03 
-1.7083601653575897e-01 5.3512346744537354e-01 8.2732850313186646e-01 4.2875846847891808e-03 
0.0000000000000000e+00 0.0000000000000000e+00 0.0000000000000000e+00 1.0000000000000000e+00 
Art-counter/0024.pcd
1.0916719585657120e-01 2.1435058116912842e-01 -9.7064590454101562e-01 -3.3763598650693893e-02 
9.3198084831237793e-01 -3.6164516210556030e-01 2.4957075715065002e-02 9.5670409500598907e-03 
-3.4568029642105103e-01 -9.0735149383544922e-01 -2.3925068974494934e-01 1.3118256814777851e-02 
0.0000000000000000e+00 0.0000000000000000e+00 0.0000000000000000e+00 1.0000000000000000e+00 
Art-counter/0025.pcd
4.2657852172851562e-01 -8.5463464260101318e-01 -2.9604664444923401e-01 9.4359610229730606e-03 
6.4056116342544556e-01 5.1655274629592896e-01 -5.6819885969161987e-01 -1.4132026117295027e-03 
6.3852614164352417e-01 5.2745968103408813e-02 7.6779192686080933e-01 -3.2383911311626434e-03 
0.0000000000000000e+00 0.0000000000000000e+00 0.0000000000000000e+00 1.0000000000000000e+00 
Art-counter/0026.pcd
-2.0910678803920746e-01 4.9319666624069214e-01 8.4444600343704224e-01 1.8505813553929329e-02 
-9.7566783428192139e-01 -4.6949785202741623e-02 -2.1418371796607971e-01 -2.3475401103496552e-03 
-6.5984100103378296e-02 -8.6866533756256104e-01 4.9100685119628906e-01 -7.0519917644560337e-03 
0.0000000000000000e+00 0.0000000000000000e+00 0.0000000000000000e+00 1.0000000000000000e+00 
Art-counter/0027.pcd
9.2096304893493652e-01 1.1578095704317093e-01 3.7205451726913452e-01 -6.8890010006725788e-03 
-1.2333143502473831e-01 -8.1912881135940552e-01 5.6019401550292969e-01 3.1812991946935654e-03 
3.6962053179740906e-01 -5.6180399656295776e-01 -7.4010711908340454e-01 1.3604899868369102e-03 
0.0000000000000000e+00 0.0000000000000000e+00 0.0000000000000000e+00 1.0000000000000000e+00 
Art-counter/0028.pcd
9.6876269578933716e-01 1.8105132877826691e-01 1.6963516175746918e-01 -1.8201705068349838e-02 
5.2325688302516937e-02 -8.1746172904968262e-01 5.7365643978118896e-01 -1.6660551773384213e-03 
2.4252121150493622e-01 -5.4682725667953491e-01 -8.0136239528656006e-01 1.8391608027741313e-03 
0.0000000000000000e+00 0.0000000000000000e+00 0.0000000000000000e+00 1.0000000000000000e+00 
Art-counter/0029.pcd
7.4715447425842285e-01 -6.4683246612548828e-01 -1.5284791588783264e-01 -7.9481393098831177e-02 
4.6592184901237488e-01 6.7372536659240723e-01 -5.7358753681182861e-01 3.8476439658552408e-03 
4.7399115562438965e-01 3.5733509063720703e-01 8.0474299192428589e-01 1.7704788595438004e-02 
0.0000000000000000e+00 0.0000000000000000e+00 0.0000000000000000e+00 1.0000000000000000e+00 
Art-counter/0030.pcd
9.9403613805770874e-01 6.1327908188104630e-02 9.0207941830158234e-02 7.1866720914840698e-02 
-1.2087376089766622e-03 8.3315354585647583e-01 -5.5308073759078979e-01 -4.6326718293130398e-03 
-1.0906778275966644e-01 5.4965543746948242e-01 8.2824212312698364e-01 -2.8454488143324852e-02 
0.0000000000000000e+00 0.0000000000000000e+00 0.0000000000000000e+00 1.0000000000000000e+00 
Art-counter/0031.pcd
8.3611613512039185e-01 -5.3817689418792725e-01 -1.0632914304733276e-01 6.1739753931760788e-02 
3.9154499769210815e-01 7.2121179103851318e-01 -5.7144939899444580e-01 -2.9913440346717834e-02 
3.8422352075576782e-01 4.3616136908531189e-01 8.1372952461242676e-01 -1.2378803221508861e-03 
0.0000000000000000e+00 0.0000000000000000e+00 0.0000000000000000e+00 1.0000000000000000e+00 
Art-counter/0032.pcd
9.7534328699111938e-01 1.8106877803802490e-01 1.2607800960540771e-01 8.1530600786209106e-02 
-8.4955751895904541e-02 8.3557242155075073e-01 -5.4279124736785889e-01 -2.4519018828868866e-02 
-2.0363433659076691e-01 5.1869833469390869e-01 8.3035707473754883e-01 -2.8773080557584763e-02 
0.0000000000000000e+00 0.0000000000000000e+00 0.0000000000000000e+00 1.0000000000000000e+00 
Art-counter/0033.pcd
9.6998596191406250e-01 2.0272970199584961e-01 1.3428953289985657e-01 5.6796766817569733e-02 
-9.8232023417949677e-02 8.3184790611267090e-01 -5.4625254869461060e-01 -2.1210350096225739e-03 
-2.2244732081890106e-01 5.1666009426116943e-01 8.2678812742233276e-01 -1.8621783703565598e-02 
0.0000000000000000e+00 0.0000000000000000e+00 0.0000000000000000e+00 1.0000000000000000e+00 
Art-counter/0034.pcd
8.0018714070320129e-02 8.1094819307327271e-01 5.7964736223220825e-01 6.8080864846706390e-02 
-8.3803403377532959e-01 3.6958220601081848e-01 -4.0137490630149841e-01 8.1909721484407783e-04 
-5.3971707820892334e-01 -4.5364135503768921e-01 7.0917224884033203e-01 -1.6825662925839424e-02 
0.0000000000000000e+00 0.0000000000000000e+00 0.0000000000000000e+00 1.0000000000000000e+00 
Art-counter/0035.pcd
-8.7821884080767632e-03 7.7616292238235474e-01 6.3046801090240479e-01 9.0475543402135372e-04 
-8.7919288873672485e-01 2.9437264800071716e-01 -3.7464630603790283e-01 2.4637475144118071e-04 
-4.7638094425201416e-01 -5.5759423971176147e-01 6.7981338500976562e-01 -2.3486230056732893e-03 
0.0000000000000000e+00 0.0000000000000000e+00 0.0000000000000000e+00 1.0000000000000000e+00 
Art-counter/0036.pcd
9.5929986238479614e-01 2.6359686255455017e-01 -1.0135185718536377e-01 -1.2825089506804943e-02 
2.7463471889495850e-01 -7.8710657358169556e-01 5.5231815576553345e-01 -2.8076185844838619e-03 
6.5811701118946075e-02 -5.5767059326171875e-01 -8.2745486497879028e-01 -6.1265024123713374e-04 
0.0000000000000000e+00 0.0000000000000000e+00 0.0000000000000000e+00 1.0000000000000000e+00 
Art-counter/0037.pcd
1.1584601551294327e-01 2.1913224458694458e-01 -9.6879893541336060e-01 2.0820664241909981e-02 
9.3055331707000732e-01 -3.6503496766090393e-01 2.8705859556794167e-02 -3.6896106321364641e-03 
-3.4735304117202759e-01 -9.0483975410461426e-01 -2.4620130658149719e-01 -4.7322348691523075e-03 
0.0000000000000000e+00 0.0000000000000000e+00 0.0000000000000000e+00 1.0000000000000000e+00 
Art-counter/0038.pcd
9.1974723339080811e-01 3.0327603220939636e-01 -2.4918310344219208e-01 6.1230376362800598e-02 
3.9131432771682739e-01 -7.5811135768890381e-01 5.2167654037475586e-01 6.7669042618945241e-04 
-3.0696332454681396e-02 -5.7731610536575317e-01 -8.1594371795654297e-01 -1.4697458595037460e-02 
0.0000000000000000e+00 0.0000000000000000e+00 0.0000000000000000e+00 1.0000000000000000e+00 
Art-counter/0039.pcd
2.7313509583473206e-01 8.2917785644531250e-01 4.8771548271179199e-01 5.8240693062543869e-02 
-7.4010574817657471e-01 5.0502246618270874e-01 -4.4411545991897583e-01 2.8240652754902840e-03 
-6.1454689502716064e-01 -2.3965686559677124e-01 7.5160288810729980e-01 -1.8934147432446480e-02 
0.0000000000000000e+00 0.0000000000000000e+00 0.0000000000000000e+00 1.0000000000000000e+00 
Art-counter/0040.pcd
9.9398666620254517e-01 6.0754574835300446e-02 9.1171987354755402e-02 -3.0835634097456932e-02 
-3.3370546589139849e-05 8.3234310150146484e-01 -5.5427622795104980e-01 -1.8273557070642710e-03 
-1.0955765098333359e-01 5.5093109607696533e-01 8.2732999324798584e-01 1.5487321652472019e-03 
0.0000000000000000e+00 0.0000000000000000e+00 0.0000000000000000e+00 1.0000000000000000e+00 
Art-counter/0041.pcd
9.9614900350570679e-01 -7.2463192045688629e-02 4.9708437174558640e-02 2.8759127482771873e-02 
8.7873123586177826e-02 8.2378876209259033e-01 -5.6007045507431030e-01 1.2481250800192356e-02 
-3.6051403731107712e-04 5.6226068735122681e-01 8.2695901393890381e-01 -8.5019730031490326e-03 
0.0000000000000000e+00 0.0000000000000000e+00 0.0000000000000000e+00 1.0000000000000000e+00 
Art-counter/0042.pcd
9.5389741659164429e-01 1.5296605229377747e-01 2.5822377204895020e-01 4.7000192105770111e-02 
-2.2903688251972198e-02 -8.2075953483581543e-01 5.7081007957458496e-01 5.1459232345223427e-03 
2.9925397038459778e-01 -5.5041283369064331e-01 -7.7942252159118652e-01 -9.0769194066524506e-03 
0.0000000000000000e+00 0.0000000000000000e+00 0.0000000000000000e+00 1.0000000000000000e+00 
Art-counter/0043.pcd
4.9841538071632385e-01 -4.4132922776043415e-03 8.6694014072418213e-01 -7.1452602744102478e-02 
-6.3261562585830688e-01 -6.8560802936553955e-01 3.6020910739898682e-01 3.7988752592355013e-03 
5.9278213977813721e-01 -7.2795701026916504e-01 -3.4450185298919678e-01 1.4910353347659111e-02 
0.0000000000000000e+00 0.0000000000000000e+00 0.0000000000000000e+00 1.0000000000000000e+00 
Art-counter/0044.pcd
6.9884940981864929e-02 8.0724811553955078e-01 5.8608078956604004e-01 -4.6522099524736404e-02 
-8.4204357862472534e-01 3.6274042725563049e-01 -3.9922416210174561e-01 2.5464803911745548e-04 
-5.3485965728759766e-01 -4.6559634804725647e-01 7.0508819818496704e-01 1.0563241317868233e-02 
0.0000000000000000e+00 0.0000000000000000e+00 0.0000000000000000e+00 1.0000000000000000e+00 
Art-counter/0045.pcd
7.8790378570556641e-01 -6.0137599706649780e-01 -1.3238431513309479e-01 -4.4216193258762360e-02 
4.3418461084365845e-01 6.9500941038131714e-01 -5.7307171821594238e-01 4.4573522172868252e-03 
4.3665146827697754e-01 3.9405772089958191e-01 8.0872792005538940e-01 1.0975349694490433e-02 
0.0000000000000000e+00 0.0000000000000000e+00 0.0000000000000000e+00 1.0000000000000000e+00 
Art-counter/0046.pcd
2.0591537654399872e-01 2.6180708408355713e-01 -9.4290238618850708e-01 -6.8056769669055939e-02 
9.0893644094467163e-01 -4.0815490484237671e-01 8.5168525576591492e-02 -3.4536120947450399e-03 
-3.6255371570587158e-01 -8.7457400560379028e-01 -3.2201036810874939e-01 1.3819509185850620e-02 
0.0000000000000000e+00 0.0000000000000000e+00 0.0000000000000000e+00 1.0000000000000000e+00 
Art-counter/0047.pcd
-3.3987972885370255e-02 -8.5858589410781860e-01 -5.1154315471649170e-01 6.4137935638427734e-02 
7.9532253742218018e-01 2.8671425580978394e-01 -5.3406667709350586e-01 -4.6693780459463596e-03 
6.0521155595779419e-01 -4.2499786615371704e-01 6.7310911417007446e-01 -2.0470872521400452e-02 
0.0000000000000000e+00 0.0000000000000000e+00 0.0000000000000000e+00 1.0000000000000000e+00 
Art-counter/0048.pcd
9.4062250852584839e-01 2.8646466135978699e-01 -1.8214756250381470e-01 6.6362634301185608e-02 
3.3921417593955994e-01 -7.7234935760498047e-01 5.3704464435577393e-01 -4.3467633076943457e-04 
1.3163834810256958e-02 -5.6693494319915771e-01 -8.2365274429321289e-01 -2.1627740934491158e-02 
0.0000000000000000e+00 0.0000000000000000e+00 0.0000000000000000e+00 1.0000000000000000e+00 
Art-counter/0049.pcd
1.8944032490253448e-01 4.6549744904041290e-02 9.8078966140747070e-01 6.4479209482669830e-02 
-8.2432520389556885e-01 -5.3517872095108032e-01 1.8461921811103821e-01 -3.1613935716450214e-03 
5.3348571062088013e-01 -8.4345179796218872e-01 -6.3010387122631073e-02 -1.7849316820502281e-02 
0.0000000000000000e+00 0.0000000000000000e+00 0.0000000000000000e+00 1.0000000000000000e+00 
Art-counter/0050.pcd
2.4912022054195404e-01 8.3044254779815674e-01 4.9832335114479065e-01 5.7585164904594421e-02 
-7.5335806608200073e-01 4.8952075839042664e-01 -4.3915295600891113e-01 -4.6419366262853146e-03 
-6.0860651731491089e-01 -2.6600468158721924e-01 7.4754762649536133e-01 -1.8020493909716606e-02 
0.0000000000000000e+00 0.0000000000000000e+00 0.0000000000000000e+00 1.0000000000000000e+00 
Art-counter/0051.pcd
4.6305224299430847e-01 -8.4063673019409180e-01 -2.8091612458229065e-01 6.9364130496978760e-02 
6.2512445449829102e-01 5.3443509340286255e-01 -5.6885784864425659e-01 -7.9500218853354454e-03 
6.2833470106124878e-01 8.7802074849605560e-02 7.7297449111938477e-01 -1.5308915637433529e-02 
0.0000000000000000e+00 0.0000000000000000e+00 0.0000000000000000e+00 1.0000000000000000e+00 
Art-counter/0052.pcd
2.5619846582412720e-01 8.2975232601165771e-01 4.9584105610847473e-01 2.2190805524587631e-02 
-7.4989163875579834e-01 4.9429965019226074e-01 -4.3970420956611633e-01 -1.2326818890869617e-02 
-6.0993283987045288e-01 -2.5917154550552368e-01 7.4885904788970947e-01 -1.4158038422465324e-02 
0.0000000000000000e+00 0.0000000000000000e+00 0.0000000000000000e+00 1.0000000000000000e+00 
Art-counter/0053.pcd
9.9193871021270752e-01 -1.2202545255422592e-01 3.4257747232913971e-02 4.9695100635290146e-02 
1.2009999901056290e-01 8.1861388683319092e-01 -5.6164664030075073e-01 -3.5721787717193365e-03 
4.0492366999387741e-02 5.6123363971710205e-01 8.2667219638824463e-01 -1.3867369852960110e-02 
0.0000000000000000e+00 0.0000000000000000e+00 0.0000000000000000e+00 1.0000000000000000e+00 
Art-counter/0054.pcd
9.3529909849166870e-01 3.1059965491294861e-01 1.6956228017807007e-01 4.7584816813468933e-02 
-1.7511157691478729e-01 8.2262003421783447e-01 -5.4094958305358887e-01 8.4463078528642654e-03 
-3.0749458074569702e-01 4.7625163197517395e-01 8.2377994060516357e-01 -1.1874832212924957e-02 
0.0000000000000000e+00 0.0000000000000000e+00 0.0000000000000000e+00 1.0000000000000000e+00 
Art-counter/0055.pcd
9.3604606389999390e-01 3.0845379829406738e-01 1.6934964060783386e-01 2.4749021977186203e-02 
-1.7436008155345917e-01 8.2460039854049683e-01 -5.3818565607070923e-01 8.1760929897427559e-03 
-3.0564573407173157e-01 4.7423496842384338e-01 8.2563996315002441e-01 -4.8878481611609459e-03 
0.0000000000000000e+00 0.0000000000000000e+00 0.0000000000000000e+00 1.0000000000000000e+00 
Art-counter/0056.pcd
1.6580943763256073e-01 2.4466772377490997e-01 -9.5534479618072510e-01 2.9346255585551262e-02 
9.1982156038284302e-01 -3.8770300149917603e-01 6.0351382941007614e-02 1.2855506502091885e-02 
-3.5561075806617737e-01 -8.8871324062347412e-01 -2.8933107852935791e-01 -6.6246800124645233e-03 
0.0000000000000000e+00 0.0000000000000000e+00 0.0000000000000000e+00 1.0000000000000000e+00 
Art-counter/0057.pcd
9.7898721694946289e-02 -8.9153677225112915e-01 -4.4224065542221069e-01 -5.4745953530073166e-02 
7.5496470928192139e-01 3.5606083273887634e-01 -5.5067664384841919e-01 9.5724072307348251e-03 
6.4841091632843018e-01 -2.7996742725372314e-01 7.0793437957763672e-01 1.6768539324402809e-02 
0.0000000000000000e+00 0.0000000000000000e+00 0.0000000000000000e+00 1.0000000000000000e+00 
Art-counter/0058.pcd
4.3913269042968750e-01 -8.5020989179611206e-01 -2.9037094116210938e-01 -5.0466366112232208e-02 
6.3642728328704834e-01 5.2250057458877563e-01 -5.6740969419479370e-01 -2.1463581360876560e-03 
6.3413453102111816e-01 6.4363963901996613e-02 7.7054089307785034e-01 4.1496576741337776e-03 
0.0000000000000000e+00 0.0000000000000000e+00 0.0000000000000000e+00 1.0000000000000000e+00 
Art-counter/0059.pcd
6.1918884515762329e-01 -7.5585931539535522e-01 -2.1284222602844238e-01 -5.4325796663761139e-02 
5.4813963174819946e-01 6.1012631654739380e-01 -5.7210785150527954e-01 1.3042617356404662e-03 
5.6228852272033691e-01 2.3756873607635498e-01 7.9209244251251221e-01 4.3147290125489235e-03 
0.0000000000000000e+00 0.0000000000000000e+00 0.0000000000000000e+00 1.0000000000000000e+00 
Art-counter/0060.pcd
-5.1541045308113098e-02 -8.5202729701995850e-01 -5.2094948291778564e-01 -6.0807146131992340e-02 
7.9919230937957764e-01 2.7761197090148926e-01 -5.3311169147491455e-01 1.7438875511288643e-02 
5.9885358810424805e-01 -4.4381996989250183e-01 6.6663116216659546e-01 1.4816856011748314e-02 
0.0000000000000000e+00 0.0000000000000000e+00 0.0000000000000000e+00 1.0000000000000000e+00 
Art-counter/0061.pcd
9.5525056123733521e-01 -2.9507821798324585e-01 -2.0932901650667191e-02 6.4784452319145203e-02 
2.3179394006729126e-01 7.9059123992919922e-01 -5.6678330898284912e-01 1.1850613169372082e-02 
1.8379352986812592e-01 5.3655862808227539e-01 8.2359999418258667e-01 -1.3599068857729435e-02 
0.0000000000000000e+00 0.0000000000000000e+00 0.0000000000000000e+00 1.0000000000000000e+00 
Art-counter/0062.pcd
9.9349921941757202e-01 6.7116804420948029e-02 9.1952845454216003e-02 1.7392490059137344e-02 
-5.1399264484643936e-03 8.3334326744079590e-01 -5.5272865295410156e-01 1.8199121579527855e-02 
-1.1372642219066620e-01 5.4866462945938110e-01 8.2827305793762207e-01 -3.8404844235628843e-03 
0.0000000000000000e+00 0.0000000000000000e+00 0.0000000000000000e+00 1.0000000000000000e+00 
Art-counter/0063.pcd
9.1968709230422974e-01 -3.8914394378662109e-01 -5.2338216453790665e-02 2.5277532637119293e-02 
2.9275995492935181e-01 7.6843059062957764e-01 -5.6903481483459473e-01 1.2731662951409817e-02 
2.6165580749511719e-01 5.0801372528076172e-01 8.2064443826675415e-01 -2.9343762435019016e-03 
0.0000000000000000e+00 0.0000000000000000e+00 0.0000000000000000e+00 1.0000000000000000e+00 
Art-counter/0064.pcd
6.5132474899291992e-01 7.4329474009573460e-03 7.5876820087432861e-01 4.4126920402050018e-02 
-5.0219285488128662e-01 -7.4540239572525024e-01 4.3838351964950562e-01 1.6397541388869286e-02 
5.6884330511093140e-01 -6.6657483577728271e-01 -4.8176425695419312e-01 -7.0122331380844116e-03 
0.0000000000000000e+00 0.0000000000000000e+00 0.0000000000000000e+00 1.0000000000000000e+00 
Art-counter/0065.pcd
2.7774780988693237e-01 -8.9002948999404907e-01 -3.6153033375740051e-01 6.0502994805574417e-02 
6.9833105802536011e-01 4.4549337029457092e-01 -5.6023550033569336e-01 2.5698419660329819e-02 
6.5968799591064453e-01 -9.6863269805908203e-02 7.4527233839035034e-01 -9.0434718877077103e-03 
0.0000000000000000e+00 0.0000000000000000e+00 0.0000000000000000e+00 1.0000000000000000e+00 
Art-counter/0066.pcd
9.3317306041717529e-01 3.1635206937789917e-01 1.7063830792903900e-01 7.1128353476524353e-02 
-1.8019014596939087e-01 8.2250994443893433e-01 -5.3946387767791748e-01 2.6548126712441444e-02 
-3.1100761890411377e-01 4.7266113758087158e-01 8.2454138994216919e-01 -1.7476875334978104e-02 
0.0000000000000000e+00 0.0000000000000000e+00 0.0000000000000000e+00 1.0000000000000000e+00 
Art-counter/0067.pcd
8.3853119611740112e-01 4.9202975630760193e-01 2.3404367268085480e-01 7.1979783475399017e-02 
-3.1627887487411499e-01 7.8932893276214600e-01 -5.2624201774597168e-01 3.0805110931396484e-02 
-4.4366249442100525e-01 3.6724585294723511e-01 8.1749272346496582e-01 -1.0854970663785934e-02 
0.0000000000000000e+00 0.0000000000000000e+00 0.0000000000000000e+00 1.0000000000000000e+00 
Art-counter/0068.pcd
9.9568027257919312e-01 4.1200976818799973e-02 8.3201237022876740e-02 4.5116163790225983e-02 
1.1875133030116558e-02 8.3226764202117920e-01 -5.5424666404724121e-01 4.0183912962675095e-02 
-9.2081628739833832e-02 5.5284070968627930e-01 8.2818347215652466e-01 -5.0678495317697525e-03 
0.0000000000000000e+00 0.0000000000000000e+00 0.0000000000000000e+00 1.0000000000000000e+00 
Art-counter/0069.pcd
7.5002402067184448e-01 5.9923124313354492e-01 2.7998283505439758e-01 4.7220874577760696e-02 
-4.0948325395584106e-01 7.5311577320098877e-01 -5.1491725444793701e-01 4.4139940291643143e-02 
-5.1941519975662231e-01 2.7155193686485291e-01 8.1023079156875610e-01 -2.5813032407313585e-03 
0.0000000000000000e+00 0.0000000000000000e+00 0.0000000000000000e+00 1.0000000000000000e+00 
Art-counter/0070.pcd
7.9969483613967896e-01 -5.8633780479431152e-01 -1.2923495471477509e-01 9.2372922226786613e-03 
4.2549777030944824e-01 7.0529323816299438e-01 -5.6701922416687012e-01 2.1537546068429947e-02 
4.2454242706298828e-01 3.9777666330337524e-01 8.1334668397903442e-01 -9.4373561441898346e-03 
0.0000000000000000e+00 0.0000000000000000e+00 0.0000000000000000e+00 1.0000000000000000e+00 
Art-counter/0071.pcd
1.6105805337429047e-01 -8.9405727386474609e-01 -4.1800239682197571e-01 7.9262658255174756e-04 
7.3902845382690430e-01 3.8996344804763794e-01 -5.4933506250381470e-01 2.7448002249002457e-02 
6.5414369106292725e-01 -2.2046573460102081e-01 7.2352534532546997e-01 -3.7549841217696667e-03 
0.0000000000000000e+00 0.0000000000000000e+00 0.0000000000000000e+00 1.0000000000000000e+00 
Art-counter/0072.pcd
9.6315228939056396e-01 2.5682288408279419e-01 -8.0015972256660461e-02 3.4762937575578690e-02 
2.5708189606666565e-01 -7.9126006364822388e-01 5.5481511354446411e-01 3.4714631736278534e-02 
7.4135363101959229e-02 -5.5626356601715088e-01 -8.2768231630325317e-01 6.0086990706622601e-03 
0.0000000000000000e+00 0.0000000000000000e+00 0.0000000000000000e+00 1.0000000000000000e+00 
Art-counter/0073.pcd
5.6206095218658447e-01 -7.8997308015823364e-01 -2.4505974352359772e-01 2.6781106367707253e-02 
5.7445466518402100e-01 5.8600187301635742e-01 -5.7151073217391968e-01 4.5247118920087814e-02 
5.9318232536315918e-01 1.8310077488422394e-01 7.8396761417388916e-01 5.1931347697973251e-03 
0.0000000000000000e+00 0.0000000000000000e+00 0.0000000000000000e+00 1.0000000000000000e+00 
Art-counter/0074.pcd
9.9229675531387329e-01 -1.2044580280780792e-01 2.9734820127487183e-02 9.5248492434620857e-03 
1.1616801470518112e-01 8.1794208288192749e-01 -5.6349319219589233e-01 5.6282784789800644e-02 
4.3663330376148224e-02 5.6255966424942017e-01 8.2559412717819214e-01 4.5755566097795963e-03 
0.0000000000000000e+00 0.0000000000000000e+00 0.0000000000000000e+00 1.0000000000000000e+00 
Art-counter/0075.pcd
9.9728608131408691e-01 -5.5208340287208557e-02 4.8821616917848587e-02 3.5448003560304642e-02 
7.3114417493343353e-02 8.2462388277053833e-01 -5.6095969676971436e-01 6.4157582819461823e-02 
-1.0314141400158405e-02 5.6305915117263794e-01 8.2636076211929321e-01 6.5437024459242821e-03 
0.0000000000000000e+00 0.0000000000000000e+00 0.0000000000000000e+00 1.0000000000000000e+00 
Art-counter/0076.pcd
9.1249614953994751e-02 8.2042634487152100e-01 5.6450110673904419e-01 8.4925860166549683e-02 
-8.3053040504455566e-01 3.7549799680709839e-01 -4.1144314408302307e-01 7.4164941906929016e-02 
-5.5014675855636597e-01 -4.3802547454833984e-01 7.1093553304672241e-01 5.4775937460362911e-03 
0.0000000000000000e+00 0.0000000000000000e+00 0.0000000000000000e+00 1.0000000000000000e+00 
Art-counter/0077.pcd
9.5915979146957397e-01 -2.8196686506271362e-01 -2.2580696269869804e-02 3.2223999500274658e-02 
2.2002665698528290e-01 7.9385793209075928e-01 -5.6690514087677002e-01 7.7365815639495850e-02 
1.7750523984432220e-01 5.3886210918426514e-01 8.2348001003265381e-01 2.9425786342471838e-03 
0.0000000000000000e+00 0.0000000000000000e+00 0.0000000000000000e+00 1.0000000000000000e+00 
Art-counter/0078.pcd
1.1443849653005600e-01 -8.8947081565856934e-01 -4.4247460365295410e-01 8.3151701837778091e-03 
7.5460547208786011e-01 3.6750736832618713e-01 -5.4361552000045776e-01 7.6451368629932404e-02 
6.4655363559722900e-01 -2.7522173523902893e-01 7.1147155761718750e-01 -5.7140304706990719e-03 
0.0000000000000000e+00 0.0000000000000000e+00 0.0000000000000000e+00 1.0000000000000000e+00 
Art-counter/0079.pcd
-1.2165457010269165e-01 7.0614534616470337e-01 6.9754320383071899e-01 2.7686942368745804e-02 
-9.2342871427536011e-01 1.7718440294265747e-01 -3.4041965007781982e-01 7.7099896967411041e-02 
-3.6406123638153076e-01 -6.8508476018905640e-01 6.3096249103546143e-01 1.2621372006833553e-03 
0.0000000000000000e+00 0.0000000000000000e+00 0.0000000000000000e+00 1.0000000000000000e+00 
Art-counter/0080.pcd
3.9512547850608826e-01 -8.6260992288589478e-01 -3.1597721576690674e-01 -6.3097262755036354e-03 
6.5425032377243042e-01 5.0567972660064697e-01 -5.6236803531646729e-01 8.4417641162872314e-02 
6.4780998229980469e-01 9.0635064989328384e-03 7.6171410083770752e-01 -2.4137911386787891e-03 
0.0000000000000000e+00 0.0000000000000000e+00 0.0000000000000000e+00 1.0000000000000000e+00 
Art-counter/0081.pcd
5.9285980463027954e-01 3.5188528895378113e-01 -7.2436261177062988e-01 3.8275368511676788e-02 
7.4161517620086670e-01 -5.8918857574462891e-01 3.2075753808021545e-01 9.3253381550312042e-02 
-3.1351515650749207e-01 -7.2713100910186768e-01 -6.1074614524841309e-01 2.2350053768604994e-04 
0.0000000000000000e+00 0.0000000000000000e+00 0.0000000000000000e+00 1.0000000000000000e+00 
Art-counter/0082.pcd
6.9254219532012939e-01 -6.9567787647247314e-01 -1.9085571169853210e-01 5.8799374848604202e-02 
4.9990594387054443e-01 6.5357017517089844e-01 -5.6827938556671143e-01 9.8234884440898895e-02 
5.1805150508880615e-01 3.0020320415496826e-01 8.0094021558761597e-01 -1.8782913684844971e-03 
0.0000000000000000e+00 0.0000000000000000e+00 0.0000000000000000e+00 1.0000000000000000e+00 
Art-counter/0083.pcd
9.9242705106735229e-01 8.6416505277156830e-02 8.7319657206535339e-02 5.5098544806241989e-02 
-2.3700485005974770e-02 8.3209657669067383e-01 -5.5411028861999512e-01 1.0771483927965164e-01 
-1.2482162564992905e-01 5.4747784137725830e-01 8.2745325565338135e-01 3.7757600657641888e-03 
0.0000000000000000e+00 0.0000000000000000e+00 0.0000000000000000e+00 1.0000000000000000e+00 
Art-counter/0084.pcd
8.4857851266860962e-01 4.7946766018867493e-01 2.2370177507400513e-01 2.7638118714094162e-02 
-3.0688914656639099e-01 7.9045623540878296e-01 -5.3007656335830688e-01 1.2460456788539886e-01 
-4.2993453145027161e-01 3.8175350427627563e-01 8.1819379329681396e-01 1.0419863276183605e-02 
0.0000000000000000e+00 0.0000000000000000e+00 0.0000000000000000e+00 1.0000000000000000e+00 
Art-counter/0085.pcd
8.7242084741592407e-01 4.4209146499633789e-01 2.0840546488761902e-01 4.1068386286497116e-02 
-2.7802449464797974e-01 7.9958868026733398e-01 -5.3231722116470337e-01 1.2052246183156967e-01 
-4.0291801095008850e-01 4.0598815679550171e-01 8.2026636600494385e-01 5.2155465818941593e-03 
0.0000000000000000e+00 0.0000000000000000e+00 0.0000000000000000e+00 1.0000000000000000e+00 
Art-counter/0086.pcd
9.9383044242858887e-01 7.0832587778568268e-02 8.5350818932056427e-02 3.9750937372446060e-02 
-1.1689567938446999e-02 8.3212929964065552e-01 -5.5446177721023560e-01 1.1597532778978348e-01 
-1.1241454631090164e-01 5.4989963769912720e-01 8.2763123512268066e-01 2.7926214970648289e-03 
0.0000000000000000e+00 0.0000000000000000e+00 0.0000000000000000e+00 1.0000000000000000e+00 
Art-counter/0087.pcd
3.1762537360191345e-01 -8.8107997179031372e-01 -3.5045480728149414e-01 4.0198579430580139e-02 
6.8036049604415894e-01 4.6920275688171387e-01 -5.6299853324890137e-01 1.3115856051445007e-01 
6.6047722101211548e-01 -5.9612352401018143e-02 7.4847859144210815e-01 8.4059322252869606e-03 
0.0000000000000000e+00 0.0000000000000000e+00 0.0000000000000000e+00 1.0000000000000000e+00 
Art-counter/0088.pcd
-2.1792173385620117e-01 4.6329939365386963e-01 8.5899418592453003e-01 5.3434915840625763e-02 
-9.7557431459426880e-01 -7.8747838735580444e-02 -2.0501358807086945e-01 1.3964183628559113e-01 
-2.6664039120078087e-02 -8.8414776325225830e-01 4.6643075346946716e-01 9.1064181178808212e-03 
0.0000000000000000e+00 0.0000000000000000e+00 0.0000000000000000e+00 1.0000000000000000e+00 
Art-counter/0089.pcd
8.5381442308425903e-01 -5.1021897792816162e-01 -1.0333617776632309e-01 3.3414524048566818e-02 
3.7097910046577454e-01 7.3562335968017578e-01 -5.6675487756729126e-01 1.4399896562099457e-01 
3.6265358328819275e-01 4.4709041714668274e-01 8.1767249107360840e-01 -3.1560664065182209e-03 
0.0000000000000000e+00 0.0000000000000000e+00 0.0000000000000000e+00 1.0000000000000000e+00 
Art-counter/0090.pcd
-3.3274787664413452e-01 -2.8938490152359009e-01 -8.9751625061035156e-01 3.1576596200466156e-02 
9.4226700067520142e-01 -6.4099520444869995e-02 -3.2867151498794556e-01 1.4550442993640900e-01 
3.7582464516162872e-02 -9.5506596565246582e-01 2.9400774836540222e-01 -1.0386063950136304e-03 
0.0000000000000000e+00 0.0000000000000000e+00 0.0000000000000000e+00 1.0000000000000000e+00 
Art-counter/0091.pcd
6.6500902175903320e-01 6.7558693885803223e-01 3.1836000084877014e-01 1.6931207850575447e-02 
-4.8251360654830933e-01 7.1400547027587891e-01 -5.0731998682022095e-01 1.7730006575584412e-01 
-5.6745719909667969e-01 1.8641896545886993e-01 8.0204701423645020e-01 1.2809930369257927e-02 
0.0000000000000000e+00 0.0000000000000000e+00 0.0000000000000000e+00 1.0000000000000000e+00 
Art-counter/0092.pcd
3.0420687794685364e-01 8.3014637231826782e-01 4.6726053953170776e-01 4.3801411986351013e-02 
-7.2762793302536011e-01 5.1905757188796997e-01 -4.4849252700805664e-01 1.6450366377830505e-01 
-6.1561703681945801e-01 -2.0565381646156311e-01 7.6073795557022095e-01 9.0362224727869034e-03 
0.0000000000000000e+00 0.0000000000000000e+00 0.0000000000000000e+00 1.0000000000000000e+00 
Art-counter/0093.pcd
1.9706983864307404e-01 -8.9521467685699463e-01 -3.9968964457511902e-01 1.8046785145998001e-02 
7.2684484720230103e-01 4.0699189901351929e-01 -5.5319607257843018e-01 1.6157634556293488e-01 
6.5816521644592285e-01 -1.8266251683235168e-01 7.3038154840469360e-01 2.7145992498844862e-03 
0.0000000000000000e+00 0.0000000000000000e+00 0.0000000000000000e+00 1.0000000000000000e+00 
Art-counter/0094.pcd
-2.1426637470722198e-01 4.3112748861312866e-01 8.7648516893386841e-01 5.9448141604661942e-02 
-9.7672086954116821e-01 -1.0482890158891678e-01 -1.8719722330570221e-01 1.6065335273742676e-01 
1.1484572663903236e-02 -8.9681559801101685e-01 4.4225519895553589e-01 1.3392524793744087e-02 
0.0000000000000000e+00 0.0000000000000000e+00 0.0000000000000000e+00 1.0000000000000000e+00 
Art-counter/0095.pcd
5.6292349100112915e-01 -7.9005128145217896e-01 -2.4275475740432739e-01 8.6724296212196350e-02 
5.7751780748367310e-01 5.8611297607421875e-01 -5.6828814744949341e-01 1.6362896561622620e-01 
5.8954346179962158e-01 1.8204781413078308e-01 7.8696238994598389e-01 7.6956152915954590e-03 
0.0000000000000000e+00 0.0000000000000000e+00 0.0000000000000000e+00 1.0000000000000000e+00 
Art-counter/0096.pcd
-2.1136806905269623e-01 -7.4249905347824097e-01 -6.3561415672302246e-01 6.2824025750160217e-02 
8.5376596450805664e-01 1.7632947862148285e-01 -4.8986062407493591e-01 1.6152393817901611e-01 
4.7665712237358093e-01 -6.4320689439773560e-01 5.9923475980758667e-01 5.0902538932859898e-03 
0.0000000000000000e+00 0.0000000000000000e+00 0.0000000000000000e+00 1.0000000000000000e+00 
Art-counter/0097.pcd
3.6928093433380127e-01 8.1858485937118530e-01 4.3995010852813721e-01 3.5442788153886795e-02 
-6.8260312080383301e-01 5.6018799543380737e-01 -4.6931913495063782e-01 1.5427710115909576e-01 
-6.3161551952362061e-01 -1.2915338575839996e-01 7.6446294784545898e-01 1.4447657391428947e-02 
0.0000000000000000e+00 0.0000000000000000e+00 0.0000000000000000e+00 1.0000000000000000e+00 
Art-counter/0098.pcd
1.8162320554256439e-01 8.3549851179122925e-01 5.1863366365432739e-01 8.5933305323123932e-02 
-7.8905111551284790e-01 4.3854174017906189e-01 -4.3020245432853699e-01 1.5208446979522705e-01 
-5.8869779109954834e-01 -3.4029906988143921e-01 7.3320317268371582e-01 1.2744961306452751e-02 
0.0000000000000000e+00 0.0000000000000000e+00 0.0000000000000000e+00 1.0000000000000000e+00 
Art-counter/0099.pcd
3.6506912112236023e-01 -8.7151914834976196e-01 -3.2736960053443909e-01 4.0633164346218109e-02 
6.6828608512878418e-01 4.9013665318489075e-01 -5.5958998203277588e-01 1.6878323256969452e-01 
6.4815729856491089e-01 -1.4487452805042267e-02 7.6136720180511475e-01 9.0150837786495686e-04 
0.0000000000000000e+00 0.0000000000000000e+00 0.0000000000000000e+00 1.0000000000000000e+00 
Art-counter/0100.pcd
-5.4942965507507324e-02 1.6616009175777435e-01 9.8456948995590210e-01 4.3451669625937939e-04 
-9.3189078569412231e-01 -3.6257877945899963e-01 9.1665135696530342e-03 1.5291646122932434e-01 
