Art-clockwise-fast/0000.pcd
-8.9297115802764893e-01 4.5011389255523682e-01 0.0000000000000000e+00 0.0000000000000000e+00 
-4.5011389255523682e-01 -8.9297115802764893e-01 -0.0000000000000000e+00 0.0000000000000000e+00 
-0.0000000000000000e+00 0.0000000000000000e+00 1.0000000000000000e+00 0.0000000000000000e+00 
0.0000000000000000e+00 0.0000000000000000e+00 0.0000000000000000e+00 1.0000000000000000e+00 
Art-clockwise-fast/0001.pcd
1.0000256299972534e+00 1.0098411621584091e-05 3.3690992277115583e-03 -4.7398667084053159e-04 
-1.0973672942782287e-05 1.0000132322311401e+00 1.3273723197926302e-05 5.9129099099664018e-05 
5.3646344895241782e-05 -1.0683575965231284e-05 1.0000091791152954e+00 -1.8705795810092241e-04 
0.0000000000000000e+00 0.0000000000000000e+00 0.0000000000000000e+00 1.0000000000000000e+00 
Art-clockwise-fast/0002.pcd
1.0000151395797729e+00 -4.0862155401555356e-06 -2.3640708532184362e-03 3.5447953268885612e-03 
3.8239190871536266e-06 1.0000104904174805e+00 7.1137917984742671e-05 4.9550162657396868e-05 
-4.9030866648536175e-05 -7.0197747845668346e-05 9.9999928474426270e-01 -3.3957840059883893e-04 
0.0000000000000000e+00 0.0000000000000000e+00 0.0000000000000000e+00 1.0000000000000000e+00 
Art-clockwise-fast/0003.pcd
1.0000088214874268e+00 -2.0146630413364619e-04 8.8604325428605080e-03 -4.7467194497585297e-02 
2.0226885681040585e-04 1.0000061988830566e+00 -4.1035949834622443e-05 4.1255955584347248e-03 
1.2557712616398931e-03 4.0280458051711321e-05 9.9996709823608398e-01 -6.5004639327526093e-03 
0.0000000000000000e+00 0.0000000000000000e+00 0.0000000000000000e+00 1.0000000000000000e+00 
Art-clockwise-fast/0004.pcd
9.9999147653579712e-01 -3.4800814319169149e-05 2.5886334478855133e-03 -1.0945176705718040e-02 
3.6275087040849030e-05 9.9999845027923584e-01 1.1971916683251038e-04 5.4146815091371536e-04 
1.5730337472632527e-03 -1.1211656237719581e-04 9.9999439716339111e-01 -1.5940589364618063e-03 
0.0000000000000000e+00 0.0000000000000000e+00 0.0000000000000000e+00 1.0000000000000000e+00 
Art-clockwise-fast/0005.pcd
1.0000021457672119e+00 9.2681570095010102e-05 6.4390682382509112e-04 1.3415788998827338e-03 
-9.4001887191552669e-05 1.0000076293945312e+00 1.4641418238170445e-04 -2.1463050507009029e-04 
2.7804023120552301e-03 -1.4688992814626545e-04 1.0000034570693970e+00 -9.2871440574526787e-03 
0.0000000000000000e+00 0.0000000000000000e+00 0.0000000000000000e+00 1.0000000000000000e+00 
Art-clockwise-fast/0006.pcd
1.0000356435775757e+00 -5.8952569816028699e-05 -3.3533030655235052e-03 -6.0267238877713680e-03 
5.8318117226008326e-05 1.0000246763229370e+00 2.2719441403751262e-05 1.9309347408125177e-05 
-5.1474838983267546e-05 -1.7695570932119153e-05 1.0000046491622925e+00 2.0381210197228938e-04 
0.0000000000000000e+00 0.0000000000000000e+00 0.0000000000000000e+00 1.0000000000000000e+00 
Art-clockwise-fast/0007.pcd
1.0000112056732178e+00 -3.8936886994633824e-05 8.4845692617818713e-04 -7.7102403156459332e-03 
3.8429730921052396e-05 1.0000053644180298e+00 -4.3651816667988896e-05 7.2409311542287469e-05 
-6.4063633544719778e-06 4.6353750803973526e-05 9.9999862909317017e-01 7.2602281579747796e-04 
0.0000000000000000e+00 0.0000000000000000e+00 0.0000000000000000e+00 1.0000000000000000e+00 
Art-clockwise-fast/0008.pcd
9.9999707937240601e-01 -2.4089992803055793e-04 1.5609012916684151e-03 -1.1557637713849545e-02 
2.3993506329134107e-04 9.9999535083770752e-01 2.4671631399542093e-04 9.8956446163356304e-04 
-9.8910131782758981e-05 -2.5095962337218225e-04 9.9999982118606567e-01 -9.8677317146211863e-04 
0.0000000000000000e+00 0.0000000000000000e+00 0.0000000000000000e+00 1.0000000000000000e+00 
Art-clockwise-fast/0009.pcd
1.0000094175338745e+00 4.4465206883614883e-05 -1.5307773137465119e-03 4.6293451450765133e-03 
-4.4085772969992831e-05 1.0000071525573730e+00 5.9804213378811255e-05 -2.2602040553465486e-04 
1.5861637657508254e-03 -5.6912453146651387e-05 1.0000048875808716e+00 -1.2308495352044702e-03 
0.0000000000000000e+00 0.0000000000000000e+00 0.0000000000000000e+00 1.0000000000000000e+00 
Art-clockwise-fast/0010.pcd
9.9999898672103882e-01 4.0936025470728055e-05 -7.4854411650449038e-04 1.0444759391248226e-03 
-4.0643819374963641e-05 1.0000017881393433e+00 4.4602242269320413e-05 -1.6889818652998656e-04 
1.6274042427539825e-03 -4.2688898247433826e-05 9.9999904632568359e-01 -9.5664901891723275e-04 
0.0000000000000000e+00 0.0000000000000000e+00 0.0000000000000000e+00 1.0000000000000000e+00 
Art-clockwise-fast/0011.pcd
9.9998468160629272e-01 6.0782451328122988e-05 2.1272604353725910e-03 1.8524564802646637e-03 
-6.0010239394614473e-05 9.9998557567596436e-01 -8.7268736024270765e-06 -1.1473584163468331e-04 
1.1137832188978791e-04 4.4099792830820661e-06 9.9999690055847168e-01 1.7836896586231887e-04 
0.0000000000000000e+00 0.0000000000000000e+00 0.0000000000000000e+00 1.0000000000000000e+00 
Art-clockwise-fast/0012.pcd
1.0000253915786743e+00 -2.4804993881843984e-04 3.2366043888032436e-03 -1.8914075568318367e-02 
2.4743669200688601e-04 1.0000262260437012e+00 1.2872590741608292e-04 2.7024331502616405e-03 
1.2788680614903569e-03 -1.1635340342763811e-04 9.9999785423278809e-01 -4.8600905574858189e-03 
0.0000000000000000e+00 0.0000000000000000e+00 0.0000000000000000e+00 1.0000000000000000e+00 
Art-clockwise-fast/0013.pcd
1.0000166893005371e+00 1.1671406355162617e-05 1.3672976638190448e-04 9.9147576838731766e-04 
-1.3214063073974103e-05 9.9999970197677612e-01 -1.3352684618439525e-05 -1.2243657465660363e-06 
2.3350306946667843e-05 1.1328058462822810e-05 1.0000157356262207e+00 7.4128642154391855e-05 
0.0000000000000000e+00 0.0000000000000000e+00 0.0000000000000000e+00 1.0000000000000000e+00 
Art-clockwise-fast/0014.pcd
1.0000113248825073e+00 1.1137859701193520e-06 -8.6050443351268768e-03 4.8510920256376266e-02 
-2.5493250177532900e-06 1.0000045299530029e+00 8.7920861915335990e-06 -1.4421877858694643e-04 
-2.4444303562631831e-05 7.2477996582165360e-06 9.9996531009674072e-01 5.4338894551619887e-04 
0.0000000000000000e+00 0.0000000000000000e+00 0.0000000000000000e+00 1.0000000000000000e+00 
Art-clockwise-fast/0015.pcd
1.0000169277191162e+00 -2.7377562219044194e-05 5.8466587215662003e-03 -1.1881606187671423e-03 
2.7258376576355658e-05 1.0000150203704834e+00 -1.7543026478961110e-04 4.4805198558606207e-04 
1.2616964522749186e-03 1.8052675295621157e-04 9.9998110532760620e-01 -3.6852657794952393e-03 
0.0000000000000000e+00 0.0000000000000000e+00 0.0000000000000000e+00 1.0000000000000000e+00 
Art-clockwise-fast/0016.pcd
1.0000169277191162e+00 -6.9840782089158893e-05 9.2403939925134182e-04 -9.6005741506814957e-03 
7.0308975409716368e-05 1.0000110864639282e+00 -2.3516742658102885e-05 1.0969336290145293e-04 
-3.2589210604783148e-05 2.8416516215656884e-05 1.0000003576278687e+00 5.2030954975634813e-04 
0.0000000000000000e+00 0.0000000000000000e+00 0.0000000000000000e+00 1.0000000000000000e+00 
Art-clockwise-fast/0017.pcd
1.0000023841857910e+00 2.6997068198397756e-04 -4.7607133165001869e-03 8.0850347876548767e-03 
-2.6955886278301477e-04 9.9999880790710449e-01 -3.5780004691332579e-04 -8.8284612866118550e-04 
9.6968440630007535e-05 3.5987899173051119e-04 9.9998879432678223e-01 1.2474493123590946e-03 
0.0000000000000000e+00 0.0000000000000000e+00 0.0000000000000000e+00 1.0000000000000000e+00 
Art-clockwise-fast/0018.pcd
1.0000116825103760e+00 5.9043202782049775e-05 -6.6147529287263751e-04 7.8099388629198074e-03 
-5.9083591622766107e-05 1.0000035762786865e+00 -3.7157719816605095e-06 -8.2164115156047046e-05 
3.7176720070419833e-05 1.2774762581102550e-06 1.0000054836273193e+00 -2.3995897208806127e-04 
0.0000000000000000e+00 0.0000000000000000e+00 0.0000000000000000e+00 1.0000000000000000e+00 
Art-clockwise-fast/0019.pcd
1.0000035762786865e+00 -1.7189621576108038e-04 4.6852771192789078e-03 -1.1791792698204517e-02 
1.7225794726982713e-04 1.0000053644180298e+00 1.0857064626179636e-04 1.9280896522104740e-03 
1.3268290786072612e-03 -1.0821577598107979e-04 9.9998348951339722e-01 -4.2235814034938812e-03 
0.0000000000000000e+00 0.0000000000000000e+00 0.0000000000000000e+00 1.0000000000000000e+00 
Art-clockwise-fast/0020.pcd
1.0000336170196533e+00 -8.5557776401401497e-06 -7.9950029030442238e-03 2.8686035424470901e-02 
7.3733590397750959e-06 1.0000225305557251e+00 4.1951949242502451e-04 -2.1280939690768719e-03 
-9.6224277513101697e-04 -4.1208311449736357e-04 9.9999266862869263e-01 3.4535765647888184e-02 
0.0000000000000000e+00 0.0000000000000000e+00 0.0000000000000000e+00 1.0000000000000000e+00 
Art-clockwise-fast/0021.pcd
9.9999690055847168e-01 1.5142290976655204e-05 7.4972063885070384e-05 1.6614237101748586e-03 
-1.4787717191211414e-05 1.0000038146972656e+00 2.4159413442248479e-05 -4.2306078285037074e-06 
1.8052565792459063e-05 -2.0967519958503544e-05 9.9999451637268066e-01 -4.1270226938650012e-04 
0.0000000000000000e+00 0.0000000000000000e+00 0.0000000000000000e+00 1.0000000000000000e+00 
Art-clockwise-fast/0022.pcd
1.0000059604644775e+00 4.0701877878746018e-05 2.6635171379894018e-03 2.6132606435567141e-03 
-4.1277748096035793e-05 1.0000032186508179e+00 -1.3620908248412888e-05 -1.6425932699348778e-05 
5.1514653023332357e-05 1.6959626009338535e-05 1.0000035762786865e+00 -6.1128906963858753e-05 
0.0000000000000000e+00 0.0000000000000000e+00 0.0000000000000000e+00 1.0000000000000000e+00 
Art-clockwise-fast/0023.pcd
9.9999177455902100e-01 1.0409321839688346e-04 1.8698127241805196e-03 3.7181798834353685e-03 
-1.0500381904421374e-04 9.9999040365219116e-01 -6.3873006729409099e-04 -7.4058072641491890e-04 
1.1074694339185953e-03 6.4532528631389141e-04 9.9999123811721802e-01 -3.9442423731088638e-03 
0.0000000000000000e+00 0.0000000000000000e+00 0.0000000000000000e+00 1.0000000000000000e+00 
Art-clockwise-fast/0024.pcd
1.0000120401382446e+00 1.8219415505882353e-04 -9.2606404796242714e-03 4.3477904051542282e-02 
-1.8276690389029682e-04 1.0000063180923462e+00 1.4390554497367702e-05 -3.8947148714214563e-03 
-1.2991265393793583e-03 -6.3617750129196793e-05 9.9997633695602417e-01 6.2690707854926586e-03 
0.0000000000000000e+00 0.0000000000000000e+00 0.0000000000000000e+00 1.0000000000000000e+00 
Art-clockwise-fast/0025.pcd
1.0000137090682983e+00 3.8891426811460406e-05 -2.1312525495886803e-03 1.0941362939774990e-02 
-3.8861726352479309e-05 1.0000101327896118e+00 -1.5727581921964884e-04 -6.1463832389563322e-04 
-1.5817787498235703e-03 1.6365342889912426e-04 1.0000015497207642e+00 2.1093087270855904e-03 
0.0000000000000000e+00 0.0000000000000000e+00 0.0000000000000000e+00 1.0000000000000000e+00 
Art-clockwise-fast/0026.pcd
1.0000058412551880e+00 -8.3658824223675765e-06 -2.7734104078263044e-03 2.5278860703110695e-03 
1.0147157809115015e-05 1.0000084638595581e+00 -1.7849927826318890e-04 -6.7719561047852039e-04 
-2.8227458242326975e-03 1.8723720859270543e-04 1.0000009536743164e+00 7.8467139974236488e-03 
0.0000000000000000e+00 0.0000000000000000e+00 0.0000000000000000e+00 1.0000000000000000e+00 
Art-clockwise-fast/0027.pcd
1.0000065565109253e+00 4.3808526243083179e-05 -2.1974236005917192e-04 4.3354553781682625e-05 
-4.4156815420137718e-05 1.0000045299530029e+00 9.7773518064059317e-05 -1.7962949641514570e-04 
1.6405464848503470e-03 -1.0005314834415913e-04 9.9999934434890747e-01 -1.8597581656649709e-03 
0.0000000000000000e+00 0.0000000000000000e+00 0.0000000000000000e+00 1.0000000000000000e+00 
Art-clockwise-fast/0028.pcd
1.0000126361846924e+00 9.9578115623444319e-04 9.9423266947269440e-03 -8.7030492722988129e-02 
-9.9648605100810528e-04 1.0000097751617432e+00 -3.7249151500873268e-04 -9.8670348525047302e-03 
8.7990384781733155e-04 3.7074790452606976e-04 9.9996256828308105e-01 -1.8587077036499977e-02 
0.0000000000000000e+00 0.0000000000000000e+00 0.0000000000000000e+00 1.0000000000000000e+00 
Art-clockwise-fast/0029.pcd
1.0000267028808594e+00 2.7408907772041857e-04 -7.6385070569813251e-03 6.1017703264951706e-03 
-2.7528381906449795e-04 1.0000070333480835e+00 -4.9133133143186569e-04 -1.2764731654897332e-03 
2.5026392904692329e-05 4.8831396270543337e-04 9.9998348951339722e-01 1.0755496332421899e-03 
0.0000000000000000e+00 0.0000000000000000e+00 0.0000000000000000e+00 1.0000000000000000e+00 
Art-clockwise-fast/0030.pcd
1.0000107288360596e+00 -5.7163448218489066e-05 -3.0799987143836915e-04 -4.5076478272676468e-03 
5.7692646805662662e-05 1.0000084638595581e+00 -1.6030840924941003e-05 1.2132226402172819e-04 
-1.0757015843410045e-04 1.3469774785335176e-05 1.0000089406967163e+00 9.8273339972365648e-05 
0.0000000000000000e+00 0.0000000000000000e+00 0.0000000000000000e+00 1.0000000000000000e+00 
Art-clockwise-fast/0031.pcd
1.0000109672546387e+00 -6.8942696088925004e-05 -3.5204973537474871e-03 -6.2872702255845070e-03 
6.8569737777579576e-05 9.9999588727951050e-01 1.5878382328082807e-05 1.1823750537587330e-04 
-4.9585636588744819e-05 -1.7964595826924779e-05 9.9999749660491943e-01 -2.8997700428590178e-04 
0.0000000000000000e+00 0.0000000000000000e+00 0.0000000000000000e+00 1.0000000000000000e+00 
Art-clockwise-fast/0032.pcd
1.0000163316726685e+00 -4.8231850087177008e-05 -3.7192872259765863e-03 -5.8638625778257847e-03 
4.6977696911199018e-05 1.0000030994415283e+00 4.8966080612444784e-06 -2.6935837013297714e-05 
-3.6361318052513525e-05 -4.9238724386668764e-06 9.9999988079071045e-01 3.0754858744330704e-04 
0.0000000000000000e+00 0.0000000000000000e+00 0.0000000000000000e+00 1.0000000000000000e+00 
Art-clockwise-fast/0033.pcd
1.0000174045562744e+00 -6.6935128415934741e-05 -2.4953342508524656e-03 -5.7929079048335552e-03 
6.6630280343815684e-05 1.0000072717666626e+00 -1.1114525113953277e-04 7.1636341090197675e-06 
-1.5287956921383739e-03 1.1387436825316399e-04 9.9999797344207764e-01 9.1553374659270048e-04 
0.0000000000000000e+00 0.0000000000000000e+00 0.0000000000000000e+00 1.0000000000000000e+00 
Art-clockwise-fast/0034.pcd
9.9999451637268066e-01 -6.6561195126269013e-05 -3.1213192269206047e-03 -5.5277538485825062e-03 
6.6435713961254805e-05 1.0000042915344238e+00 3.0499573767883703e-05 1.0617000953061506e-04 
-5.7656077842693776e-05 -2.2167472707224078e-05 1.0000011920928955e+00 -2.2301453282125294e-04 
0.0000000000000000e+00 0.0000000000000000e+00 0.0000000000000000e+00 1.0000000000000000e+00 
Art-clockwise-fast/0035.pcd
1.0000486373901367e+00 2.0787219909834675e-05 3.1943728681653738e-03 5.8641628129407763e-04 
-2.3734117348794825e-05 1.0000125169754028e+00 -1.7612794181331992e-05 1.6899773618206382e-04 
5.1797473133774474e-05 1.5126061043702066e-05 1.0000135898590088e+00 -7.0285917900037020e-05 
0.0000000000000000e+00 0.0000000000000000e+00 0.0000000000000000e+00 1.0000000000000000e+00 
Art-clockwise-fast/0036.pcd
1.0000247955322266e+00 3.4927139495266601e-05 1.2170572299510241e-03 -3.7689278542529792e-05 
-3.6286404792917892e-05 1.0000065565109253e+00 1.3856774785381276e-05 -7.0326830609701574e-05 
9.3151589680928737e-05 -1.0030765224655624e-05 9.9998885393142700e-01 -4.6697704237885773e-04 
0.0000000000000000e+00 0.0000000000000000e+00 0.0000000000000000e+00 1.0000000000000000e+00 
Art-clockwise-fast/0037.pcd
1.0000089406967163e+00 3.7800502468599007e-05 9.8492694087326527e-04 2.1619217295665294e-04 
-3.8207570469239727e-05 1.0000064373016357e+00 3.0793742098467192e-06 -9.5047529612202197e-05 
1.0854083666345105e-04 -6.6187926677230280e-06 1.0000000000000000e+00 1.3174963532947004e-04 
0.0000000000000000e+00 0.0000000000000000e+00 0.0000000000000000e+00 1.0000000000000000e+00 
Art-clockwise-fast/0038.pcd
1.0000013113021851e+00 1.3634189599542879e-05 4.9425754696130753e-03 2.2119088098406792e-03 
-1.3210142242314760e-05 1.0000042915344238e+00 9.0264009486418217e-05 1.8135982099920511e-04 
6.5264306613244116e-05 -9.9813805718440562e-05 9.9998897314071655e-01 -8.6077995365485549e-04 
0.0000000000000000e+00 0.0000000000000000e+00 0.0000000000000000e+00 1.0000000000000000e+00 
Art-clockwise-fast/0039.pcd
1.0000079870223999e+00 4.2397434299346060e-05 -3.3894325606524944e-03 1.3924960978329182e-02 
-4.2914292862406000e-05 1.0000057220458984e+00 -1.3515885802917182e-04 8.6931635451037437e-05 
-4.4238349801162258e-05 1.3888528337702155e-04 9.9999749660491943e-01 1.0983546962961555e-03 
0.0000000000000000e+00 0.0000000000000000e+00 0.0000000000000000e+00 1.0000000000000000e+00 
Art-clockwise-fast/0040.pcd
1.0000151395797729e+00 -2.6812599971890450e-03 -2.9332062695175409e-03 1.3375538401305676e-02 
2.6783284265547991e-03 9.9999785423278809e-01 1.9988715648651123e-03 1.6558269038796425e-02 
-1.2240235228091478e-03 -2.0072238985449076e-03 9.9999958276748657e-01 -4.2452006600797176e-03 
0.0000000000000000e+00 0.0000000000000000e+00 0.0000000000000000e+00 1.0000000000000000e+00 
Art-clockwise-fast/0041.pcd
1.0000014305114746e+00 -9.1692883870564401e-05 3.6729152780026197e-03 -3.8504432886838913e-03 
9.0671725047286600e-05 1.0000051259994507e+00 5.2768539171665907e-04 7.6644471846520901e-04 
-1.2564883800223470e-03 -5.2515335846692324e-04 9.9999856948852539e-01 -6.7063100868836045e-04 
0.0000000000000000e+00 0.0000000000000000e+00 0.0000000000000000e+00 1.0000000000000000e+00 
Art-clockwise-fast/0042.pcd
1.0000097751617432e+00 -1.8937390996143222e-04 -1.8080837326124310e-03 -1.3778135180473328e-02 
1.8826847372110933e-04 1.0000045299530029e+00 7.8443972597597167e-06 8.5674389265477657e-04 
1.1943815043196082e-03 -1.2812215572921559e-05 1.0000156164169312e+00 -2.5180832017213106e-03 
0.0000000000000000e+00 0.0000000000000000e+00 0.0000000000000000e+00 1.0000000000000000e+00 
Art-clockwise-fast/0043.pcd
1.0000045299530029e+00 -2.5881095789372921e-03 1.0329980868846178e-03 -4.7446537762880325e-02 
2.5883195921778679e-03 1.0000023841857910e+00 2.9824668672517873e-05 3.3676601946353912e-02 
-1.7892071045935154e-03 -2.6537303710938431e-05 1.0000044107437134e+00 -4.8732371069490910e-03 
0.0000000000000000e+00 0.0000000000000000e+00 0.0000000000000000e+00 1.0000000000000000e+00 
Art-clockwise-fast/0044.pcd
1.0000114440917969e+00 1.2719357619062066e-03 -9.2551991110667586e-04 1.6012836247682571e-02 
-1.2763579143211246e-03 1.0000051259994507e+00 -9.8068114311899990e-05 5.0868283957242966e-02 
-8.9593711891211569e-05 1.0063995432574302e-04 1.0000039339065552e+00 3.7605536635965109e-03 
0.0000000000000000e+00 0.0000000000000000e+00 0.0000000000000000e+00 1.0000000000000000e+00 
Art-clockwise-fast/0045.pcd
1.0000056028366089e+00 -1.0142727987840772e-03 -1.0641829110682011e-02 5.4155919700860977e-02 
1.0200398974120617e-03 1.0000090599060059e+00 -2.0448684226721525e-03 3.2033644616603851e-02 
-2.6680929586291313e-03 2.0382958464324474e-03 9.9995899200439453e-01 1.5996221452951431e-02 
0.0000000000000000e+00 0.0000000000000000e+00 0.0000000000000000e+00 1.0000000000000000e+00 
Art-clockwise-fast/0046.pcd
9.9999964237213135e-01 1.3128815917298198e-03 -7.6297223567962646e-03 4.4468298554420471e-02 
-1.3124488759785891e-03 1.0000009536743164e+00 2.0126998424530029e-04 5.1256708800792694e-02 
-1.5628628898411989e-04 -1.9215054635424167e-04 9.9997133016586304e-01 3.6649787798523903e-03 
0.0000000000000000e+00 0.0000000000000000e+00 0.0000000000000000e+00 1.0000000000000000e+00 
Art-clockwise-fast/0047.pcd
1.0000073909759521e+00 1.6144268447533250e-03 -8.0030603567138314e-04 2.0065266638994217e-02 
-1.6156481578946114e-03 1.0000072717666626e+00 -3.0023374711163342e-04 6.4839847385883331e-02 
-8.8916705863084644e-05 3.0300792423076928e-04 9.9999850988388062e-01 5.7530016638338566e-03 
0.0000000000000000e+00 0.0000000000000000e+00 0.0000000000000000e+00 1.0000000000000000e+00 
Art-clockwise-fast/0048.pcd
9.9998992681503296e-01 6.4939982257783413e-04 4.5975116081535816e-03 -8.2598421722650528e-03 
-6.4267613925039768e-04 9.9998974800109863e-01 2.1695073228329420e-03 6.8468913435935974e-02 
3.2374924048781395e-03 -2.1642628125846386e-03 9.9998021125793457e-01 -5.2957856096327305e-03 
0.0000000000000000e+00 0.0000000000000000e+00 0.0000000000000000e+00 1.0000000000000000e+00 
Art-clockwise-fast/0049.pcd
1.0000108480453491e+00 1.4774159062653780e-03 -9.0857138857245445e-03 4.9516111612319946e-02 
-1.4807716943323612e-03 1.0000066757202148e+00 1.5162262134253979e-03 5.5841974914073944e-02 
-9.1674271970987320e-04 -1.5061490703374147e-03 9.9996548891067505e-01 1.0821249336004257e-02 
0.0000000000000000e+00 0.0000000000000000e+00 0.0000000000000000e+00 1.0000000000000000e+00 
Art-clockwise-fast/0050.pcd
1.0000023841857910e+00 2.4516838602721691e-03 -9.7921246197074652e-04 2.1831888705492020e-02 
-2.4525509215891361e-03 9.9999433755874634e-01 -3.7713785422965884e-04 9.9735379219055176e-02 
-5.0671899225562811e-04 3.7960062036290765e-04 1.0000023841857910e+00 2.1956114098429680e-02 
0.0000000000000000e+00 0.0000000000000000e+00 0.0000000000000000e+00 1.0000000000000000e+00 
Art-clockwise-fast/0051.pcd
1.0000057220458984e+00 2.6069136802107096e-03 1.6885417280718684e-03 1.3095110654830933e-02 
-2.6086426805704832e-03 1.0000051259994507e+00 -2.4100361042656004e-04 1.0592802613973618e-01 
-1.6867939848452806e-03 2.4236366152763367e-04 1.0000007152557373e+00 5.8812084607779980e-03 
0.0000000000000000e+00 0.0000000000000000e+00 0.0000000000000000e+00 1.0000000000000000e+00 
Art-clockwise-fast/0052.pcd
9.9999582767486572e-01 2.5267703458666801e-03 -5.0369743257761002e-03 5.4245762526988983e-02 
-2.5239773094654083e-03 9.9999767541885376e-01 -1.2453864328563213e-03 1.1784907430410385e-01 
-3.3115884289145470e-03 1.2247402919456363e-03 9.9999445676803589e-01 1.6425183042883873e-02 
0.0000000000000000e+00 0.0000000000000000e+00 0.0000000000000000e+00 1.0000000000000000e+00 
Art-clockwise-fast/0053.pcd
1.0000134706497192e+00 2.6528062298893929e-03 3.1649342272430658e-03 1.7117716372013092e-02 
-2.6525370776653290e-03 1.0000032186508179e+00 -5.3290202049538493e-04 1.2781535089015961e-01 
-2.2603720426559448e-03 5.2615138702094555e-04 1.0000030994415283e+00 8.4095969796180725e-03 
0.0000000000000000e+00 0.0000000000000000e+00 0.0000000000000000e+00 1.0000000000000000e+00 
Art-clockwise-fast/0054.pcd
1.0000091791152954e+00 1.7661533784121275e-03 -7.2343694046139717e-03 5.0840534269809723e-02 
-1.7731039552018046e-03 1.0000033378601074e+00 2.8498128522187471e-03 1.3217613101005554e-01 
-2.7282664086669683e-03 -2.8913905844092369e-03 9.9997735023498535e-01 1.2396981008350849e-02 
0.0000000000000000e+00 0.0000000000000000e+00 0.0000000000000000e+00 1.0000000000000000e+00 
Art-clockwise-fast/0055.pcd
1.0000003576278687e+00 2.5431565009057522e-03 1.8810114124789834e-04 1.2378418818116188e-02 
-2.5428084190934896e-03 1.0000019073486328e+00 1.5866041649132967e-03 1.3301002979278564e-01 
-1.8602613999973983e-04 -1.5872231451794505e-03 9.9999743700027466e-01 4.9627954140305519e-03 
0.0000000000000000e+00 0.0000000000000000e+00 0.0000000000000000e+00 1.0000000000000000e+00 
Art-clockwise-fast/0056.pcd
1.0000005960464478e+00 2.9635590035468340e-03 3.3498200355097651e-04 2.2060282528400421e-02 
-2.9632174409925938e-03 9.9999922513961792e-01 3.4873659024015069e-04 1.3159440457820892e-01 
-3.3423645072616637e-04 -3.4813434467650950e-04 1.0000029802322388e+00 6.9234254769980907e-03 
0.0000000000000000e+00 0.0000000000000000e+00 0.0000000000000000e+00 1.0000000000000000e+00 
Art-clockwise-fast/0057.pcd
9.9999994039535522e-01 3.7811168003827333e-03 1.1180094443261623e-03 1.1299019679427147e-02 
-3.7900584284216166e-03 9.9996763467788696e-01 8.0498727038502693e-03 1.5029840171337128e-01 
-1.0910400887951255e-03 -8.0527681857347488e-03 9.9996525049209595e-01 -2.3229594808071852e-03 
0.0000000000000000e+00 0.0000000000000000e+00 0.0000000000000000e+00 1.0000000000000000e+00 
Art-clockwise-fast/0058.pcd
1.0000123977661133e+00 -3.5703563480637968e-04 -1.7673247493803501e-03 5.5408636108040810e-03 
3.6385329440236092e-04 1.0000003576278687e+00 3.8157645612955093e-03 1.6736766695976257e-01 
1.7642807215452194e-03 -3.8180712144821882e-03 1.0000020265579224e+00 -6.7691258154809475e-03 
0.0000000000000000e+00 0.0000000000000000e+00 0.0000000000000000e+00 1.0000000000000000e+00 
Art-clockwise-fast/0059.pcd
9.9999970197677612e-01 -1.7231989186257124e-03 -4.1762273758649826e-03 -2.6037363568320870e-04 
1.7336611635982990e-03 9.9999988079071045e-01 2.4683210067451000e-03 2.0214253664016724e-01 
4.1703484021127224e-03 -2.4759359657764435e-03 9.9998933076858521e-01 6.9880735827609897e-04 
0.0000000000000000e+00 0.0000000000000000e+00 0.0000000000000000e+00 1.0000000000000000e+00 
Art-clockwise-fast/0060.pcd
9.9999856948852539e-01 -1.6824664780870080e-03 -3.3466299064457417e-03 7.7258511446416378e-03 
1.6835588030517101e-03 1.0000057220458984e+00 4.8337169573642313e-04 2.1498462557792664e-01 
3.3413923811167479e-03 -4.8869912279769778e-04 9.9999427795410156e-01 9.6081756055355072e-03 
0.0000000000000000e+00 0.0000000000000000e+00 0.0000000000000000e+00 1.0000000000000000e+00 
Art-clockwise-fast/0061.pcd
1.0000027418136597e+00 2.4969998048618436e-04 -3.4752495121210814e-03 2.2437825798988342e-02 
-2.3112470807973295e-04 9.9998909235000610e-01 5.4131979122757912e-03 2.1747736632823944e-01 
3.4758846741169691e-03 -5.4119466803967953e-03 9.9998205900192261e-01 3.2168626785278320e-03 
0.0000000000000000e+00 0.0000000000000000e+00 0.0000000000000000e+00 1.0000000000000000e+00 
Art-clockwise-fast/0062.pcd
9.9999397993087769e-01 -3.1067829113453627e-03 -5.4371785372495651e-03 9.2986850067973137e-03 
3.1192840542644262e-03 9.9999737739562988e-01 2.3449487052857876e-03 2.3982812464237213e-01 
5.4298145696520805e-03 -2.3635658435523510e-03 9.9998891353607178e-01 1.1840057559311390e-02 
0.0000000000000000e+00 0.0000000000000000e+00 0.0000000000000000e+00 1.0000000000000000e+00 
Art-clockwise-fast/0063.pcd
9.9999189376831055e-01 -1.5866014873608947e-03 -2.5508585385978222e-03 1.3425320386886597e-02 
1.5864390879869461e-03 1.0000058412551880e+00 -6.8581932282540947e-05 2.5174927711486816e-01 
2.5504354853183031e-03 6.6384731326252222e-05 9.9999296665191650e-01 1.7214376479387283e-02 
0.0000000000000000e+00 0.0000000000000000e+00 0.0000000000000000e+00 1.0000000000000000e+00 
Art-clockwise-fast/0064.pcd
1.0000078678131104e+00 -1.5983537305146456e-03 4.6477394062094390e-04 3.4396834671497345e-02 
1.5969082014635205e-03 9.9999457597732544e-01 4.8606083728373051e-03 2.5996613502502441e-01 
-4.7624236322008073e-04 -4.8597920686006546e-03 9.9999427795410156e-01 1.1830066330730915e-02 
0.0000000000000000e+00 0.0000000000000000e+00 0.0000000000000000e+00 1.0000000000000000e+00 
Art-clockwise-fast/0065.pcd
1.0000087022781372e+00 -2.1674970630556345e-03 -3.6156442365609109e-04 2.9193893074989319e-02 
2.1698551718145609e-03 9.9998444318771362e-01 5.4958346299827099e-03 2.6468667387962341e-01 
3.4604221582412720e-04 -5.4980153217911720e-03 9.9999266862869263e-01 2.6735304854810238e-03 
0.0000000000000000e+00 0.0000000000000000e+00 0.0000000000000000e+00 1.0000000000000000e+00 
Art-clockwise-fast/0066.pcd
1.0000151395797729e+00 -1.3739450369030237e-03 -1.6413362463936210e-03 2.7870509773492813e-02 
1.3718639966100454e-03 1.0000064373016357e+00 -1.6494359588250518e-03 2.6436424255371094e-01 
1.6395122511312366e-03 1.6470665577799082e-03 1.0000040531158447e+00 6.6208955831825733e-03 
0.0000000000000000e+00 0.0000000000000000e+00 0.0000000000000000e+00 1.0000000000000000e+00 
Art-clockwise-fast/0067.pcd
1.0000069141387939e+00 8.8450615294277668e-04 -1.1448217555880547e-03 3.4089844673871994e-02 
-8.8102044537663460e-04 9.9999737739562988e-01 3.5630422644317150e-03 2.7485707402229309e-01 
1.1457480723038316e-03 -3.5612555220723152e-03 9.9999922513961792e-01 4.2284149676561356e-03 
0.0000000000000000e+00 0.0000000000000000e+00 0.0000000000000000e+00 1.0000000000000000e+00 
Art-clockwise-fast/0068.pcd
1.0000025033950806e+00 1.1842588428407907e-03 -4.2919628322124481e-03 2.3496149107813835e-02 
-1.1666656937450171e-03 9.9999237060546875e-01 4.3108230456709862e-03 2.6853510737419128e-01 
4.2961938306689262e-03 -4.3042278848588467e-03 9.9998998641967773e-01 4.0478189475834370e-03 
0.0000000000000000e+00 0.0000000000000000e+00 0.0000000000000000e+00 1.0000000000000000e+00 
Art-clockwise-fast/0069.pcd
9.9999177455902100e-01 -4.1909760329872370e-04 -6.1237183399498463e-03 1.0633727535605431e-02 
4.4782791519537568e-04 9.9998927116394043e-01 4.8312130384147167e-03 2.7140924334526062e-01 
6.1210822314023972e-03 -4.8303278163075447e-03 9.9998170137405396e-01 5.3042699582874775e-03 
0.0000000000000000e+00 0.0000000000000000e+00 0.0000000000000000e+00 1.0000000000000000e+00 
Art-clockwise-fast/0070.pcd
9.9997156858444214e-01 -3.8087780121713877e-03 -7.7767684124410152e-03 1.0025918483734131e-02 
3.8379188627004623e-03 9.9999088048934937e-01 3.7385651376098394e-03 2.7741727232933044e-01 
7.7612544409930706e-03 -3.7677881773561239e-03 9.9996662139892578e-01 1.5563555061817169e-02 
0.0000000000000000e+00 0.0000000000000000e+00 0.0000000000000000e+00 1.0000000000000000e+00 
Art-clockwise-fast/0071.pcd
1.0000110864639282e+00 -2.5845831260085106e-03 2.7224186807870865e-02 -1.1878548562526703e-01 
2.5697019882500172e-03 9.9999225139617920e-01 -3.9934623055160046e-03 3.7438881397247314e-01 
3.1168067362159491e-03 4.3162778019905090e-03 9.9963158369064331e-01 1.2071839533746243e-02 
0.0000000000000000e+00 0.0000000000000000e+00 0.0000000000000000e+00 1.0000000000000000e+00 
Art-clockwise-fast/0072.pcd
1.0000035762786865e+00 1.2591576669365168e-03 1.9147388637065887e-02 -5.7198721915483475e-02 
-1.2632398866117001e-03 9.9998998641967773e-01 5.7992497459053993e-03 2.7506276965141296e-01 
-7.9668121179565787e-04 -5.8329799212515354e-03 9.9981546401977539e-01 1.9723677542060614e-03 
0.0000000000000000e+00 0.0000000000000000e+00 0.0000000000000000e+00 1.0000000000000000e+00 
Art-clockwise-fast/0073.pcd
1.0000073909759521e+00 -1.7372928559780121e-03 2.8306739404797554e-02 -1.2140002101659775e-01 
1.7173973610624671e-03 9.9999803304672241e-01 -5.5002691224217415e-03 3.1095266342163086e-01 
3.3141991589218378e-03 5.7924073189496994e-03 9.9960643053054810e-01 3.5913153551518917e-03 
0.0000000000000000e+00 0.0000000000000000e+00 0.0000000000000000e+00 1.0000000000000000e+00 
Art-clockwise-fast/0074.pcd
1.0000127553939819e+00 -1.7740457551553845e-03 -2.3409570567309856e-03 1.4437690377235413e-02 
1.7824592068791389e-03 9.9999183416366577e-01 4.0218858048319817e-03 2.9743599891662598e-01 
2.3329050745815039e-03 -4.0282178670167923e-03 9.9999570846557617e-01 -1.7608661437407136e-03 
0.0000000000000000e+00 0.0000000000000000e+00 0.0000000000000000e+00 1.0000000000000000e+00 
Art-clockwise-fast/0075.pcd
9.9999719858169556e-01 -2.6742261834442616e-03 3.9103116840124130e-02 -7.4171848595142365e-02 
2.6035278569906950e-03 9.9989771842956543e-01 -1.4014495536684990e-02 3.3361628651618958e-01 
4.8210974782705307e-03 1.4769194647669792e-02 9.9914312362670898e-01 3.4804288297891617e-02 
0.0000000000000000e+00 0.0000000000000000e+00 0.0000000000000000e+00 1.0000000000000000e+00 
Art-clockwise-fast/0076.pcd
9.9998426437377930e-01 6.0347579419612885e-03 -1.0631044278852642e-04 2.6179039850831032e-02 
-6.0317204333841801e-03 9.9981373548507690e-01 1.8404843285679817e-02 2.8900563716888428e-01 
2.1817126253154129e-04 -1.8403811380267143e-02 9.9982988834381104e-01 -1.1256835423409939e-02 
0.0000000000000000e+00 0.0000000000000000e+00 0.0000000000000000e+00 1.0000000000000000e+00 
Art-clockwise-fast/0077.pcd
9.9999701976776123e-01 -4.6185185201466084e-03 -1.6771357040852308e-03 4.3874662369489670e-02 
4.6275174245238304e-03 9.9999088048934937e-01 4.6281986869871616e-03 2.6108479499816895e-01 
1.6544797690585256e-03 -4.6343272551894188e-03 9.9999022483825684e-01 1.7084611579775810e-02 
0.0000000000000000e+00 0.0000000000000000e+00 0.0000000000000000e+00 1.0000000000000000e+00 
Art-clockwise-fast/0078.pcd
1.0000003576278687e+00 1.4776178868487477e-03 1.0614724596962333e-03 4.0849104523658752e-02 
-1.4641005545854568e-03 9.9992978572845459e-01 -1.2824943289160728e-02 3.3634677529335022e-01 
-1.0789772495627403e-03 1.2823610566556454e-02 9.9992722272872925e-01 2.8903366997838020e-02 
0.0000000000000000e+00 0.0000000000000000e+00 0.0000000000000000e+00 1.0000000000000000e+00 
Art-clockwise-fast/0079.pcd
9.9999916553497314e-01 3.1634229235351086e-03 3.7690999452024698e-03 6.7262098193168640e-02 
-3.1727545429021120e-03 9.9999904632568359e-01 2.5390111841261387e-03 3.7454551458358765e-01 
-3.7628621794283390e-03 -2.5472680572420359e-03 9.9999094009399414e-01 2.5109376758337021e-02 
0.0000000000000000e+00 0.0000000000000000e+00 0.0000000000000000e+00 1.0000000000000000e+00 
Art-clockwise-fast/0080.pcd
1.0000078678131104e+00 2.5000649038702250e-03 2.6851282455027103e-03 5.9605706483125687e-02 
-2.5402437895536423e-03 9.9990397691726685e-01 1.4199024066329002e-02 2.2477985918521881e-01 
-2.6485526468604803e-03 -1.4203602448105812e-02 9.9990403652191162e-01 -9.1977659612894058e-03 
0.0000000000000000e+00 0.0000000000000000e+00 0.0000000000000000e+00 1.0000000000000000e+00 
Art-clockwise-fast/0081.pcd
1.0000070333480835e+00 -2.9667131602764130e-03 -1.2343263952061534e-03 2.1120516583323479e-02 
2.9574076179414988e-03 9.9999809265136719e-01 -4.9914116971194744e-03 2.7014979720115662e-01 
1.2509230291470885e-03 4.9738851375877857e-03 1.0000042915344238e+00 2.8994396328926086e-02 
0.0000000000000000e+00 0.0000000000000000e+00 0.0000000000000000e+00 1.0000000000000000e+00 
Art-clockwise-fast/0082.pcd
1.0000065565109253e+00 6.0200644657015800e-03 2.7117466088384390e-03 4.2973849922418594e-02 
-5.9966519474983215e-03 9.9995875358581543e-01 -8.4251267835497856e-03 3.4970620274543762e-01 
-2.7640468906611204e-03 8.4179993718862534e-03 9.9996751546859741e-01 9.3022733926773071e-03 
0.0000000000000000e+00 0.0000000000000000e+00 0.0000000000000000e+00 1.0000000000000000e+00 
Art-clockwise-fast/0083.pcd
9.9997818470001221e-01 6.9684693589806557e-03 6.4340787939727306e-03 5.8787692338228226e-02 
-7.0906532928347588e-03 9.9980741739273071e-01 1.9140427932143211e-02 3.8059070706367493e-01 
-6.2995101325213909e-03 -1.9182359799742699e-02 9.9980884790420532e-01 7.2781014023348689e-04 
0.0000000000000000e+00 0.0000000000000000e+00 0.0000000000000000e+00 1.0000000000000000e+00 
Art-clockwise-fast/0084.pcd
1.0000146627426147e+00 -6.4729712903499603e-04 5.3695081733167171e-03 1.3538115657866001e-02 
6.0174416285008192e-04 9.9938666820526123e-01 3.5257853567600250e-02 2.6447919011116028e-01 
-1.2896609259769320e-03 -3.5240702331066132e-02 9.9937611818313599e-01 -2.6482041925191879e-02 
0.0000000000000000e+00 0.0000000000000000e+00 0.0000000000000000e+00 1.0000000000000000e+00 
Art-clockwise-fast/0085.pcd
1.0000045299530029e+00 -1.8847633618861437e-03 -5.0580846145749092e-03 3.1005593482404947e-03 
1.8691570730879903e-03 1.0000053644180298e+00 -2.8815220575779676e-03 3.4603914618492126e-01 
5.0625819712877274e-03 2.8715184889733791e-03 1.0000073909759521e+00 8.6244028061628342e-03 
0.0000000000000000e+00 0.0000000000000000e+00 0.0000000000000000e+00 1.0000000000000000e+00 
Art-clockwise-fast/0086.pcd
9.9997258186340332e-01 8.2130404189229012e-03 -2.4449808988720179e-03 5.7319492101669312e-02 
-8.2598868757486343e-03 9.9976515769958496e-01 -2.0113827660679817e-02 3.1641811132431030e-01 
2.2769081406295300e-03 2.0132709294557571e-02 9.9978804588317871e-01 5.5431287735700607e-02 
0.0000000000000000e+00 0.0000000000000000e+00 0.0000000000000000e+00 1.0000000000000000e+00 
Art-clockwise-fast/0087.pcd
1.0000004768371582e+00 2.5141485966742039e-03 1.8233673181384802e-03 4.2502727359533310e-02 
-2.5247205048799515e-03 9.9998724460601807e-01 5.7053924538195133e-03 4.1944870352745056e-01 
-1.8092218087986112e-03 -5.7092276401817799e-03 9.9998700618743896e-01 4.7776963561773300e-02 
0.0000000000000000e+00 0.0000000000000000e+00 0.0000000000000000e+00 1.0000000000000000e+00 
Art-clockwise-fast/0088.pcd
9.9999839067459106e-01 -3.1325116287916899e-03 4.8359227366745472e-03 3.6712560802698135e-02 
3.1227327417582273e-03 1.0000115633010864e+00 1.7530509503558278e-03 3.0071637034416199e-01 
-4.8403330147266388e-03 -1.7431951127946377e-03 1.0000022649765015e+00 9.4446279108524323e-03 
0.0000000000000000e+00 0.0000000000000000e+00 0.0000000000000000e+00 1.0000000000000000e+00 
Art-clockwise-fast/0089.pcd
9.9994379281997681e-01 1.1669956147670746e-02 1.6181749524548650e-03 5.6862220168113708e-02 
-1.1606648564338684e-02 9.9934428930282593e-01 -3.4606117755174637e-02 3.2415223121643066e-01 
-2.0208836067467928e-03 3.4584634006023407e-02 9.9941134452819824e-01 4.3296232819557190e-02 
0.0000000000000000e+00 0.0000000000000000e+00 0.0000000000000000e+00 1.0000000000000000e+00 
Art-clockwise-fast/0090.pcd
9.9997097253799438e-01 9.2666875571012497e-03 -1.4794438611716032e-03 4.9853034317493439e-02 
-9.2887077480554581e-03 9.9984651803970337e-01 -1.5638018026947975e-02 3.6334276199340820e-01 
1.3338393764570355e-03 1.5649938955903053e-02 9.9988734722137451e-01 2.2379996255040169e-02 
0.0000000000000000e+00 0.0000000000000000e+00 0.0000000000000000e+00 1.0000000000000000e+00 
Art-clockwise-fast/0091.pcd
1.0000016689300537e+00 4.8278444446623325e-03 -1.1108763283118606e-03 3.4297809004783630e-02 
-4.8120999708771706e-03 9.9990046024322510e-01 1.4027662575244904e-02 4.4425150752067566e-01 
1.1780265485867858e-03 -1.4022691175341606e-02 9.9991059303283691e-01 1.2045270763337612e-02 
0.0000000000000000e+00 0.0000000000000000e+00 0.0000000000000000e+00 1.0000000000000000e+00 
Art-clockwise-fast/0092.pcd
9.9998706579208374e-01 6.8798572756350040e-03 3.1775834504514933e-03 5.4833065718412399e-02 
-6.9515299983322620e-03 9.9972158670425415e-01 2.3205367848277092e-02 3.6877459287643433e-01 
-3.0176865402609110e-03 -2.3225773125886917e-02 9.9973368644714355e-01 6.2721888534724712e-03 
0.0000000000000000e+00 0.0000000000000000e+00 0.0000000000000000e+00 1.0000000000000000e+00 
Art-clockwise-fast/0093.pcd
9.9997222423553467e-01 8.4832608699798584e-03 3.1048634555190802e-03 4.0401659905910492e-02 
-8.4793455898761749e-03 9.9997419118881226e-01 -1.0809304658323526e-03 3.4774956107139587e-01 
-3.1127659603953362e-03 1.0519509669393301e-03 9.9999517202377319e-01 3.6348251160234213e-03 
0.0000000000000000e+00 0.0000000000000000e+00 0.0000000000000000e+00 1.0000000000000000e+00 
Art-clockwise-fast/0094.pcd
1.0000087022781372e+00 5.0534135662019253e-03 1.0790221858769655e-03 8.3964191377162933e-02 
-5.0244741141796112e-03 9.9995589256286621e-01 -9.2004779726266861e-03 4.5248198509216309e-01 
-3.2252015080302954e-03 9.1615868732333183e-03 9.9998217821121216e-01 3.8325529545545578e-02 
0.0000000000000000e+00 0.0000000000000000e+00 0.0000000000000000e+00 1.0000000000000000e+00 
Art-clockwise-fast/0095.pcd
9.9953067302703857e-01 1.6587797552347183e-02 4.1260372847318649e-02 7.8646123409271240e-02 
-1.7251379787921906e-02 9.9955362081527710e-01 -2.3955665528774261e-02 3.5156118869781494e-01 
2.6082981377840042e-02 2.5385377928614616e-02 9.9886888265609741e-01 2.9208374023437500e-01 
0.0000000000000000e+00 0.0000000000000000e+00 0.0000000000000000e+00 1.0000000000000000e+00 
Art-clockwise-fast/0096.pcd
9.9992334842681885e-01 1.2486687861382961e-02 -2.1843450143933296e-02 2.0366148650646210e-01 
-1.2648347765207291e-02 9.9963420629501343e-01 2.2154632955789566e-02 3.6283096671104431e-01 
-6.9232308305799961e-03 -2.3011427372694016e-02 9.9948775768280029e-01 -1.8769491463899612e-02 
0.0000000000000000e+00 0.0000000000000000e+00 0.0000000000000000e+00 1.0000000000000000e+00 
Art-clockwise-fast/0097.pcd
9.9928426742553711e-01 1.1996111832559109e-02 4.3368089944124222e-02 5.8755293488502502e-02 
-1.3994185253977776e-02 9.9838358163833618e-01 -5.4630611091852188e-02 3.2295072078704834e-01 
3.5611923784017563e-02 5.5684108287096024e-02 9.9756938219070435e-01 3.4646371006965637e-01 
0.0000000000000000e+00 0.0000000000000000e+00 0.0000000000000000e+00 1.0000000000000000e+00 
Art-clockwise-fast/0098.pcd
9.9986249208450317e-01 1.7242416739463806e-02 2.4449417367577553e-02 -3.6704640835523605e-02 
-1.7271351069211960e-02 9.9956363439559937e-01 -2.3828499019145966e-02 3.9506700634956360e-01 
1.0226333979517221e-03 2.4303279817104340e-02 9.9943035840988159e-01 3.6044683307409286e-02 
0.0000000000000000e+00 0.0000000000000000e+00 0.0000000000000000e+00 1.0000000000000000e+00 
