Art-clockwise/0000.pcd
-7.2118765115737915e-01 6.9273978471755981e-01 0.0000000000000000e+00 0.0000000000000000e+00 
-6.9273978471755981e-01 -7.2118765115737915e-01 -0.0000000000000000e+00 0.0000000000000000e+00 
-0.0000000000000000e+00 0.0000000000000000e+00 9.9999994039535522e-01 0.0000000000000000e+00 
0.0000000000000000e+00 0.0000000000000000e+00 0.0000000000000000e+00 1.0000000000000000e+00 
Art-clockwise/0001.pcd
1.0000255107879639e+00 4.0202070522354916e-05 -1.8543092301115394e-03 4.9224584363400936e-03 
-4.0058755985228345e-05 1.0000127553939819e+00 1.5878613339737058e-05 -1.0871594713535160e-04 
1.5708401333540678e-03 -1.6141182641149499e-05 1.0000033378601074e+00 -3.4620161750353873e-04 
0.0000000000000000e+00 0.0000000000000000e+00 0.0000000000000000e+00 1.0000000000000000e+00 
Art-clockwise/0002.pcd
1.0000216960906982e+00 1.9715549569809809e-05 -1.1139524867758155e-03 6.4483232563361526e-04 
-2.1933326934231445e-05 1.0000225305557251e+00 6.3551698985975236e-05 -7.9313322203233838e-05 
1.5504505718126893e-03 -5.1443388656480238e-05 1.0000090599060059e+00 -1.5267836861312389e-03 
0.0000000000000000e+00 0.0000000000000000e+00 0.0000000000000000e+00 1.0000000000000000e+00 
Art-clockwise/0003.pcd
1.0000290870666504e+00 7.3791605245787650e-05 -8.7905485997907817e-05 7.3594967834651470e-03 
-7.4410636443644762e-05 1.0000178813934326e+00 3.9275419112527743e-05 -2.4326250422745943e-04 
8.9395434770267457e-05 -5.0452115829102695e-05 1.0000234842300415e+00 -5.1290803821757436e-04 
0.0000000000000000e+00 0.0000000000000000e+00 0.0000000000000000e+00 1.0000000000000000e+00 
Art-clockwise/0004.pcd
1.0000017881393433e+00 1.7777044831746025e-06 1.4117130776867270e-03 -5.8711814926937222e-04 
-1.9114663700747769e-06 1.0000013113021851e+00 1.8049278878606856e-04 7.8972312621772289e-05 
3.1507675885222852e-04 -1.8106555216945708e-04 1.0000005960464478e+00 1.6214785864576697e-03 
0.0000000000000000e+00 0.0000000000000000e+00 0.0000000000000000e+00 1.0000000000000000e+00 
Art-clockwise/0005.pcd
1.0000398159027100e+00 4.0517883462598547e-05 1.2742738472297788e-03 1.9525414973031729e-04 
-4.1080675146076828e-05 1.0000206232070923e+00 1.3396376743912697e-04 6.0835231124656275e-05 
1.5998261515051126e-03 -1.2356261140666902e-04 1.0000238418579102e+00 -1.6343316528946161e-03 
0.0000000000000000e+00 0.0000000000000000e+00 0.0000000000000000e+00 1.0000000000000000e+00 
Art-clockwise/0006.pcd
1.0000030994415283e+00 7.4038252932950854e-05 -4.2943065636791289e-04 7.6980404555797577e-03 
-7.3409515607636422e-05 9.9999767541885376e-01 2.5145260224235244e-05 -2.8159801149740815e-04 
7.3086004704236984e-05 -1.6662999769323505e-05 1.0000045299530029e+00 -2.8768277843482792e-04 
0.0000000000000000e+00 0.0000000000000000e+00 0.0000000000000000e+00 1.0000000000000000e+00 
Art-clockwise/0007.pcd
1.0000004768371582e+00 -8.2928228948730975e-05 -2.1807955636177212e-04 -5.4406421259045601e-03 
8.1550206232350320e-05 1.0000045299530029e+00 -4.5933262299513444e-05 2.7321456582285464e-04 
-3.1206794665195048e-04 5.6691314966883510e-05 1.0000025033950806e+00 -2.3807603865861893e-03 
0.0000000000000000e+00 0.0000000000000000e+00 0.0000000000000000e+00 1.0000000000000000e+00 
Art-clockwise/0008.pcd
1.0000028610229492e+00 2.0883395336568356e-05 3.4993211738765240e-03 9.5176347531378269e-04 
-1.8916303815785795e-05 1.0000001192092896e+00 1.1188180360477418e-04 1.0972810559906065e-04 
6.8432418629527092e-05 -1.3551213487517089e-04 9.9999898672103882e-01 -3.1557117472402751e-04 
0.0000000000000000e+00 0.0000000000000000e+00 0.0000000000000000e+00 1.0000000000000000e+00 
Art-clockwise/0009.pcd
1.0000243186950684e+00 8.2076352555304766e-05 5.6635607033967972e-03 8.9819636195898056e-03 
-8.3895625721197575e-05 1.0000011920928955e+00 -8.7578775128349662e-04 -1.3156142085790634e-03 
1.0133307659998536e-03 8.8667497038841248e-04 9.9999338388442993e-01 -2.1928159985691309e-03 
0.0000000000000000e+00 0.0000000000000000e+00 0.0000000000000000e+00 1.0000000000000000e+00 
Art-clockwise/0010.pcd
1.0000128746032715e+00 3.5087658034171909e-05 -1.5595098957419395e-03 3.4879602026194334e-03 
-3.4935015719383955e-05 1.0000191926956177e+00 4.8706115194363520e-05 -1.4569055929314345e-04 
1.5595252625644207e-03 -5.4926305892877281e-05 1.0000052452087402e+00 -1.2842925498262048e-03 
0.0000000000000000e+00 0.0000000000000000e+00 0.0000000000000000e+00 1.0000000000000000e+00 
Art-clockwise/0011.pcd
1.0000144243240356e+00 5.6556618801550940e-05 -9.6115755150094628e-04 7.5038745999336243e-03 
-5.6823544582584873e-05 9.9999713897705078e-01 -5.9511007748369593e-06 -2.0853187015745789e-04 
2.1497404304682277e-05 -8.6044574345578440e-06 1.0000221729278564e+00 -1.6494531882926822e-04 
0.0000000000000000e+00 0.0000000000000000e+00 0.0000000000000000e+00 1.0000000000000000e+00 
Art-clockwise/0012.pcd
1.0000134706497192e+00 -4.5067188329994678e-04 3.8099559606052935e-04 -1.3464537449181080e-02 
4.4885897659696639e-04 1.0000127553939819e+00 4.4918508501723409e-04 9.5912534743547440e-04 
-3.2363817445002496e-04 -4.3462964822538197e-04 1.0000003576278687e+00 -1.0035990271717310e-03 
0.0000000000000000e+00 0.0000000000000000e+00 0.0000000000000000e+00 1.0000000000000000e+00 
Art-clockwise/0013.pcd
1.0000057220458984e+00 -1.8475604883860797e-04 -4.9714662600308657e-04 -9.3961535021662712e-03 
1.8549643573351204e-04 1.0000057220458984e+00 1.8706146875047125e-05 5.0789176020771265e-04 
-3.3541693119332194e-04 -2.1304702386260033e-05 1.0000029802322388e+00 -1.2406799942255020e-03 
0.0000000000000000e+00 0.0000000000000000e+00 0.0000000000000000e+00 1.0000000000000000e+00 
Art-clockwise/0014.pcd
1.0000103712081909e+00 -9.5861629233695567e-05 -2.2986319381743670e-03 -4.0761390700936317e-03 
9.6103227406274527e-05 1.0000010728836060e+00 -6.0047943406971171e-05 1.6625974967610091e-04 
-1.7583479348104447e-04 5.2160776249365881e-05 1.0000046491622925e+00 -6.5318273846060038e-04 
0.0000000000000000e+00 0.0000000000000000e+00 0.0000000000000000e+00 1.0000000000000000e+00 
Art-clockwise/0015.pcd
1.0000303983688354e+00 -2.0244647748768330e-04 -2.5325913447886705e-03 -1.0460058227181435e-02 
2.0146636234130710e-04 1.0000082254409790e+00 -6.1140701291151345e-05 2.9088731389492750e-04 
-1.8331245519220829e-04 5.3354346164269373e-05 1.0000240802764893e+00 -3.1983767985366285e-04 
0.0000000000000000e+00 0.0000000000000000e+00 0.0000000000000000e+00 1.0000000000000000e+00 
Art-clockwise/0016.pcd
1.0000246763229370e+00 -6.9744179199915379e-05 -6.9698726292699575e-04 -4.0222420357167721e-03 
7.1117727202363312e-05 9.9999642372131348e-01 -5.8780107792699710e-05 2.4481888976879418e-04 
-1.8522691971156746e-04 4.9759419198380783e-05 1.0000128746032715e+00 -1.7827143892645836e-04 
0.0000000000000000e+00 0.0000000000000000e+00 0.0000000000000000e+00 1.0000000000000000e+00 
Art-clockwise/0017.pcd
1.0000162124633789e+00 -1.8217078832094558e-05 2.4658055044710636e-03 -4.5361113734543324e-03 
1.7296360965701751e-05 1.0000075101852417e+00 6.2505729147233069e-05 6.2768165662419051e-05 
4.8801197408465669e-05 -6.1027942138025537e-05 1.0000134706497192e+00 -9.8012904345523566e-05 
0.0000000000000000e+00 0.0000000000000000e+00 0.0000000000000000e+00 1.0000000000000000e+00 
Art-clockwise/0018.pcd
1.0000256299972534e+00 -3.3953550882870331e-05 4.9358600517734885e-04 -5.1084663718938828e-03 
3.3799704397097230e-05 1.0000038146972656e+00 -1.0882637070608325e-05 4.8290959966834635e-05 
-1.5240495486068539e-05 -6.3612997109885328e-06 1.0000172853469849e+00 1.8204355728812516e-04 
0.0000000000000000e+00 0.0000000000000000e+00 0.0000000000000000e+00 1.0000000000000000e+00 
Art-clockwise/0019.pcd
1.0000363588333130e+00 -7.1030510298442096e-05 3.8926177658140659e-03 -3.6778366193175316e-03 
6.9986039306968451e-05 1.0000126361846924e+00 9.6123847470153123e-05 2.3144610167946666e-04 
-7.1116742219601292e-06 -8.7415071902796626e-05 1.0000040531158447e+00 -1.2676914047915488e-04 
0.0000000000000000e+00 0.0000000000000000e+00 0.0000000000000000e+00 1.0000000000000000e+00 
Art-clockwise/0020.pcd
9.9999344348907471e-01 -2.1436998213175684e-04 3.1814971007406712e-03 -9.3767428770661354e-03 
2.1454643865581602e-04 9.9999898672103882e-01 4.5642975601367652e-04 1.3193755876272917e-03 
6.5177911892533302e-05 -4.5693389256484807e-04 9.9998408555984497e-01 -1.2941545573994517e-03 
0.0000000000000000e+00 0.0000000000000000e+00 0.0000000000000000e+00 1.0000000000000000e+00 
Art-clockwise/0021.pcd
1.0000085830688477e+00 -4.7889768029563129e-04 -4.0350612835027277e-04 -1.4847521670162678e-02 
4.7823591739870608e-04 1.0000025033950806e+00 4.0252396138384938e-04 9.2361925635486841e-04 
-4.2134523391723633e-04 -4.0113559225574136e-04 1.0000023841857910e+00 -9.2973693972453475e-04 
0.0000000000000000e+00 0.0000000000000000e+00 0.0000000000000000e+00 1.0000000000000000e+00 
Art-clockwise/0022.pcd
1.0000052452087402e+00 -3.9716364699415863e-04 1.5134277055040002e-03 -1.2040181085467339e-02 
3.9760669460520148e-04 1.0000033378601074e+00 5.1175034604966640e-04 1.0529679711908102e-03 
-1.5458928828593343e-04 -5.0806754734367132e-04 1.0000030994415283e+00 -8.3058635937049985e-04 
0.0000000000000000e+00 0.0000000000000000e+00 0.0000000000000000e+00 1.0000000000000000e+00 
Art-clockwise/0023.pcd
1.0000187158584595e+00 1.2976047582924366e-04 -1.8775097851175815e-04 7.8218169510364532e-03 
-1.2920339941047132e-04 1.0000005960464478e+00 -4.0459697629557922e-05 -4.7636067029088736e-04 
1.8442423606757075e-04 3.6761837691301480e-05 1.0000090599060059e+00 1.0589098092168570e-03 
0.0000000000000000e+00 0.0000000000000000e+00 0.0000000000000000e+00 1.0000000000000000e+00 
Art-clockwise/0024.pcd
1.0000255107879639e+00 5.0726743211271241e-05 6.3510122708976269e-04 2.7470907662063837e-03 
-5.0385337090119720e-05 1.0000059604644775e+00 3.1699575629318133e-05 -1.2136944860685617e-04 
1.2694648467004299e-04 -4.1420054913032800e-05 1.0000038146972656e+00 -1.2341517140157521e-04 
0.0000000000000000e+00 0.0000000000000000e+00 0.0000000000000000e+00 1.0000000000000000e+00 
Art-clockwise/0025.pcd
1.0000107288360596e+00 -6.8010158429387957e-05 1.0024429066106677e-03 -4.3404120951890945e-03 
6.9246569182723761e-05 1.0000020265579224e+00 3.8027489790692925e-04 4.6770661720074713e-04 
2.1472591906785965e-03 -3.7488961243070662e-04 1.0000129938125610e+00 5.4372251033782959e-03 
0.0000000000000000e+00 0.0000000000000000e+00 0.0000000000000000e+00 1.0000000000000000e+00 
Art-clockwise/0026.pcd
9.9999564886093140e-01 -4.0244360570795834e-04 -2.7870666235685349e-03 -1.6096970066428185e-02 
4.0222515235655010e-04 9.9999374151229858e-01 4.3198258936172351e-05 4.7041443758644164e-04 
-3.0446951859630644e-04 -4.3150103010702878e-05 9.9999940395355225e-01 -1.1868274305015802e-03 
0.0000000000000000e+00 0.0000000000000000e+00 0.0000000000000000e+00 1.0000000000000000e+00 
Art-clockwise/0027.pcd
1.0000163316726685e+00 -4.5019460230832919e-05 -8.4517727373167872e-04 -1.5652506845071912e-03 
4.5199318265076727e-05 9.9999475479125977e-01 -7.9774341429583728e-05 1.4071312034502625e-04 
-2.6240613078698516e-04 8.3867729699704796e-05 1.0000100135803223e+00 -1.4873890904709697e-03 
0.0000000000000000e+00 0.0000000000000000e+00 0.0000000000000000e+00 1.0000000000000000e+00 
Art-clockwise/0028.pcd
1.0000000000000000e+00 -4.8759742639958858e-05 -8.4635493112728000e-04 -2.3879052605479956e-03 
4.8641657485859469e-05 9.9999898672103882e-01 -3.4878426959039643e-05 3.4018183214357123e-05 
-1.1944456491619349e-04 3.1911178666632622e-05 1.0000020265579224e+00 4.7798134619370103e-04 
0.0000000000000000e+00 0.0000000000000000e+00 0.0000000000000000e+00 1.0000000000000000e+00 
Art-clockwise/0029.pcd
1.0000163316726685e+00 -1.4751369599252939e-04 1.8555430870037526e-05 -9.6645429730415344e-03 
1.4407961862161756e-04 1.0000100135803223e+00 -1.0185381142946426e-06 4.2045963346026838e-04 
-1.9120823708362877e-04 2.1858833861188032e-05 1.0000032186508179e+00 2.5968314730562270e-04 
0.0000000000000000e+00 0.0000000000000000e+00 0.0000000000000000e+00 1.0000000000000000e+00 
Art-clockwise/0030.pcd
1.0000114440917969e+00 4.8384164983872324e-05 -1.5646612737327814e-03 4.9728062003850937e-03 
-5.0236685638083145e-05 1.0000088214874268e+00 6.7476830736268312e-05 -2.4851446505635977e-04 
1.5889733331277966e-03 -4.7265803004847839e-05 9.9999922513961792e-01 -1.0260746348649263e-03 
0.0000000000000000e+00 0.0000000000000000e+00 0.0000000000000000e+00 1.0000000000000000e+00 
Art-clockwise/0031.pcd
1.0000110864639282e+00 4.5450695324689150e-05 -8.2372495671734214e-04 2.2169528529047966e-03 
-4.7837718739174306e-05 1.0000162124633789e+00 7.4166935519315302e-05 -1.8588961393106729e-04 
1.6434881836175919e-03 -5.0463382649468258e-05 1.0000038146972656e+00 -9.5295219216495752e-04 
0.0000000000000000e+00 0.0000000000000000e+00 0.0000000000000000e+00 1.0000000000000000e+00 
Art-clockwise/0032.pcd
1.0000250339508057e+00 -5.1685990911209956e-05 1.6978062922134995e-03 -5.1514403894543648e-03 
5.0892998842755333e-05 1.0000188350677490e+00 -3.1713989301351830e-05 1.4699947496410459e-04 
-1.5906529733911157e-03 3.0303577659651637e-05 1.0000071525573730e+00 6.7533698165789247e-04 
0.0000000000000000e+00 0.0000000000000000e+00 0.0000000000000000e+00 1.0000000000000000e+00 
Art-clockwise/0033.pcd
1.0000050067901611e+00 -4.4839780457550660e-05 6.2834747950546443e-05 -4.5492411591112614e-03 
4.4891265133628622e-05 1.0000000000000000e+00 -1.4570383427781053e-05 1.1395417095627636e-04 
-6.3839703216217458e-05 1.3448824574879836e-05 9.9999958276748657e-01 9.1096881078556180e-05 
0.0000000000000000e+00 0.0000000000000000e+00 0.0000000000000000e+00 1.0000000000000000e+00 
Art-clockwise/0034.pcd
1.0000010728836060e+00 -6.7697357735596597e-05 -5.8564464561641216e-03 -9.0671014040708542e-03 
6.6596126998774707e-05 1.0000114440917969e+00 -1.0779281001305208e-04 1.4456115604843944e-04 
-5.7453882618574426e-05 1.2296330532990396e-04 9.9998062849044800e-01 -1.1488946256577037e-05 
0.0000000000000000e+00 0.0000000000000000e+00 0.0000000000000000e+00 1.0000000000000000e+00 
Art-clockwise/0035.pcd
9.9999618530273438e-01 2.5757457478903234e-05 2.2147500421851873e-03 -1.3975701294839382e-03 
-2.5544166419422254e-05 9.9998265504837036e-01 3.1300474802264944e-05 -7.1103342634160072e-05 
7.6583834015764296e-05 -3.7119265471119434e-05 9.9999928474426270e-01 -3.5333080177224474e-06 
0.0000000000000000e+00 0.0000000000000000e+00 0.0000000000000000e+00 1.0000000000000000e+00 
Art-clockwise/0036.pcd
1.0000182390213013e+00 -6.3224442783393897e-06 9.0703888417920098e-06 -8.9334498625248671e-04 
6.0043698795197997e-06 1.0000149011611938e+00 3.9535638052257127e-07 -1.9877712475135922e-05 
-7.6077380981587339e-06 4.5172478166932706e-06 1.0000036954879761e+00 6.7477791162673384e-05 
0.0000000000000000e+00 0.0000000000000000e+00 0.0000000000000000e+00 1.0000000000000000e+00 
Art-clockwise/0037.pcd
9.9999916553497314e-01 2.3029433577903546e-06 -2.6058535240736092e-06 5.0830078544095159e-04 
-3.6617836940422421e-06 9.9999499320983887e-01 1.4745374983249349e-06 1.7824151655077003e-05 
3.8520611269632354e-06 -1.0486052559599557e-07 1.0000013113021851e+00 -7.1009519160725176e-05 
0.0000000000000000e+00 0.0000000000000000e+00 0.0000000000000000e+00 1.0000000000000000e+00 
Art-clockwise/0038.pcd
1.0000237226486206e+00 1.9963499653385952e-05 -2.2489253751700744e-05 3.0938703566789627e-03 
-2.1673038645531051e-05 1.0000144243240356e+00 1.7947109881788492e-05 8.3770595665555447e-05 
2.6361001800978556e-05 -7.1034019129001535e-06 1.0000109672546387e+00 -3.8439800846390426e-04 
0.0000000000000000e+00 0.0000000000000000e+00 0.0000000000000000e+00 1.0000000000000000e+00 
Art-clockwise/0039.pcd
1.0000224113464355e+00 -7.1665926952846348e-06 4.3419853318482637e-04 -2.9937974177300930e-03 
5.7219344853365328e-06 1.0000067949295044e+00 -2.2258691387833096e-05 -1.1808605631813407e-04 
9.0144367277389392e-06 2.1741685486631468e-05 1.0000188350677490e+00 4.6699619269929826e-04 
0.0000000000000000e+00 0.0000000000000000e+00 0.0000000000000000e+00 1.0000000000000000e+00 
Art-clockwise/0040.pcd
1.0000054836273193e+00 -3.6204939533490688e-05 2.0577703253366053e-04 -4.5920647680759430e-03 
3.6341923987492919e-05 1.0000025033950806e+00 -1.1480521607154515e-05 5.5748878367012367e-05 
-3.7103553040651605e-05 9.3888911578687839e-06 1.0000005960464478e+00 2.1560897585004568e-04 
0.0000000000000000e+00 0.0000000000000000e+00 0.0000000000000000e+00 1.0000000000000000e+00 
Art-clockwise/0041.pcd
1.0000185966491699e+00 -4.3776504753623158e-05 -6.3879869412630796e-04 -2.1760291419923306e-03 
4.3177453335374594e-05 9.9999743700027466e-01 -3.1743937142891809e-05 3.7238645745674148e-05 
-1.1061989062000066e-04 2.1967223801766522e-05 1.0000133514404297e+00 2.5696601369418204e-04 
0.0000000000000000e+00 0.0000000000000000e+00 0.0000000000000000e+00 1.0000000000000000e+00 
Art-clockwise/0042.pcd
1.0000076293945312e+00 1.2873185914941132e-04 -1.6573151515331119e-04 8.3318809047341347e-03 
-1.3027671957388520e-04 1.0000097751617432e+00 -2.3987862732610665e-05 -3.6244277725927532e-04 
1.6890825645532459e-04 4.0239065128844231e-05 9.9999415874481201e-01 6.8102317163720727e-04 
0.0000000000000000e+00 0.0000000000000000e+00 0.0000000000000000e+00 1.0000000000000000e+00 
Art-clockwise/0043.pcd
1.0000170469284058e+00 -1.3417302398011088e-04 5.3800204768776894e-03 -8.3531979471445084e-03 
1.3215589569881558e-04 1.0000264644622803e+00 1.4347494288813323e-04 1.5582833439111710e-03 
1.3329351786524057e-03 -1.1419606744311750e-04 9.9999272823333740e-01 -4.2809625156223774e-03 
0.0000000000000000e+00 0.0000000000000000e+00 0.0000000000000000e+00 1.0000000000000000e+00 
Art-clockwise/0044.pcd
1.0000473260879517e+00 2.7951056836172938e-05 -3.9548860513605177e-05 3.4006740897893906e-03 
-2.9106018700986169e-05 1.0000089406967163e+00 2.5564229417796014e-06 -6.2732731748837978e-05 
3.9532682421850041e-05 -1.6271933418465778e-05 1.0000259876251221e+00 -1.0225592995993793e-04 
0.0000000000000000e+00 0.0000000000000000e+00 0.0000000000000000e+00 1.0000000000000000e+00 
Art-clockwise/0045.pcd
1.0000000000000000e+00 2.1780744646093808e-05 -8.5580250015482306e-04 5.6610852479934692e-03 
-2.1535346604650840e-05 9.9999505281448364e-01 1.6629706806270406e-05 -2.3714856070000678e-05 
-1.6174873962881975e-05 -2.4824512365739793e-05 1.0000030994415283e+00 -4.3907400686293840e-04 
0.0000000000000000e+00 0.0000000000000000e+00 0.0000000000000000e+00 1.0000000000000000e+00 
Art-clockwise/0046.pcd
1.0000243186950684e+00 4.3144016672158614e-05 -1.6181276878342032e-03 7.1732723154127598e-03 
-4.2503019358264282e-05 1.0000032186508179e+00 -1.3240206499176566e-05 -2.4230657436419278e-04 
-2.9250817533466034e-05 -3.1456056603929028e-06 1.0000323057174683e+00 -1.2406328460201621e-04 
0.0000000000000000e+00 0.0000000000000000e+00 0.0000000000000000e+00 1.0000000000000000e+00 
Art-clockwise/0047.pcd
1.0000113248825073e+00 2.9562768759205937e-05 -1.5648169210180640e-03 2.7615837752819061e-03 
-2.9986022127559409e-05 1.0000042915344238e+00 2.2115167666925117e-05 -1.1401306983316317e-04 
1.5636030584573746e-03 -2.5173663743771613e-05 1.0000116825103760e+00 -3.4410753869451582e-04 
0.0000000000000000e+00 0.0000000000000000e+00 0.0000000000000000e+00 1.0000000000000000e+00 
Art-clockwise/0048.pcd
1.0000020265579224e+00 1.9054383301408961e-05 1.0072974255308509e-03 -2.0828570704907179e-03 
-1.8926732082036324e-05 1.0000023841857910e+00 1.5341116522904485e-05 -1.1926564184250310e-04 
8.6980471678543836e-05 -1.5709661965956911e-05 9.9999958276748657e-01 2.4060875875875354e-04 
0.0000000000000000e+00 0.0000000000000000e+00 0.0000000000000000e+00 1.0000000000000000e+00 
Art-clockwise/0049.pcd
1.0000070333480835e+00 -5.2329065511003137e-05 -2.6897029019892216e-03 -4.0251323953270912e-03 
5.3186504374025390e-05 9.9999964237213135e-01 -6.5260159317404032e-05 7.1965689130593091e-05 
-1.4575400855392218e-03 6.5669773903209716e-05 1.0000026226043701e+00 2.0836691837757826e-03 
0.0000000000000000e+00 0.0000000000000000e+00 0.0000000000000000e+00 1.0000000000000000e+00 
Art-clockwise/0050.pcd
1.0000337362289429e+00 -7.2221249865833670e-05 -2.7091654483228922e-03 -3.2199781853705645e-03 
7.2106769948732108e-05 1.0000067949295044e+00 -4.3083597120130435e-05 6.8476656451821327e-05 
-1.0980415390804410e-04 4.2467901948839426e-05 1.0000106096267700e+00 -3.2278514117933810e-04 
0.0000000000000000e+00 0.0000000000000000e+00 0.0000000000000000e+00 1.0000000000000000e+00 
Art-clockwise/0051.pcd
1.0000096559524536e+00 -4.3615350477921311e-06 -3.1169725116342306e-04 1.2557565933093429e-03 
4.1512216739647556e-06 1.0000017881393433e+00 -6.8773067596339388e-07 1.2636921019293368e-04 
-2.5356292098877020e-05 -5.3420461654241080e-07 1.0000075101852417e+00 -3.1871514511294663e-04 
0.0000000000000000e+00 0.0000000000000000e+00 0.0000000000000000e+00 1.0000000000000000e+00 
Art-clockwise/0052.pcd
1.0000114440917969e+00 4.1198560211341828e-05 2.0675116684287786e-03 -2.4349916202481836e-04 
-4.0020473534241319e-05 1.0000026226043701e+00 1.7366831889376044e-04 1.2024927127640694e-04 
1.6148413997143507e-03 -1.8829063628800213e-04 1.0000122785568237e+00 -1.4814947498962283e-03 
0.0000000000000000e+00 0.0000000000000000e+00 0.0000000000000000e+00 1.0000000000000000e+00 
Art-clockwise/0053.pcd
9.9999976158142090e-01 -3.5086291609331965e-04 8.4543628618121147e-03 -4.7758955508470535e-02 
3.4977757604792714e-04 1.0000076293945312e+00 2.4833276984281838e-04 2.5971459690481424e-03 
-1.4592828229069710e-03 -2.3942848201841116e-04 9.9996638298034668e-01 3.4964203368872404e-03 
0.0000000000000000e+00 0.0000000000000000e+00 0.0000000000000000e+00 1.0000000000000000e+00 
Art-clockwise/0054.pcd
1.0000425577163696e+00 -3.0487690310110338e-05 3.2439152710139751e-04 -3.7141274660825729e-03 
2.9206197723397054e-05 1.0000087022781372e+00 5.5552859521412756e-06 3.1669496820541099e-05 
-2.7546844648895785e-05 -1.6152138414327055e-05 1.0000146627426147e+00 -1.0830112296389416e-04 
0.0000000000000000e+00 0.0000000000000000e+00 0.0000000000000000e+00 1.0000000000000000e+00 
Art-clockwise/0055.pcd
1.0000030994415283e+00 -2.0142853827564977e-05 7.0413538196589798e-05 -2.8624581173062325e-03 
2.0477076759561896e-05 9.9999749660491943e-01 -7.1548056439496577e-06 -4.2655738070607185e-05 
-2.7174284696229734e-05 3.8770394894527271e-06 1.0000001192092896e+00 1.4196812117006630e-04 
0.0000000000000000e+00 0.0000000000000000e+00 0.0000000000000000e+00 1.0000000000000000e+00 
Art-clockwise/0056.pcd
1.0000107288360596e+00 -8.5903975559631363e-06 9.4897413873695768e-06 -8.1669306382536888e-04 
8.3525274021667428e-06 1.0000131130218506e+00 -1.4405986803467385e-05 1.2708926806226373e-04 
-8.7795469880802557e-06 7.2560605985927396e-06 1.0000042915344238e+00 5.7206776546081528e-05 
0.0000000000000000e+00 0.0000000000000000e+00 0.0000000000000000e+00 1.0000000000000000e+00 
Art-clockwise/0057.pcd
1.0000221729278564e+00 -4.6365744310605805e-06 6.7081737142871134e-06 -6.2434421852231026e-04 
3.1901236070552841e-06 9.9999755620956421e-01 -4.1550688365532551e-06 -8.4543586126528680e-05 
-4.5002489059697837e-06 5.6311534990527434e-07 1.0000185966491699e+00 8.4392733697313815e-05 
0.0000000000000000e+00 0.0000000000000000e+00 0.0000000000000000e+00 1.0000000000000000e+00 
Art-clockwise/0058.pcd
1.0000014305114746e+00 -1.8325396013096906e-05 9.9510427389759570e-05 -2.9217030387371778e-03 
1.8249453205498867e-05 1.0000011920928955e+00 -6.2119147514749784e-06 -8.1751481047831476e-05 
-1.9963901650044136e-05 7.0757514549768530e-06 1.0000002384185791e+00 2.6181800058111548e-04 
0.0000000000000000e+00 0.0000000000000000e+00 0.0000000000000000e+00 1.0000000000000000e+00 
Art-clockwise/0059.pcd
1.0000128746032715e+00 -9.6495787147432566e-06 6.8862260377500206e-05 -1.4183428138494492e-03 
8.8977039922610857e-06 1.0000256299972534e+00 2.0571351342368871e-06 3.3500076824566349e-05 
-9.4606211860082112e-06 1.3188437151256949e-05 9.9998855590820312e-01 1.5994677960406989e-04 
0.0000000000000000e+00 0.0000000000000000e+00 0.0000000000000000e+00 1.0000000000000000e+00 
Art-clockwise/0060.pcd
1.0000332593917847e+00 -4.2041858250740916e-05 5.2518458687700331e-05 -5.1243039779365063e-03 
3.9686139643890783e-05 1.0000141859054565e+00 -5.3287698392523453e-05 1.1502725828904659e-04 
-4.9426711484557018e-05 6.3823368691373616e-05 1.0000144243240356e+00 8.4379938198253512e-04 
0.0000000000000000e+00 0.0000000000000000e+00 0.0000000000000000e+00 1.0000000000000000e+00 
Art-clockwise/0061.pcd
1.0000400543212891e+00 -1.4485685096587986e-04 4.6084271743893623e-03 -9.2380931600928307e-03 
1.4451712195295841e-04 1.0000208616256714e+00 2.8638532967306674e-04 1.6893150750547647e-03 
1.4150170609354973e-03 -2.8011345420964062e-04 1.0000079870223999e+00 -4.1397935710847378e-03 
0.0000000000000000e+00 0.0000000000000000e+00 0.0000000000000000e+00 1.0000000000000000e+00 
Art-clockwise/0062.pcd
9.9999755620956421e-01 4.5480912376660854e-05 3.3982974127866328e-04 3.4816046245396137e-03 
-4.4089556467952207e-05 9.9999874830245972e-01 2.1725183614762500e-05 -6.3359555497299880e-05 
9.0610970801208168e-05 -3.0904098821338266e-05 1.0000007152557373e+00 -2.3920321837067604e-04 
0.0000000000000000e+00 0.0000000000000000e+00 0.0000000000000000e+00 1.0000000000000000e+00 
Art-clockwise/0063.pcd
1.0000265836715698e+00 5.2216750191291794e-05 1.0456693416927010e-04 5.2520851604640484e-03 
-5.2438197599258274e-05 1.0000165700912476e+00 3.6932524380972609e-05 -1.6587587015237659e-04 
8.3880913734901696e-05 -4.3365445890231058e-05 1.0000169277191162e+00 -5.4980552522465587e-04 
0.0000000000000000e+00 0.0000000000000000e+00 0.0000000000000000e+00 1.0000000000000000e+00 
Art-clockwise/0064.pcd
1.0000089406967163e+00 -3.0904111918061972e-04 1.2308224104344845e-03 -1.2017634697258472e-02 
3.0951533699408174e-04 1.0000039339065552e+00 3.8223125739023089e-04 1.0405502980574965e-03 
-1.1452403850853443e-04 -3.8073747418820858e-04 1.0000048875808716e+00 -1.1205598711967468e-03 
0.0000000000000000e+00 0.0000000000000000e+00 0.0000000000000000e+00 1.0000000000000000e+00 
Art-clockwise/0065.pcd
1.0000125169754028e+00 2.8834608383476734e-04 -7.2651496157050133e-03 2.3665646091103554e-02 
-2.8707511955872178e-04 1.0000104904174805e+00 -1.3666342420037836e-04 -4.0077874436974525e-03 
-1.2822098797187209e-03 1.4457482029683888e-04 9.9997854232788086e-01 5.6646349839866161e-03 
0.0000000000000000e+00 0.0000000000000000e+00 0.0000000000000000e+00 1.0000000000000000e+00 
Art-clockwise/0066.pcd
1.0000116825103760e+00 -8.3355233073234558e-05 -6.5301940776407719e-03 -1.2781888246536255e-02 
8.3096645539626479e-05 1.0000096559524536e+00 -4.5413267798721790e-05 2.1192885469645262e-04 
-5.3802446927875280e-05 5.5690972658339888e-05 9.9998015165328979e-01 -6.7872875661123544e-05 
0.0000000000000000e+00 0.0000000000000000e+00 0.0000000000000000e+00 1.0000000000000000e+00 
Art-clockwise/0067.pcd
1.0000269412994385e+00 3.3769058063626289e-05 1.0557352652540430e-05 3.2157390378415585e-03 
-3.3453314244979993e-05 1.0000008344650269e+00 7.5175506935920566e-05 8.4593657447840087e-06 
-9.9300068541197106e-06 -8.1163947470486164e-05 1.0000008344650269e+00 -1.7118330579251051e-03 
0.0000000000000000e+00 0.0000000000000000e+00 0.0000000000000000e+00 1.0000000000000000e+00 
Art-clockwise/0068.pcd
1.0000194311141968e+00 3.1193041650112718e-05 4.3915351852774620e-04 1.3612665934488177e-03 
-2.9644466849276796e-05 9.9999749660491943e-01 2.8006095362798078e-06 -6.3130311900749803e-05 
7.7975892054382712e-05 -2.2666976292384788e-05 1.0000092983245850e+00 1.4226589701138437e-04 
0.0000000000000000e+00 0.0000000000000000e+00 0.0000000000000000e+00 1.0000000000000000e+00 
Art-clockwise/0069.pcd
9.9999290704727173e-01 -3.0498104024445638e-06 3.7531908674282022e-06 -6.2592467293143272e-04 
3.9429078242392279e-06 9.9999493360519409e-01 -2.6452894417161588e-06 -4.8910362238530070e-05 
-4.0431395973428153e-06 -4.0813611690282414e-07 9.9999910593032837e-01 9.3429385742638260e-05 
0.0000000000000000e+00 0.0000000000000000e+00 0.0000000000000000e+00 1.0000000000000000e+00 
Art-clockwise/0070.pcd
9.9999707937240601e-01 1.9756642359425314e-05 4.0035939309746027e-04 9.6168194431811571e-04 
-1.9618923033704050e-05 1.0000026226043701e+00 1.1433910003688652e-05 7.0082802267279476e-05 
4.6945446229074150e-05 -1.1435585292929318e-05 1.0000046491622925e+00 -4.0147584513761103e-04 
0.0000000000000000e+00 0.0000000000000000e+00 0.0000000000000000e+00 1.0000000000000000e+00 
Art-clockwise/0071.pcd
1.0000290870666504e+00 3.2764961360953748e-05 -1.4378208434209228e-03 3.0447656754404306e-03 
-3.3959706343011931e-05 1.0000096559524536e+00 6.9790730776730925e-05 -2.0839634817093611e-04 
1.5548870433121920e-03 -7.2208655183203518e-05 1.0000165700912476e+00 -1.5965515049174428e-03 
0.0000000000000000e+00 0.0000000000000000e+00 0.0000000000000000e+00 1.0000000000000000e+00 
Art-clockwise/0072.pcd
1.0000061988830566e+00 4.7916386392898858e-05 -1.5688344137743115e-03 4.7557489015161991e-03 
-4.7775662096682936e-05 9.9999761581420898e-01 6.6026957938447595e-05 -2.4125815252773464e-04 
1.5686386032029986e-03 -7.0795053034089506e-05 1.0000071525573730e+00 -1.5544552588835359e-03 
0.0000000000000000e+00 0.0000000000000000e+00 0.0000000000000000e+00 1.0000000000000000e+00 
Art-clockwise/0073.pcd
1.0000096559524536e+00 -2.3438113566953689e-04 3.9645438082516193e-03 -7.5639206916093826e-03 
2.3545006115455180e-04 1.0000034570693970e+00 5.4870848543941975e-04 1.0442347265779972e-03 
-7.4955087256967090e-06 -5.4331828141584992e-04 9.9999809265136719e-01 -1.2854185188189149e-03 
0.0000000000000000e+00 0.0000000000000000e+00 0.0000000000000000e+00 1.0000000000000000e+00 
Art-clockwise/0074.pcd
1.0000255107879639e+00 -2.9679201543331146e-04 2.4483195738866925e-04 -1.1488326825201511e-02 
2.9489875305444002e-04 1.0000287294387817e+00 2.5473590358160436e-04 7.5637834379449487e-04 
-2.4070541257970035e-04 -2.3403698287438601e-04 9.9999749660491943e-01 -4.0644465479999781e-04 
0.0000000000000000e+00 0.0000000000000000e+00 0.0000000000000000e+00 1.0000000000000000e+00 
Art-clockwise/0075.pcd
1.0000010728836060e+00 5.0712402298813686e-05 -1.1542421998456120e-03 3.4384639002382755e-03 
-5.0530190492281690e-05 1.0000121593475342e+00 6.3546081946697086e-05 -1.8094084225594997e-04 
1.6306977486237884e-03 -5.1681236072909087e-05 9.9998849630355835e-01 -7.5683055911213160e-04 
0.0000000000000000e+00 0.0000000000000000e+00 0.0000000000000000e+00 1.0000000000000000e+00 
Art-clockwise/0076.pcd
1.0000202655792236e+00 3.4809003409463912e-05 -6.3765887171030045e-04 2.0651421800721437e-04 
-3.5061879316344857e-05 1.0000110864639282e+00 2.2000665921950713e-05 -1.7114234651671723e-05 
1.6525773098692298e-03 -1.4739538528374396e-05 1.0000069141387939e+00 -5.8347541198600084e-05 
0.0000000000000000e+00 0.0000000000000000e+00 0.0000000000000000e+00 1.0000000000000000e+00 
Art-clockwise/0077.pcd
1.0000014305114746e+00 1.0345796908950433e-05 7.2521500987932086e-04 -2.1403534337878227e-03 
-1.0451462912897114e-05 1.0000019073486328e+00 4.7014227675390430e-06 -1.0221666889265180e-04 
5.6532673625042662e-05 -5.0909261517517734e-06 1.0000001192092896e+00 2.1182298951316625e-04 
0.0000000000000000e+00 0.0000000000000000e+00 0.0000000000000000e+00 1.0000000000000000e+00 
Art-clockwise/0078.pcd
9.9999487400054932e-01 2.9819753763149492e-05 3.2438784837722778e-03 1.9496983150020242e-03 
-2.8516684324131347e-05 9.9999248981475830e-01 7.1335038228426129e-05 8.9501954789739102e-05 
5.5433327361242846e-05 -8.0621044617146254e-05 9.9999421834945679e-01 -1.7740878683980554e-04 
0.0000000000000000e+00 0.0000000000000000e+00 0.0000000000000000e+00 1.0000000000000000e+00 
Art-clockwise/0079.pcd
1.0000420808792114e+00 -7.1256458795687649e-06 1.1619493598118424e-03 -5.5566844530403614e-03 
5.6887661230575759e-06 1.0000135898590088e+00 -5.6230699556181207e-05 -2.8263439162401482e-05 
3.6745375837199390e-05 6.2504193920176476e-05 1.0000176429748535e+00 8.3312002243474126e-04 
0.0000000000000000e+00 0.0000000000000000e+00 0.0000000000000000e+00 1.0000000000000000e+00 
Art-clockwise/0080.pcd
1.0000213384628296e+00 5.1300870836712420e-05 3.1013983971206471e-05 -4.0264811832457781e-04 
-5.2401614084374160e-05 1.0000251531600952e+00 7.7712516940664500e-05 -1.2595806038007140e-04 
1.7289171228185296e-03 -6.6824373789131641e-05 9.9999874830245972e-01 -1.7332517018076032e-04 
0.0000000000000000e+00 0.0000000000000000e+00 0.0000000000000000e+00 1.0000000000000000e+00 
Art-clockwise/0081.pcd
1.0000197887420654e+00 3.9703383663436398e-05 -1.8710423028096557e-03 4.9191089347004890e-03 
-3.9779421058483422e-05 1.0000066757202148e+00 5.9150952438358217e-05 -2.4229366681538522e-04 
1.5371460467576981e-03 -6.9630361394956708e-05 1.0000166893005371e+00 -1.5029977075755596e-03 
0.0000000000000000e+00 0.0000000000000000e+00 0.0000000000000000e+00 1.0000000000000000e+00 
Art-clockwise/0082.pcd
1.0000053644180298e+00 -2.0719338499475271e-04 1.4260644093155861e-03 -9.7203599289059639e-03 
2.0637093984987587e-04 1.0000196695327759e+00 2.9951272881589830e-04 8.5925927851349115e-04 
-4.5984779717400670e-05 -2.8304703300818801e-04 9.9998831748962402e-01 -9.6124236006289721e-04 
0.0000000000000000e+00 0.0000000000000000e+00 0.0000000000000000e+00 1.0000000000000000e+00 
Art-clockwise/0083.pcd
1.0000185966491699e+00 -2.2449998141382821e-05 -8.9760177070274949e-04 1.4272058615460992e-03 
2.2678395907860249e-05 1.0000004768371582e+00 -2.3736374714644626e-05 6.9868357968516648e-05 
-1.1658477160381153e-04 2.0029076040373184e-05 1.0000108480453491e+00 -5.4011860629543662e-04 
0.0000000000000000e+00 0.0000000000000000e+00 0.0000000000000000e+00 1.0000000000000000e+00 
Art-clockwise/0084.pcd
1.0000153779983521e+00 -3.6242774513084441e-05 -1.9642156548798084e-03 3.1944300280883908e-04 
3.6553148675011471e-05 1.0000110864639282e+00 -1.9099903511232696e-05 2.2396503482013941e-05 
-8.1918216892518103e-05 1.6882057025213726e-05 1.0000008344650269e+00 5.6266858337039594e-06 
0.0000000000000000e+00 0.0000000000000000e+00 0.0000000000000000e+00 1.0000000000000000e+00 
Art-clockwise/0085.pcd
1.0000017881393433e+00 -3.4682721889112145e-05 -1.0023280046880245e-03 -3.9537230622954667e-04 
3.5454846511129290e-05 1.0000028610229492e+00 -1.7759975889930502e-05 -8.5680054326076061e-05 
-1.0320000728825107e-04 8.0364179666503333e-06 9.9999850988388062e-01 7.9106248449534178e-04 
0.0000000000000000e+00 0.0000000000000000e+00 0.0000000000000000e+00 1.0000000000000000e+00 
Art-clockwise/0086.pcd
1.0000213384628296e+00 8.2049176853615791e-05 1.2840392628277186e-05 3.0690301209688187e-03 
-8.3042323240078986e-05 1.0000026226043701e+00 1.0742413724074140e-04 -3.7053501000627875e-04 
1.6948656411841512e-03 -1.1992490181000903e-04 1.0000307559967041e+00 -6.7113590193912387e-04 
0.0000000000000000e+00 0.0000000000000000e+00 0.0000000000000000e+00 1.0000000000000000e+00 
Art-clockwise/0087.pcd
1.0000103712081909e+00 1.0365308844484389e-04 -4.7211083583533764e-03 4.7094319015741348e-03 
-1.0260342969559133e-04 1.0000081062316895e+00 -5.3283391753211617e-04 -8.0443010665476322e-04 
-1.6261457931250334e-03 5.2552693523466587e-04 9.9999684095382690e-01 2.8989745769649744e-03 
0.0000000000000000e+00 0.0000000000000000e+00 0.0000000000000000e+00 1.0000000000000000e+00 
Art-clockwise/0088.pcd
1.0000170469284058e+00 -1.0707064066082239e-03 5.0121354870498180e-03 -5.3751040250062943e-02 
1.0728521738201380e-03 1.0000152587890625e+00 1.9284645095467567e-03 1.7202119342982769e-03 
7.7518430771306157e-04 -1.9189040176570415e-03 1.0000010728836060e+00 -4.3777003884315491e-03 
0.0000000000000000e+00 0.0000000000000000e+00 0.0000000000000000e+00 1.0000000000000000e+00 
Art-clockwise/0089.pcd
1.0000114440917969e+00 -1.3034371659159660e-04 -4.2892678175121546e-04 -7.9799564555287361e-03 
1.2987220543436706e-04 1.0000041723251343e+00 -3.0141391107463278e-05 3.8009724812582135e-04 
-4.2771725566126406e-04 2.8570544600370340e-05 1.0000079870223999e+00 -2.4348120205104351e-03 
0.0000000000000000e+00 0.0000000000000000e+00 0.0000000000000000e+00 1.0000000000000000e+00 
Art-clockwise/0090.pcd
1.0000211000442505e+00 -6.1696337070316076e-05 1.6596659552305937e-03 -1.7267372459173203e-02 
6.2005863583181053e-05 1.0000028610229492e+00 -4.6180615754565224e-05 1.3921866775490344e-04 
-3.5254515751148574e-06 4.0695755160413682e-05 9.9999827146530151e-01 1.4035321073606610e-03 
0.0000000000000000e+00 0.0000000000000000e+00 0.0000000000000000e+00 1.0000000000000000e+00 
Art-clockwise/0091.pcd
1.0000163316726685e+00 4.2247324017807841e-05 -2.6022766178357415e-05 4.7332276590168476e-03 
-4.2774627218022943e-05 1.0000094175338745e+00 5.4783271480118856e-05 2.1040767023805529e-04 
2.7542571842786856e-05 -4.8114325181813911e-05 1.0000146627426147e+00 -4.3645175173878670e-04 
0.0000000000000000e+00 0.0000000000000000e+00 0.0000000000000000e+00 1.0000000000000000e+00 
Art-clockwise/0092.pcd
1.0000201463699341e+00 2.2062314383219928e-04 9.0316793648526073e-04 9.8915072157979012e-03 
-2.1840860426891595e-04 1.0000008344650269e+00 1.2928729120176286e-04 -4.4958269427297637e-05 
3.1892224797047675e-04 -1.3799476437270641e-04 1.0000149011611938e+00 6.4456288237124681e-04 
0.0000000000000000e+00 0.0000000000000000e+00 0.0000000000000000e+00 1.0000000000000000e+00 
Art-clockwise/0093.pcd
1.0000177621841431e+00 -1.1805350659415126e-03 -1.2286558048799634e-03 8.5804080590605736e-03 
1.1799631174653769e-03 1.0000131130218506e+00 -6.0580269200727344e-04 2.4813434109091759e-02 
1.2319058878347278e-03 6.0121837304905057e-04 1.0000091791152954e+00 2.1896965801715851e-02 
0.0000000000000000e+00 0.0000000000000000e+00 0.0000000000000000e+00 1.0000000000000000e+00 
Art-clockwise/0094.pcd
1.0000153779983521e+00 5.2988292736699805e-05 8.3963990618940443e-05 5.2652829326689243e-03 
-5.3039162594359368e-05 1.0000182390213013e+00 4.2343686800450087e-05 3.1117495382204652e-04 
2.3478769435314462e-05 -4.2189109080936760e-05 1.0000020265579224e+00 2.5155293405987322e-04 
0.0000000000000000e+00 0.0000000000000000e+00 0.0000000000000000e+00 1.0000000000000000e+00 
Art-clockwise/0095.pcd
1.0000177621841431e+00 -5.8750076277647167e-05 -5.0084656104445457e-03 -7.2615463286638260e-03 
5.8347781305201352e-05 1.0000221729278564e+00 -2.1477632981259376e-04 -5.2346702432259917e-05 
-1.5349757450167090e-04 2.2509256086777896e-04 9.9999523162841797e-01 1.0059142950922251e-03 
0.0000000000000000e+00 0.0000000000000000e+00 0.0000000000000000e+00 1.0000000000000000e+00 
Art-clockwise/0096.pcd
1.0000197887420654e+00 -1.6586831770837307e-03 3.1946640228852630e-04 -2.3355588316917419e-02 
1.6576987691223621e-03 1.0000225305557251e+00 -1.9018113380298018e-04 2.3630928248167038e-02 
-3.1835911795496941e-04 1.9669489120133221e-04 1.0000088214874268e+00 2.4766877759248018e-03 
0.0000000000000000e+00 0.0000000000000000e+00 0.0000000000000000e+00 1.0000000000000000e+00 
Art-clockwise/0097.pcd
1.0000000000000000e+00 -1.7304063076153398e-03 2.0754254364874214e-04 -3.1163750216364861e-02 
1.7311924602836370e-03 1.0000023841857910e+00 -1.9261562556494027e-04 2.3942079395055771e-02 
-2.1011717035435140e-04 1.9371804955881089e-04 1.0000060796737671e+00 8.2304300740361214e-03 
0.0000000000000000e+00 0.0000000000000000e+00 0.0000000000000000e+00 1.0000000000000000e+00 
Art-clockwise/0098.pcd
1.0000064373016357e+00 -2.2960512433201075e-04 2.8134832973591983e-04 -1.1036219075322151e-02 
2.3156419047154486e-04 1.0000010728836060e+00 -2.1761250682175159e-03 2.6389325037598610e-02 
-2.7861294802278280e-04 2.1757960785180330e-03 1.0000019073486328e+00 1.1897112242877483e-02 
0.0000000000000000e+00 0.0000000000000000e+00 0.0000000000000000e+00 1.0000000000000000e+00 
Art-clockwise/0099.pcd
1.0000110864639282e+00 -6.5585823904257268e-05 1.1899924174940679e-05 -4.9538104794919491e-03 
6.5123414970003068e-05 1.0000101327896118e+00 -2.6910385713563301e-05 -5.1579441787907854e-05 
-1.1572557923500426e-05 2.9478434953489341e-05 1.0000079870223999e+00 -3.5021523945033550e-04 
0.0000000000000000e+00 0.0000000000000000e+00 0.0000000000000000e+00 1.0000000000000000e+00 
Art-clockwise/0100.pcd
