Art-clockwise/0000.pcd
-9.0015113353729248e-02 8.3306288719177246e-01 5.4580539464950562e-01 0.0000000000000000e+00 
9.8611259460449219e-01 1.5135008096694946e-01 -6.8374365568161011e-02 0.0000000000000000e+00 
-1.3956785202026367e-01 5.3207087516784668e-01 -8.3511757850646973e-01 0.0000000000000000e+00 
0.0000000000000000e+00 0.0000000000000000e+00 0.0000000000000000e+00 1.0000000000000000e+00 
Art-clockwise/0001.pcd
-7.9543178435415030e-04 6.2104535102844238e-01 -7.8379273414611816e-01 -6.3387514092028141e-03 
-4.4553846120834351e-01 -7.0190900564193726e-01 -5.5571192502975464e-01 5.5532846599817276e-03 
-8.9525961875915527e-01 3.4877249598503113e-01 2.7725854516029358e-01 -8.0375531688332558e-03 
0.0000000000000000e+00 0.0000000000000000e+00 0.0000000000000000e+00 1.0000000000000000e+00 
Art-clockwise/0002.pcd
-6.0816347599029541e-01 1.5514206886291504e-01 7.7850812673568726e-01 9.5813414081931114e-03 
7.9244905710220337e-01 1.7615748941898346e-01 5.8394849300384521e-01 3.3025788143277168e-03 
-4.6542398631572723e-02 9.7205895185470581e-01 -2.3007072508335114e-01 -5.8035687543451786e-03 
0.0000000000000000e+00 0.0000000000000000e+00 0.0000000000000000e+00 1.0000000000000000e+00 
Art-clockwise/0003.pcd
9.2562621831893921e-01 1.6921567916870117e-01 -3.3856838941574097e-01 1.6533199697732925e-02 
-6.1438176780939102e-02 9.4981920719146729e-01 3.0675110220909119e-01 3.7943248171359301e-03 
3.7348151206970215e-01 -2.6313927769660950e-01 8.8955456018447876e-01 -5.8520776219666004e-03 
0.0000000000000000e+00 0.0000000000000000e+00 0.0000000000000000e+00 1.0000000000000000e+00 
Art-clockwise/0004.pcd
1.5868155658245087e-01 7.9282116889953613e-01 -5.8843475580215454e-01 3.6390949971973896e-03 
-9.7921442985534668e-01 2.0265147089958191e-01 8.9791482314467430e-03 3.4124588128179312e-03 
1.2635861337184906e-01 5.7477563619613647e-01 8.0849128961563110e-01 -7.8488094732165337e-03 
0.0000000000000000e+00 0.0000000000000000e+00 0.0000000000000000e+00 1.0000000000000000e+00 
Art-clockwise/0005.pcd
-8.3039879798889160e-02 6.2316238880157471e-01 -7.7770799398422241e-01 1.2098451144993305e-02 
-6.9184434413909912e-01 -5.9773749113082886e-01 -4.0508234500885010e-01 3.7704366259276867e-03 
-7.1727222204208374e-01 5.0440251827239990e-01 4.8075002431869507e-01 -7.7736894600093365e-03 
0.0000000000000000e+00 0.0000000000000000e+00 0.0000000000000000e+00 1.0000000000000000e+00 
Art-clockwise/0006.pcd
-6.3381963968276978e-01 -6.0867285728454590e-01 4.7730153799057007e-01 1.4118424616754055e-02 
6.4042687416076660e-01 -6.6901497542858124e-02 7.6511794328689575e-01 4.9732285551726818e-03 
-4.3375399708747864e-01 7.9060351848602295e-01 4.3222284317016602e-01 -6.1098597943782806e-03 
0.0000000000000000e+00 0.0000000000000000e+00 0.0000000000000000e+00 1.0000000000000000e+00 
Art-clockwise/0007.pcd
9.3392163515090942e-01 1.3468083739280701e-01 -3.3113580942153931e-01 -3.4466490149497986e-02 
-2.6013927534222603e-02 9.4946444034576416e-01 3.1280207633972168e-01 -1.3081660727038980e-03 
3.5652878880500793e-01 -2.8351423144340515e-01 8.9022743701934814e-01 1.6177004436030984e-03 
0.0000000000000000e+00 0.0000000000000000e+00 0.0000000000000000e+00 1.0000000000000000e+00 
Art-clockwise/0008.pcd
5.7100988924503326e-02 9.2766153812408447e-01 3.6903294920921326e-01 -9.4643961638212204e-03 
9.6010279655456543e-01 5.0332352519035339e-02 -2.7508157491683960e-01 -6.6482136026024818e-04 
-2.7375748753547668e-01 3.7001648545265198e-01 -8.8777488470077515e-01 3.8582860725000501e-04 
0.0000000000000000e+00 0.0000000000000000e+00 0.0000000000000000e+00 1.0000000000000000e+00 
Art-clockwise/0009.pcd
2.8052088618278503e-01 -9.5978629589080811e-01 -1.3579980470240116e-02 1.3810114003717899e-02 
7.9059356451034546e-01 2.2300231456756592e-01 5.7030749320983887e-01 2.6429244317114353e-03 
-5.4432404041290283e-01 -1.7071780562400818e-01 8.2132762670516968e-01 -6.7931991070508957e-03 
0.0000000000000000e+00 0.0000000000000000e+00 0.0000000000000000e+00 1.0000000000000000e+00 
Art-clockwise/0010.pcd
8.6506766080856323e-01 -4.5452958345413208e-01 -2.1232409775257111e-01 1.0931923985481262e-02 
5.0068628787994385e-01 7.5562703609466553e-01 4.2233777046203613e-01 1.3384417397901416e-03 
-3.1528640538454056e-02 -4.7165119647979736e-01 8.8122123479843140e-01 -9.0279504656791687e-03 
0.0000000000000000e+00 0.0000000000000000e+00 0.0000000000000000e+00 1.0000000000000000e+00 
Art-clockwise/0011.pcd
-6.6869843006134033e-01 -5.2095216512680054e-01 5.3055101633071899e-01 1.6147356480360031e-02 
6.4098870754241943e-01 -4.2262397706508636e-02 7.6639509201049805e-01 5.4663801565766335e-03 
-3.7683558464050293e-01 8.5255497694015503e-01 3.6217352747917175e-01 -6.9520259276032448e-03 
0.0000000000000000e+00 0.0000000000000000e+00 0.0000000000000000e+00 1.0000000000000000e+00 
Art-clockwise/0012.pcd
-4.6857023239135742e-01 -8.2284253835678101e-01 3.2158011198043823e-01 -2.6687514036893845e-02 
6.7248320579528809e-01 -9.6138559281826019e-02 7.3386400938034058e-01 -2.8647065628319979e-03 
-5.7290053367614746e-01 5.6009304523468018e-01 5.9838694334030151e-01 -1.0837401263415813e-02 
0.0000000000000000e+00 0.0000000000000000e+00 0.0000000000000000e+00 1.0000000000000000e+00 
Art-clockwise/0013.pcd
9.4842809438705444e-01 4.5624192804098129e-02 -3.1368094682693481e-01 -3.4697338938713074e-02 
6.3976086676120758e-02 9.4166916608810425e-01 3.3039829134941101e-01 -7.2671407833695412e-03 
3.1045833230018616e-01 -3.3342722058296204e-01 8.9018911123275757e-01 -4.0199938230216503e-03 
0.0000000000000000e+00 0.0000000000000000e+00 0.0000000000000000e+00 1.0000000000000000e+00 
Art-clockwise/0014.pcd
9.5350635051727295e-01 -9.2164933681488037e-02 -2.8692916035652161e-01 -2.6646658778190613e-02 
1.9535318017005920e-01 9.1399878263473511e-01 3.5559788346290588e-01 -9.2796832323074341e-03 
2.2947780787944794e-01 -3.9512604475021362e-01 8.8950687646865845e-01 6.4498686697334051e-05 
0.0000000000000000e+00 0.0000000000000000e+00 0.0000000000000000e+00 1.0000000000000000e+00 
Art-clockwise/0015.pcd
9.4853210449218750e-01 -1.5914799273014069e-01 -2.7380537986755371e-01 -3.0281038954854012e-02 
2.5602614879608154e-01 8.9423233270645142e-01 3.6717122793197632e-01 -5.3508495911955833e-03 
1.8640808761119843e-01 -4.1837972402572632e-01 8.8894623517990112e-01 2.7010506018996239e-03 
0.0000000000000000e+00 0.0000000000000000e+00 0.0000000000000000e+00 1.0000000000000000e+00 
Art-clockwise/0016.pcd
9.2568254470825195e-01 -2.8547093272209167e-01 -2.4826230108737946e-01 -1.9745269790291786e-02 
3.6529737710952759e-01 8.4515392780303955e-01 3.9024260640144348e-01 -4.5586507767438889e-03 
9.8415993154048920e-02 -4.5192310214042664e-01 8.8661003112792969e-01 2.7907302137464285e-03 
0.0000000000000000e+00 0.0000000000000000e+00 0.0000000000000000e+00 1.0000000000000000e+00 
Art-clockwise/0017.pcd
9.0640538930892944e-01 2.3490709066390991e-01 -3.5110512375831604e-01 -2.1993385627865791e-02 
-1.3169878721237183e-01 9.4685584306716919e-01 2.9350534081459045e-01 -4.6726916916668415e-03 
4.0138468146324158e-01 -2.1978858113288879e-01 8.8914763927459717e-01 -1.6837680013850331e-03 
0.0000000000000000e+00 0.0000000000000000e+00 0.0000000000000000e+00 1.0000000000000000e+00 
Art-clockwise/0018.pcd
9.4598776102066040e-01 6.5559774637222290e-02 -3.1750985980033875e-01 -2.6377614587545395e-02 
4.4114980846643448e-02 9.4420295953750610e-01 3.2639601826667786e-01 -6.8132448941469193e-03 
3.2119280099868774e-01 -3.2277810573577881e-01 8.9031338691711426e-01 2.3348464164882898e-03 
0.0000000000000000e+00 0.0000000000000000e+00 0.0000000000000000e+00 1.0000000000000000e+00 
Art-clockwise/0019.pcd
-9.6162803471088409e-02 6.3450193405151367e-01 -7.6693081855773926e-01 -2.8075775131583214e-02 
-7.5264883041381836e-01 -5.5055832862854004e-01 -3.6111831665039062e-01 -7.6338080689311028e-03 
-6.5136301517486572e-01 5.4250580072402954e-01 5.3049820661544800e-01 5.2559999749064445e-03 
0.0000000000000000e+00 0.0000000000000000e+00 0.0000000000000000e+00 1.0000000000000000e+00 
Art-clockwise/0020.pcd
-1.9800920784473419e-01 -9.6580821275711060e-01 1.6731207072734833e-01 -6.8428134545683861e-03 
7.3928660154342651e-01 -3.5071406513452530e-02 6.7247664928436279e-01 -5.7376129552721977e-04 
-6.4361584186553955e-01 2.5684958696365356e-01 7.2095453739166260e-01 -1.0177158750593662e-02 
0.0000000000000000e+00 0.0000000000000000e+00 0.0000000000000000e+00 1.0000000000000000e+00 
Art-clockwise/0021.pcd
-9.3066044151782990e-02 6.8528044223785400e-01 -7.2231578826904297e-01 -3.0308522284030914e-02 
-9.0116643905639648e-01 -3.6645549535751343e-01 -2.3155574500560760e-01 -2.8068246319890022e-04 
-4.2337575554847717e-01 6.2937062978744507e-01 6.5164899826049805e-01 -7.9696420580148697e-03 
0.0000000000000000e+00 0.0000000000000000e+00 0.0000000000000000e+00 1.0000000000000000e+00 
Art-clockwise/0022.pcd
5.8784043788909912e-01 -8.0147188901901245e-01 -1.0998344421386719e-01 -3.8487769663333893e-02 
7.2831124067306519e-01 4.6512696146965027e-01 5.0321435928344727e-01 -1.3045575469732285e-02 
-3.5214984416961670e-01 -3.7590768933296204e-01 8.5713940858840942e-01 -1.5967669896781445e-03 
0.0000000000000000e+00 0.0000000000000000e+00 0.0000000000000000e+00 1.0000000000000000e+00 
Art-clockwise/0023.pcd
1.0498818941414356e-02 7.6170730590820312e-01 -6.4783418178558350e-01 -1.0749046690762043e-02 
-9.9463266134262085e-01 -5.8699488639831543e-02 -8.5135713219642639e-02 7.5393626466393471e-03 
-1.0287278890609741e-01 6.4525312185287476e-01 7.5700861215591431e-01 -8.2176160067319870e-03 
0.0000000000000000e+00 0.0000000000000000e+00 0.0000000000000000e+00 1.0000000000000000e+00 
Art-clockwise/0024.pcd
2.7717736363410950e-01 8.5661828517913818e-01 -4.3518328666687012e-01 1.5762126073241234e-02 
3.9665308594703674e-01 -5.1454609632492065e-01 -7.6020026206970215e-01 4.7975271008908749e-03 
-8.7512421607971191e-01 3.8094975054264069e-02 -4.8239889740943909e-01 -6.4379656687378883e-03 
0.0000000000000000e+00 0.0000000000000000e+00 0.0000000000000000e+00 1.0000000000000000e+00 
Art-clockwise/0025.pcd
6.9751739501953125e-01 -7.0146203041076660e-01 -1.4645281434059143e-01 1.2279347516596317e-02 
6.7132526636123657e-01 5.6819087266921997e-01 4.7589793801307678e-01 -6.4266240224242210e-03 
-2.5062426924705505e-01 -4.3027675151824951e-01 8.6723309755325317e-01 -1.2293053790926933e-02 
0.0000000000000000e+00 0.0000000000000000e+00 0.0000000000000000e+00 1.0000000000000000e+00 
Art-clockwise/0026.pcd
7.0525395870208740e-01 -6.9327694177627563e-01 -1.4836783707141876e-01 -3.7592481821775436e-02 
6.6618937253952026e-01 5.7642811536788940e-01 4.7322130203247070e-01 -4.4877906329929829e-03 
-2.4253028631210327e-01 -4.3256506323814392e-01 8.6836743354797363e-01 -2.6487949071452022e-05 
0.0000000000000000e+00 0.0000000000000000e+00 0.0000000000000000e+00 1.0000000000000000e+00 
Art-clockwise/0027.pcd
1.4426192641258240e-01 -9.8901581764221191e-01 3.2088790088891983e-02 -2.1587781608104706e-02 
7.8983551263809204e-01 1.3462278246879578e-01 5.9835952520370483e-01 -1.4904089039191604e-03 
-5.9610778093338013e-01 -6.0975700616836548e-02 8.0058294534683228e-01 9.5115759177133441e-04 
0.0000000000000000e+00 0.0000000000000000e+00 0.0000000000000000e+00 1.0000000000000000e+00 
Art-clockwise/0028.pcd
-3.0877497792243958e-01 6.2767744064331055e-01 7.1461927890777588e-01 -1.6185412183403969e-02 
9.5079523324966431e-01 2.2373372316360474e-01 2.1430836617946625e-01 -6.0471538454294205e-03 
-2.5370551273226738e-02 7.4563390016555786e-01 -6.6588151454925537e-01 -1.6039787442423403e-04 
0.0000000000000000e+00 0.0000000000000000e+00 0.0000000000000000e+00 1.0000000000000000e+00 
Art-clockwise/0029.pcd
-1.4217737317085266e-01 -9.7962033748626709e-01 1.4203663170337677e-01 -3.7009660154581070e-02 
7.5114434957504272e-01 -1.3316639699041843e-02 6.6002267599105835e-01 -9.1307079419493675e-03 
-6.4464509487152100e-01 2.0051944255828857e-01 7.3772215843200684e-01 -8.4044440882280469e-04 
0.0000000000000000e+00 0.0000000000000000e+00 0.0000000000000000e+00 1.0000000000000000e+00 
Art-clockwise/0030.pcd
2.6800811290740967e-01 9.5722210407257080e-01 -1.0934834182262421e-01 3.7062708288431168e-03 
7.1525853872299194e-01 -2.7372360229492188e-01 -6.4305299520492554e-01 4.4364505447447300e-03 
-6.4543801546096802e-01 9.4126544892787933e-02 -7.5800293684005737e-01 -7.6357838697731495e-03 
0.0000000000000000e+00 0.0000000000000000e+00 0.0000000000000000e+00 1.0000000000000000e+00 
Art-clockwise/0031.pcd
9.4979751110076904e-01 -1.4524322748184204e-01 -2.7712979912757874e-01 1.0903719812631607e-02 
2.4388347566127777e-01 8.9853060245513916e-01 3.6493939161300659e-01 6.9028967991471291e-03 
1.9600610435009003e-01 -4.1418790817260742e-01 8.8883280754089355e-01 -6.9203907623887062e-03 
0.0000000000000000e+00 0.0000000000000000e+00 0.0000000000000000e+00 1.0000000000000000e+00 
Art-clockwise/0032.pcd
8.0795228481292725e-01 -5.5900186300277710e-01 -1.8651588261127472e-01 -3.5963483154773712e-02 
5.7690739631652832e-01 6.8576431274414062e-01 4.4377723336219788e-01 -1.3079150579869747e-02 
-1.2015906721353531e-01 -4.6613827347755432e-01 8.7652796506881714e-01 -5.7356995530426502e-03 
0.0000000000000000e+00 0.0000000000000000e+00 0.0000000000000000e+00 1.0000000000000000e+00 
Art-clockwise/0033.pcd
9.4397896528244019e-01 7.9764410853385925e-02 -3.2021912932395935e-01 -2.0802479237318039e-02 
2.9809469357132912e-02 9.4577044248580933e-01 3.2346111536026001e-01 -1.9702140707522631e-03 
3.2865473628044128e-01 -3.1488540768623352e-01 8.9040982723236084e-01 6.9777751341462135e-03 
0.0000000000000000e+00 0.0000000000000000e+00 0.0000000000000000e+00 1.0000000000000000e+00 
Art-clockwise/0034.pcd
3.3147317171096802e-01 7.7763187885284424e-01 -5.3424364328384399e-01 -1.5618922188878059e-02 
-8.9486259222030640e-01 4.3853768706321716e-01 8.3104982972145081e-02 -2.5312304496765137e-03 
2.9890790581703186e-01 4.5052880048751831e-01 8.4123581647872925e-01 7.4006406066473573e-05 
0.0000000000000000e+00 0.0000000000000000e+00 0.0000000000000000e+00 1.0000000000000000e+00 
Art-clockwise/0035.pcd
-5.8450049161911011e-01 2.0961135625839233e-01 7.8386539220809937e-01 -3.1331737991422415e-03 
8.1075751781463623e-01 1.8917351961135864e-01 5.5396622419357300e-01 8.4555201465263963e-04 
-3.2173719257116318e-02 9.5932525396347046e-01 -2.8052067756652832e-01 -1.3998335925862193e-03 
0.0000000000000000e+00 0.0000000000000000e+00 0.0000000000000000e+00 1.0000000000000000e+00 
Art-clockwise/0036.pcd
2.1812357008457184e-01 -9.7590631246566772e-01 6.4756777137517929e-03 3.1969961710274220e-03 
7.9192841053009033e-01 1.8087290227413177e-01 5.8320105075836182e-01 5.3852808196097612e-04 
-5.7052791118621826e-01 -1.2117448449134827e-01 8.1229490041732788e-01 -2.0550610497593880e-03 
0.0000000000000000e+00 0.0000000000000000e+00 0.0000000000000000e+00 1.0000000000000000e+00 
Art-clockwise/0037.pcd
9.3090194463729858e-01 1.4800482988357544e-01 -3.3393970131874084e-01 8.6756263044662774e-05 
-3.9598796516656876e-02 9.4973224401473999e-01 3.1054344773292542e-01 1.1944624129682779e-03 
3.6311650276184082e-01 -2.7586176991462708e-01 8.8997077941894531e-01 7.0263328962028027e-04 
0.0000000000000000e+00 0.0000000000000000e+00 0.0000000000000000e+00 1.0000000000000000e+00 
Art-clockwise/0038.pcd
-9.4408921897411346e-02 6.3213431835174561e-01 -7.6911443471908569e-01 1.0969538241624832e-02 
-7.4481636285781860e-01 -5.5746281147003174e-01 -3.6674952507019043e-01 -6.6621851874515414e-04 
-6.6057968139648438e-01 5.3820937871932983e-01 5.2343511581420898e-01 -3.9187916554510593e-03 
0.0000000000000000e+00 0.0000000000000000e+00 0.0000000000000000e+00 1.0000000000000000e+00 
Art-clockwise/0039.pcd
-6.1242085695266724e-01 1.4610891044139862e-01 7.7689921855926514e-01 -7.2338408790528774e-03 
7.8900891542434692e-01 1.7378853261470795e-01 5.8928394317626953e-01 -4.9466295167803764e-03 
-4.8917550593614578e-02 9.7387737035751343e-01 -2.2171534597873688e-01 -2.2507617541123182e-04 
0.0000000000000000e+00 0.0000000000000000e+00 0.0000000000000000e+00 1.0000000000000000e+00 
Art-clockwise/0040.pcd
2.5392225384712219e-01 7.9054933786392212e-01 -5.5728602409362793e-01 -2.1993936970829964e-02 
-9.3946671485900879e-01 3.3861950039863586e-01 5.2295845001935959e-02 -3.1269832979887724e-03 
2.3005542159080505e-01 5.1027065515518188e-01 8.2867592573165894e-01 1.3109520077705383e-03 
0.0000000000000000e+00 0.0000000000000000e+00 0.0000000000000000e+00 1.0000000000000000e+00 
Art-clockwise/0041.pcd
1.4510987699031830e-01 9.6347898244857788e-01 2.2514669597148895e-01 -1.6507636755704880e-02 
9.1085094213485718e-01 -4.1213233023881912e-02 -4.1069227457046509e-01 -5.4765343666076660e-03 
-3.8643667101860046e-01 2.6448354125022888e-01 -8.8358938694000244e-01 -7.0933037204667926e-04 
0.0000000000000000e+00 0.0000000000000000e+00 0.0000000000000000e+00 1.0000000000000000e+00 
Art-clockwise/0042.pcd
5.5855870246887207e-01 -8.2336866855621338e-01 -1.0043732821941376e-01 -3.1372267752885818e-02 
7.3991423845291138e-01 4.3985819816589355e-01 5.0898402929306030e-01 6.3906242139637470e-03 
-3.7489339709281921e-01 -3.5860642790794373e-01 8.5490149259567261e-01 3.0565257184207439e-03 
0.0000000000000000e+00 0.0000000000000000e+00 0.0000000000000000e+00 1.0000000000000000e+00 
Art-clockwise/0043.pcd
9.1186124086380005e-01 -3.3380854129791260e-01 -2.3896731436252594e-01 1.1588184162974358e-02 
4.0563037991523743e-01 8.2225704193115234e-01 3.9923539757728577e-01 2.8661775868386030e-03 
6.3234888017177582e-02 -4.6094706654548645e-01 8.8516706228256226e-01 -7.9761454835534096e-03 
0.0000000000000000e+00 0.0000000000000000e+00 0.0000000000000000e+00 1.0000000000000000e+00 
Art-clockwise/0044.pcd
9.5107173919677734e-01 1.6371782869100571e-02 -3.0862638354301453e-01 7.3864990845322609e-03 
9.2820025980472565e-02 9.3736129999160767e-01 3.3576479554176331e-01 1.7623029416427016e-03 
2.9478895664215088e-01 -3.4799173474311829e-01 8.8996821641921997e-01 -3.3428177703171968e-03 
0.0000000000000000e+00 0.0000000000000000e+00 0.0000000000000000e+00 1.0000000000000000e+00 
Art-clockwise/0045.pcd
9.4812071323394775e-01 -1.6123361885547638e-01 -2.7395051717758179e-01 1.2299736961722374e-02 
2.5820794701576233e-01 8.9328765869140625e-01 3.6788690090179443e-01 5.4708952084183693e-03 
1.8540070950984955e-01 -4.1956621408462524e-01 8.8860100507736206e-01 -4.5006754808127880e-03 
0.0000000000000000e+00 0.0000000000000000e+00 0.0000000000000000e+00 1.0000000000000000e+00 
Art-clockwise/0046.pcd
8.8614737987518311e-01 -4.0612033009529114e-01 -2.2320523858070374e-01 9.2284325510263443e-03 
4.6334716677665710e-01 7.8422492742538452e-01 4.1264384984970093e-01 6.5764188766479492e-03 
7.4578193016350269e-03 -4.6909922361373901e-01 8.8312846422195435e-01 -8.5666812956333160e-03 
0.0000000000000000e+00 0.0000000000000000e+00 0.0000000000000000e+00 1.0000000000000000e+00 
Art-clockwise/0047.pcd
5.9510731697082520e-01 6.5751796960830688e-01 -4.6209874749183655e-01 6.7515806294977665e-03 
-6.6610854864120483e-01 7.2524690628051758e-01 1.7411294579505920e-01 9.0356444707140326e-04 
4.4962126016616821e-01 2.0418815314769745e-01 8.6957824230194092e-01 -8.2483189180493355e-03 
0.0000000000000000e+00 0.0000000000000000e+00 0.0000000000000000e+00 1.0000000000000000e+00 
Art-clockwise/0048.pcd
-5.3352928161621094e-01 -7.5925838947296143e-01 3.7268188595771790e-01 3.9698942564427853e-03 
6.5708065032958984e-01 -9.4644539058208466e-02 7.4785298109054565e-01 1.2798884417861700e-03 
-5.3253394365310669e-01 6.4387756586074829e-01 5.4939109086990356e-01 2.2125504910945892e-03 
0.0000000000000000e+00 0.0000000000000000e+00 0.0000000000000000e+00 1.0000000000000000e+00 
Art-clockwise/0049.pcd
-9.2742674052715302e-02 6.8651181459426880e-01 -7.2119784355163574e-01 -1.8138227984309196e-02 
-9.0291446447372437e-01 -3.6328443884849548e-01 -2.2970163822174072e-01 -4.2780642397701740e-03 
-4.1969144344329834e-01 6.2987971305847168e-01 6.5355318784713745e-01 3.4287676680833101e-03 
0.0000000000000000e+00 0.0000000000000000e+00 0.0000000000000000e+00 1.0000000000000000e+00 
Art-clockwise/0050.pcd
-5.5907446146011353e-01 -7.2887820005416870e-01 3.9529055356979370e-01 -1.5374401584267616e-02 
6.5172612667083740e-01 -9.1569826006889343e-02 7.5291317701339722e-01 -2.3242533206939697e-03 
-5.1257520914077759e-01 6.7853510379791260e-01 5.2620363235473633e-01 1.4996561221778393e-03 
0.0000000000000000e+00 0.0000000000000000e+00 0.0000000000000000e+00 1.0000000000000000e+00 
Art-clockwise/0051.pcd
-3.1653311848640442e-01 -9.2104542255401611e-01 2.2690127789974213e-01 -5.3002000786364079e-03 
7.1155482530593872e-01 -7.2367303073406219e-02 6.9888365268707275e-01 1.1715881992131472e-03 
-6.2729626893997192e-01 3.8267588615417480e-01 6.7828029394149780e-01 -2.4784430861473083e-03 
0.0000000000000000e+00 0.0000000000000000e+00 0.0000000000000000e+00 1.0000000000000000e+00 
Art-clockwise/0052.pcd
9.4206959009170532e-01 -2.0519772171974182e-01 -2.6533886790275574e-01 1.3189280405640602e-02 
2.9709088802337646e-01 8.7764847278594971e-01 3.7608039379119873e-01 1.8422823632135987e-04 
1.5570497512817383e-01 -4.3314349651336670e-01 8.8778996467590332e-01 -1.0995717719197273e-02 
0.0000000000000000e+00 0.0000000000000000e+00 0.0000000000000000e+00 1.0000000000000000e+00 
Art-clockwise/0053.pcd
8.6301463842391968e-01 -4.5906004309654236e-01 -2.1086068451404572e-01 -2.7171105146408081e-02 
5.0393879413604736e-01 7.5317245721817017e-01 4.2281666398048401e-01 -8.6681572720408440e-03 
-3.5283539444208145e-02 -4.7115737199783325e-01 8.8133817911148071e-01 3.9894557558000088e-03 
0.0000000000000000e+00 0.0000000000000000e+00 0.0000000000000000e+00 1.0000000000000000e+00 
Art-clockwise/0054.pcd
9.4681394100189209e-01 -1.7364829778671265e-01 -2.7094495296478271e-01 -1.9293991848826408e-02 
2.6898047327995300e-01 8.8923257589340210e-01 3.7004169821739197e-01 -2.7325637638568878e-03 
1.7667473852634430e-01 -4.2323487997055054e-01 8.8863354921340942e-01 -4.1688224882818758e-04 
0.0000000000000000e+00 0.0000000000000000e+00 0.0000000000000000e+00 1.0000000000000000e+00 
Art-clockwise/0055.pcd
5.8820611238479614e-01 -8.0121588706970215e-01 -1.0986088961362839e-01 -1.1662918142974377e-02 
7.2838616371154785e-01 4.6584600210189819e-01 5.0243449211120605e-01 -2.3392722941935062e-03 
-3.5138276219367981e-01 -3.7555795907974243e-01 8.5760760307312012e-01 3.8048543501645327e-03 
0.0000000000000000e+00 0.0000000000000000e+00 0.0000000000000000e+00 1.0000000000000000e+00 
Art-clockwise/0056.pcd
9.5353293418884277e-01 -9.1504991054534912e-02 -2.8705710172653198e-01 -4.3473592959344387e-03 
1.9468496739864349e-01 9.1427260637283325e-01 3.5525357723236084e-01 2.4476535618305206e-03 
2.2994084656238556e-01 -3.9463093876838684e-01 8.8960266113281250e-01 4.1733516263775527e-04 
0.0000000000000000e+00 0.0000000000000000e+00 0.0000000000000000e+00 1.0000000000000000e+00 
Art-clockwise/0057.pcd
6.5851092338562012e-01 6.0785180330276489e-01 -4.4376528263092041e-01 -5.4239324526861310e-04 
-5.9138804674148560e-01 7.8260207176208496e-01 1.9440884888172150e-01 3.4575563040561974e-04 
4.6546465158462524e-01 1.3441461324691772e-01 8.7482267618179321e-01 1.3657967792823911e-03 
0.0000000000000000e+00 0.0000000000000000e+00 0.0000000000000000e+00 1.0000000000000000e+00 
Art-clockwise/0058.pcd
-2.1508185192942619e-02 6.1743974685668945e-01 -7.8634119033813477e-01 -8.9474925771355629e-03 
-4.9801450967788696e-01 -6.8860274553298950e-01 -5.2707177400588989e-01 -4.8061716370284557e-04 
-8.6691486835479736e-01 3.8027992844581604e-01 3.2230755686759949e-01 4.3034362606704235e-03 
0.0000000000000000e+00 0.0000000000000000e+00 0.0000000000000000e+00 1.0000000000000000e+00 
Art-clockwise/0059.pcd
4.6429419517517090e-01 -8.8283437490463257e-01 -7.1038745343685150e-02 -4.1751195676624775e-03 
7.6689940690994263e-01 3.6060342192649841e-01 5.3089600801467896e-01 -1.1007542489096522e-03 
-4.4306030869483948e-01 -3.0096295475959778e-01 8.4445661306381226e-01 9.4133586389943957e-04 
0.0000000000000000e+00 0.0000000000000000e+00 0.0000000000000000e+00 1.0000000000000000e+00 
Art-clockwise/0060.pcd
-1.0255003720521927e-01 -9.8682427406311035e-01 1.2529098987579346e-01 -2.3097135126590729e-02 
7.5877594947814941e-01 3.8478451315313578e-03 6.5135061740875244e-01 -8.2666054368019104e-03 
-6.4324188232421875e-01 1.6185991466045380e-01 7.4837619066238403e-01 2.2400456946343184e-03 
0.0000000000000000e+00 0.0000000000000000e+00 0.0000000000000000e+00 1.0000000000000000e+00 
Art-clockwise/0061.pcd
2.1992944180965424e-01 -9.7550439834594727e-01 6.1994725838303566e-03 -1.8309565493836999e-03 
7.9174584150314331e-01 1.8220625817775726e-01 5.8304935693740845e-01 2.5415406562387943e-03 
-5.6989091634750366e-01 -1.2332093715667725e-01 8.1241774559020996e-01 -9.3074403703212738e-03 
0.0000000000000000e+00 0.0000000000000000e+00 0.0000000000000000e+00 1.0000000000000000e+00 
Art-clockwise/0062.pcd
5.8928687125444412e-02 9.2806887626647949e-01 3.6775156855583191e-01 1.5490308403968811e-02 
9.5958030223846436e-01 4.8906147480010986e-02 -2.7718433737754822e-01 4.7398200258612633e-03 
-2.7524292469024658e-01 3.6921960115432739e-01 -8.8766956329345703e-01 -2.9614921659231186e-03 
0.0000000000000000e+00 0.0000000000000000e+00 0.0000000000000000e+00 1.0000000000000000e+00 
Art-clockwise/0063.pcd
8.8226801156997681e-01 -4.1573655605316162e-01 -2.2099040448665619e-01 7.6459730044007301e-03 
4.7081163525581360e-01 7.7880603075027466e-01 4.1452011466026306e-01 6.0347397811710835e-03 
-2.2050412371754646e-04 -4.6974754333496094e-01 8.8281673192977905e-01 -7.8302640467882156e-03 
0.0000000000000000e+00 0.0000000000000000e+00 0.0000000000000000e+00 1.0000000000000000e+00 
Art-clockwise/0064.pcd
8.7610673904418945e-01 -4.3033123016357422e-01 -2.1738541126251221e-01 -3.4753240644931793e-02 
4.8196208477020264e-01 7.7019011974334717e-01 4.1775518655776978e-01 -1.0626227594912052e-02 
-1.2342911213636398e-02 -4.7076258063316345e-01 8.8216900825500488e-01 -2.1107527427375317e-03 
0.0000000000000000e+00 0.0000000000000000e+00 0.0000000000000000e+00 1.0000000000000000e+00 
Art-clockwise/0065.pcd
-5.9076243638992310e-01 1.9660979509353638e-01 7.8250175714492798e-01 -2.7744222432374954e-02 
8.0607473850250244e-01 1.8585802614688873e-01 5.6186205148696899e-01 -2.7356813661754131e-03 
-3.4963399171829224e-02 9.6269702911376953e-01 -2.6828432083129883e-01 4.5810351148247719e-03 
0.0000000000000000e+00 0.0000000000000000e+00 0.0000000000000000e+00 1.0000000000000000e+00 
Art-clockwise/0066.pcd
-1.3073766231536865e-01 7.9929924011230469e-01 5.8657705783843994e-01 4.7491327859461308e-03 
9.8513895273208618e-01 1.7129103839397430e-01 -1.3841065578162670e-02 -6.0272901318967342e-03 
-1.1117899417877197e-01 5.7387733459472656e-01 -8.1136590242385864e-01 4.6206424012780190e-03 
0.0000000000000000e+00 0.0000000000000000e+00 0.0000000000000000e+00 1.0000000000000000e+00 
Art-clockwise/0067.pcd
-2.1928818523883820e-01 -9.5942664146423340e-01 1.7734685540199280e-01 -1.5145725570619106e-02 
7.3470067977905273e-01 -4.2777657508850098e-02 6.7702960968017578e-01 2.0617800764739513e-03 
-6.4197516441345215e-01 2.7875742316246033e-01 7.1425491571426392e-01 -9.4347149133682251e-03 
0.0000000000000000e+00 0.0000000000000000e+00 0.0000000000000000e+00 1.0000000000000000e+00 
Art-clockwise/0068.pcd
-7.6621465384960175e-02 8.4286493062973022e-01 5.3265982866287231e-01 6.4830025658011436e-03 
9.8576551675796509e-01 1.4419913291931152e-01 -8.6377970874309540e-02 1.5767554286867380e-03 
-1.4962385594844818e-01 5.1846432685852051e-01 -8.4192514419555664e-01 -2.1282907109707594e-03 
0.0000000000000000e+00 0.0000000000000000e+00 0.0000000000000000e+00 1.0000000000000000e+00 
Art-clockwise/0069.pcd
6.9816762208938599e-01 5.7115203142166138e-01 -4.3168166279792786e-01 -2.8129289858043194e-03 
-5.3894722461700439e-01 8.1619393825531006e-01 2.0824356377124786e-01 -1.9087380496785045e-03 
4.7149491310119629e-01 8.7443985044956207e-02 8.7752217054367065e-01 -4.1133132763206959e-03 
0.0000000000000000e+00 0.0000000000000000e+00 0.0000000000000000e+00 1.0000000000000000e+00 
Art-clockwise/0070.pcd
3.2971143722534180e-01 7.7765071392059326e-01 -5.3532642126083374e-01 5.1778531633317471e-03 
-8.9586722850799561e-01 4.3660700321197510e-01 8.2474566996097565e-02 3.8034101016819477e-03 
2.9785975813865662e-01 4.5238706469535828e-01 8.4062153100967407e-01 -1.7923676641657948e-03 
0.0000000000000000e+00 0.0000000000000000e+00 0.0000000000000000e+00 1.0000000000000000e+00 
Art-clockwise/0071.pcd
1.6356050968170166e-01 9.6791189908981323e-01 1.9090275466442108e-01 7.9912273213267326e-03 
8.9575237035751343e-01 -6.4614810049533844e-02 -4.3985328078269958e-01 5.4717869497835636e-03 
-4.1339579224586487e-01 2.4294383823871613e-01 -8.7755858898162842e-01 -7.4198273941874504e-03 
0.0000000000000000e+00 0.0000000000000000e+00 0.0000000000000000e+00 1.0000000000000000e+00 
Art-clockwise/0072.pcd
6.2868243455886841e-01 -7.6781004667282104e-01 -1.2343402206897736e-01 1.2843286618590355e-02 
7.1022003889083862e-01 5.0222450494766235e-01 4.9330142140388489e-01 6.3036184292286634e-04 
-3.1677916646003723e-01 -3.9780506491661072e-01 8.6106282472610474e-01 -1.0395218618214130e-02 
0.0000000000000000e+00 0.0000000000000000e+00 0.0000000000000000e+00 1.0000000000000000e+00 
Art-clockwise/0073.pcd
9.5291751623153687e-01 -9.0551953762769699e-03 -3.0310887098312378e-01 -3.4007959067821503e-02 
1.1702630668878555e-01 9.3310749530792236e-01 3.4003263711929321e-01 -5.2514076232910156e-03 
2.7975144982337952e-01 -3.5948911309242249e-01 8.9022248983383179e-01 1.7238571308553219e-04 
0.0000000000000000e+00 0.0000000000000000e+00 0.0000000000000000e+00 1.0000000000000000e+00 
Art-clockwise/0074.pcd
8.8449233770370483e-01 2.9278588294982910e-01 -3.6326190829277039e-01 -3.7962067872285843e-02 
-1.9541755318641663e-01 9.3948572874069214e-01 2.8140544891357422e-01 -1.0592687875032425e-02 
4.2366626858711243e-01 -1.7790234088897705e-01 8.8817495107650757e-01 -3.4446836798451841e-04 
0.0000000000000000e+00 0.0000000000000000e+00 0.0000000000000000e+00 1.0000000000000000e+00 
Art-clockwise/0075.pcd
2.7402061223983765e-01 8.4984850883483887e-01 -4.5018011331558228e-01 -9.3823978677392006e-03 
3.7778848409652710e-01 -5.2559214830398560e-01 -7.6225435733795166e-01 5.7232081890106201e-03 
-8.8441014289855957e-01 3.8797978311777115e-02 -4.6508905291557312e-01 -9.1975536197423935e-03 
0.0000000000000000e+00 0.0000000000000000e+00 0.0000000000000000e+00 1.0000000000000000e+00 
Art-clockwise/0076.pcd
-9.7969174385070801e-02 6.3702827692031860e-01 -7.6460653543472290e-01 1.2968026101589203e-02 
-7.6770776510238647e-01 -5.3729468584060669e-01 -3.4927541017532349e-01 4.5684291981160641e-03 
-6.3330709934234619e-01 5.5274122953414917e-01 5.4165536165237427e-01 -9.1768577694892883e-03 
0.0000000000000000e+00 0.0000000000000000e+00 0.0000000000000000e+00 1.0000000000000000e+00 
Art-clockwise/0077.pcd
-8.6916863918304443e-02 6.9438511133193970e-01 -7.1436208486557007e-01 1.6214436618611217e-03 
-9.1834211349487305e-01 -3.3377513289451599e-01 -2.1270357072353363e-01 1.2783290585502982e-03 
-3.8613846898078918e-01 6.3753527402877808e-01 6.6668665409088135e-01 8.5245945956557989e-04 
0.0000000000000000e+00 0.0000000000000000e+00 0.0000000000000000e+00 1.0000000000000000e+00 
Art-clockwise/0078.pcd
2.7142661809921265e-01 9.5389014482498169e-01 -1.2819209694862366e-01 -2.4481201544404030e-03 
7.0092856884002686e-01 -2.8718411922454834e-01 -6.5286296606063843e-01 1.1729277903214097e-03 
-6.5956979990005493e-01 8.7349988520145416e-02 -7.4655365943908691e-01 -9.3664525775238872e-04 
0.0000000000000000e+00 0.0000000000000000e+00 0.0000000000000000e+00 1.0000000000000000e+00 
Art-clockwise/0079.pcd
1.5247762203216553e-01 -9.8793536424636841e-01 2.7612665668129921e-02 9.9025610834360123e-03 
7.8981381654739380e-01 1.3860097527503967e-01 5.9747767448425293e-01 -1.0321283712983131e-02 
-5.9450340270996094e-01 -6.6491670906543732e-02 8.0132395029067993e-01 2.6557571254670620e-03 
0.0000000000000000e+00 0.0000000000000000e+00 0.0000000000000000e+00 1.0000000000000000e+00 
Art-clockwise/0080.pcd
6.7808258533477783e-01 -7.2158694267272949e-01 -1.3970327377319336e-01 1.1335196904838085e-02 
6.8361896276473999e-01 5.4938238859176636e-01 4.8047515749931335e-01 6.4656892791390419e-03 
-2.6994296908378601e-01 -4.2129695415496826e-01 8.6581373214721680e-01 -7.1181105449795723e-03 
0.0000000000000000e+00 0.0000000000000000e+00 0.0000000000000000e+00 1.0000000000000000e+00 
Art-clockwise/0081.pcd
-6.4851909875869751e-01 -5.7603293657302856e-01 4.9760857224464417e-01 1.3350147753953934e-02 
6.3980513811111450e-01 -5.8324117213487625e-02 7.6632344722747803e-01 1.2497236020863056e-03 
-4.1240486502647400e-01 8.1534606218338013e-01 4.0637144446372986e-01 -8.2572940737009048e-03 
0.0000000000000000e+00 0.0000000000000000e+00 0.0000000000000000e+00 1.0000000000000000e+00 
Art-clockwise/0082.pcd
2.1956676244735718e-01 9.7388100624084473e-01 5.7897336781024933e-02 -3.6032814532518387e-02 
8.2726746797561646e-01 -1.5439829230308533e-01 -5.4018330574035645e-01 -6.6317697055637836e-03 
-5.1712858676910400e-01 1.6650170087814331e-01 -8.3955603837966919e-01 1.0943975066766143e-03 
0.0000000000000000e+00 0.0000000000000000e+00 0.0000000000000000e+00 1.0000000000000000e+00 
Art-clockwise/0083.pcd
9.5038741827011108e-01 2.6711160317063332e-02 -3.0991613864898682e-01 -1.0698785074055195e-02 
8.2300297915935516e-02 9.3920981884002686e-01 3.3333063125610352e-01 7.4075878364965320e-04 
2.9998028278350830e-01 -3.4229946136474609e-01 8.9041602611541748e-01 4.0866243652999401e-03 
0.0000000000000000e+00 0.0000000000000000e+00 0.0000000000000000e+00 1.0000000000000000e+00 
Art-clockwise/0084.pcd
9.3588203191757202e-01 -2.4008612334728241e-01 -2.5784632563591003e-01 -2.6400417555123568e-03 
3.2698294520378113e-01 8.6440408229827881e-01 3.8195538520812988e-01 1.0740471770986915e-04 
1.3118016719818115e-01 -4.4177782535552979e-01 8.8748121261596680e-01 5.3977704374119639e-04 
0.0000000000000000e+00 0.0000000000000000e+00 0.0000000000000000e+00 1.0000000000000000e+00 
Art-clockwise/0085.pcd
6.3013054430484772e-02 6.4545702934265137e-01 -7.6119339466094971e-01 -9.7059989348053932e-03 
-2.8411582112312317e-01 -7.1954697370529175e-01 -6.3366252183914185e-01 -4.5454171486198902e-03 
-9.5671761035919189e-01 2.5619778037071228e-01 1.3804557919502258e-01 2.6026281993836164e-03 
0.0000000000000000e+00 0.0000000000000000e+00 0.0000000000000000e+00 1.0000000000000000e+00 
Art-clockwise/0086.pcd
9.5401197671890259e-01 -4.3209835886955261e-02 -2.9664006829261780e-01 -1.4994880184531212e-02 
1.4966216683387756e-01 9.2605715990066528e-01 3.4642982482910156e-01 3.4704839345067739e-03 
2.5973865389823914e-01 -3.7490820884704590e-01 8.8994616270065308e-01 -1.8267242237925529e-02 
0.0000000000000000e+00 0.0000000000000000e+00 0.0000000000000000e+00 1.0000000000000000e+00 
Art-clockwise/0087.pcd
5.2229261398315430e-01 7.0389723777770996e-01 -4.8140174150466919e-01 -2.1748943254351616e-02 
-7.4274265766143799e-01 6.5284717082977295e-01 1.4874982833862305e-01 1.0908586904406548e-02 
4.1898643970489502e-01 2.7986529469490051e-01 8.6378908157348633e-01 -1.0338810272514820e-02 
0.0000000000000000e+00 0.0000000000000000e+00 0.0000000000000000e+00 1.0000000000000000e+00 
Art-clockwise/0088.pcd
8.7261867523193359e-01 3.1936776638031006e-01 -3.6952140927314758e-01 -4.0150806307792664e-03 
-2.2514285147190094e-01 9.3443787097930908e-01 2.7593985199928284e-01 -7.8384000808000565e-03 
4.3342322111129761e-01 -1.5759676694869995e-01 8.8731288909912109e-01 1.7341657076030970e-03 
0.0000000000000000e+00 0.0000000000000000e+00 0.0000000000000000e+00 1.0000000000000000e+00 
Art-clockwise/0089.pcd
-3.1349140405654907e-01 -9.2255097627639771e-01 2.2512042522430420e-01 -3.5011246800422668e-02 
7.1187841892242432e-01 -7.1407943964004517e-02 6.9869208335876465e-01 -4.3331040069460869e-03 
-6.2848109006881714e-01 3.7927496433258057e-01 6.7910432815551758e-01 -1.0727674234658480e-03 
0.0000000000000000e+00 0.0000000000000000e+00 0.0000000000000000e+00 1.0000000000000000e+00 
Art-clockwise/0090.pcd
2.3553098738193512e-01 7.8688573837280273e-01 -5.7038384675979614e-01 -1.2466174550354481e-02 
2.0265032351016998e-01 -6.1375325918197632e-01 -7.6303565502166748e-01 6.5424069762229919e-03 
-9.5050048828125000e-01 6.4134001731872559e-02 -3.0401894450187683e-01 4.2224689386785030e-03 
0.0000000000000000e+00 0.0000000000000000e+00 0.0000000000000000e+00 1.0000000000000000e+00 
Art-clockwise/0091.pcd
1.7516902089118958e-01 7.2102051973342896e-01 -6.7042899131774902e-01 4.9750790931284428e-03 
6.3494611531496048e-03 -6.8176537752151489e-01 -7.3155224323272705e-01 7.2254464030265808e-03 
-9.8453384637832642e-01 1.2388474494218826e-01 -1.2400696426630020e-01 -2.7750290464609861e-03 
0.0000000000000000e+00 0.0000000000000000e+00 0.0000000000000000e+00 1.0000000000000000e+00 
Art-clockwise/0092.pcd
7.5069683790206909e-01 5.1317417621612549e-01 -4.1606703400611877e-01 8.1348307430744171e-03 
-4.6109235286712646e-01 8.5800445079803467e-01 2.2632202506065369e-01 8.6473794654011726e-03 
4.7313049435615540e-01 2.1944848820567131e-02 8.8072156906127930e-01 -4.7740158624947071e-03 
0.0000000000000000e+00 0.0000000000000000e+00 0.0000000000000000e+00 1.0000000000000000e+00 
Art-clockwise/0093.pcd
9.4536554813385010e-01 6.8444840610027313e-02 -3.1880125403404236e-01 4.8638414591550827e-03 
4.1258357465267181e-02 9.4475787878036499e-01 3.2517990469932556e-01 1.4517638832330704e-02 
3.2344079017639160e-01 -3.2056540250778198e-01 8.9030021429061890e-01 4.6152169816195965e-03 
0.0000000000000000e+00 0.0000000000000000e+00 0.0000000000000000e+00 1.0000000000000000e+00 
Art-clockwise/0094.pcd
3.4825429320335388e-01 7.7329856157302856e-01 -5.2988302707672119e-01 4.0338472463190556e-03 
-8.8390243053436279e-01 4.5914804935455322e-01 8.9144155383110046e-02 1.0672152973711491e-02 
3.1221753358840942e-01 4.3730369210243225e-01 8.4338480234146118e-01 3.7270085886120796e-03 
0.0000000000000000e+00 0.0000000000000000e+00 0.0000000000000000e+00 1.0000000000000000e+00 
Art-clockwise/0095.pcd
9.2438161373138428e-01 1.7446678876876831e-01 -3.3928433060646057e-01 -7.0000714622437954e-03 
-6.7283958196640015e-02 9.4993174076080322e-01 3.0516105890274048e-01 1.1185216717422009e-02 
3.7553161382675171e-01 -2.5924670696258545e-01 8.8982224464416504e-01 6.9053559564054012e-03 
0.0000000000000000e+00 0.0000000000000000e+00 0.0000000000000000e+00 1.0000000000000000e+00 
Art-clockwise/0096.pcd
9.5363348722457886e-01 -3.1985472887754440e-02 -2.9927727580070496e-01 -5.7946038432419300e-03 
1.3900543749332428e-01 9.2874658107757568e-01 3.4367480874061584e-01 1.3704498298466206e-02 
2.6695942878723145e-01 -3.6933794617652893e-01 8.9012515544891357e-01 4.5498567633330822e-03 
0.0000000000000000e+00 0.0000000000000000e+00 0.0000000000000000e+00 1.0000000000000000e+00 
Art-clockwise/0097.pcd
-6.9371253252029419e-01 -4.1733542084693909e-01 5.8707177639007568e-01 -2.9054563492536545e-03 
6.4942085742950439e-01 -9.8306518048048019e-03 7.6039713621139526e-01 1.3317341916263103e-02 
-3.1155249476432800e-01 9.0871304273605347e-01 2.7784141898155212e-01 1.0569685138761997e-02 
0.0000000000000000e+00 0.0000000000000000e+00 0.0000000000000000e+00 1.0000000000000000e+00 
Art-clockwise/0098.pcd
5.2973248064517975e-02 7.7607917785644531e-01 -6.2840622663497925e-01 -1.5550791285932064e-02 
-9.9824970960617065e-01 2.4494653567671776e-02 -5.3899627178907394e-02 1.6122564673423767e-02 
-2.6440206915140152e-02 6.3015747070312500e-01 7.7601075172424316e-01 1.1149444617331028e-02 
0.0000000000000000e+00 0.0000000000000000e+00 0.0000000000000000e+00 1.0000000000000000e+00 
Art-clockwise/0099.pcd
7.2262233495712280e-01 -6.7360323667526245e-01 -1.5525147318840027e-01 -1.3308172114193439e-02 
6.5417504310607910e-01 5.9380912780761719e-01 4.6846824884414673e-01 1.3483573682606220e-02 
-2.2336629033088684e-01 -4.4008064270019531e-01 8.6974340677261353e-01 -1.9647955894470215e-02 
