Art-counter-fast/0000.pcd
1.0839366167783737e-01 8.9556819200515747e-01 4.3151864409446716e-01 0.0000000000000000e+00 
-8.5897606611251831e-01 3.0287927389144897e-01 -4.1282460093498230e-01 0.0000000000000000e+00 
-5.0041067600250244e-01 -3.2591661810874939e-01 8.0210185050964355e-01 0.0000000000000000e+00 
0.0000000000000000e+00 0.0000000000000000e+00 0.0000000000000000e+00 1.0000000000000000e+00 
Art-counter-fast/0001.pcd
6.7035108804702759e-02 -4.5105968602001667e-03 9.9773758649826050e-01 -8.7218798696994781e-02 
-7.9594570398330688e-01 -6.0323446989059448e-01 5.0750404596328735e-02 8.1336740404367447e-03 
6.0164463520050049e-01 -7.9755240678787231e-01 -4.4028844684362411e-02 2.0574128255248070e-02 
0.0000000000000000e+00 0.0000000000000000e+00 0.0000000000000000e+00 1.0000000000000000e+00 
Art-counter-fast/0002.pcd
-3.4940683841705322e-01 5.0379890203475952e-01 7.9000413417816162e-01 5.4600797593593597e-03 
-9.3598091602325439e-01 -2.2657960653305054e-01 -2.6947593688964844e-01 -3.9527141489088535e-03 
4.3237257748842239e-02 -8.3357608318328857e-01 5.5071121454238892e-01 3.2734396518208086e-04 
0.0000000000000000e+00 0.0000000000000000e+00 0.0000000000000000e+00 1.0000000000000000e+00 
Art-counter-fast/0003.pcd
1.4810998737812042e-01 -9.0736263990402222e-01 -3.9338821172714233e-01 6.6545158624649048e-02 
8.3719122409820557e-01 3.2678258419036865e-01 -4.3853256106376648e-01 -1.6472057905048132e-03 
5.2646034955978394e-01 -2.6439440250396729e-01 8.0803412199020386e-01 -1.6586506739258766e-02 
0.0000000000000000e+00 0.0000000000000000e+00 0.0000000000000000e+00 1.0000000000000000e+00 
Art-counter-fast/0004.pcd
7.0419293642044067e-01 -6.8456947803497314e-01 -1.8834896385669708e-01 7.1385383605957031e-02 
5.5086106061935425e-01 6.9414198398590088e-01 -4.6337407827377319e-01 -4.2119068093597889e-03 
4.4795179367065430e-01 2.2255030274391174e-01 8.6591094732284546e-01 -1.5507938340306282e-02 
0.0000000000000000e+00 0.0000000000000000e+00 0.0000000000000000e+00 1.0000000000000000e+00 
Art-counter-fast/0005.pcd
8.6167681217193604e-01 -4.9301695823669434e-01 -1.2023495137691498e-01 7.0167541503906250e-02 
3.8904920220375061e-01 7.9392051696777344e-01 -4.6726468205451965e-01 2.3575734812766314e-03 
3.2582557201385498e-01 3.5585030913352966e-01 8.7590491771697998e-01 -1.8294844776391983e-02 
0.0000000000000000e+00 0.0000000000000000e+00 0.0000000000000000e+00 1.0000000000000000e+00 
Art-counter-fast/0006.pcd
-3.0859604477882385e-01 6.5076285600662231e-01 6.9375395774841309e-01 -1.2081640772521496e-02 
-9.4096863269805908e-01 -1.0218762606382370e-01 -3.2270735502243042e-01 7.7443830668926239e-03 
-1.3911089301109314e-01 -7.5237667560577393e-01 6.4387542009353638e-01 7.9903728328645229e-04 
0.0000000000000000e+00 0.0000000000000000e+00 0.0000000000000000e+00 1.0000000000000000e+00 
Art-counter-fast/0007.pcd
7.5886327028274536e-01 -6.2977474927902222e-01 -1.6587179899215698e-01 1.6674716025590897e-02 
5.0227093696594238e-01 7.2809064388275146e-01 -4.6649506688117981e-01 6.8960129283368587e-03 
4.1455510258674622e-01 2.7069166302680969e-01 8.6883491277694702e-01 -1.1312065180391073e-03 
0.0000000000000000e+00 0.0000000000000000e+00 0.0000000000000000e+00 1.0000000000000000e+00 
Art-counter-fast/0008.pcd
9.1117006540298462e-01 3.9586025476455688e-01 1.1444113403558731e-01 7.2280727326869965e-02 
-3.0385604500770569e-01 8.3305758237838745e-01 -4.6232545375823975e-01 5.2788638276979327e-04 
-2.7833628654479980e-01 3.8646540045738220e-01 8.7930327653884888e-01 -1.6175571829080582e-02 
0.0000000000000000e+00 0.0000000000000000e+00 0.0000000000000000e+00 1.0000000000000000e+00 
Art-counter-fast/0009.pcd
7.9101318120956421e-01 1.7409759759902954e-01 -5.8648133277893066e-01 6.2570400536060333e-02 
4.5029649138450623e-01 -8.1462848186492920e-01 3.6551135778427124e-01 -9.2399967834353447e-03 
-4.1413754224777222e-01 -5.5322510004043579e-01 -7.2279036045074463e-01 -1.9246794283390045e-02 
0.0000000000000000e+00 0.0000000000000000e+00 0.0000000000000000e+00 1.0000000000000000e+00 
Art-counter-fast/0010.pcd
-3.5483115911483765e-01 -5.9658199548721313e-01 -7.1985656023025513e-01 -1.3263016939163208e-02 
9.2944937944412231e-01 -1.4170928299427032e-01 -3.4070336818695068e-01 1.5609401743859053e-03 
1.0124261677265167e-01 -7.8995180130004883e-01 6.0476565361022949e-01 5.3373193368315697e-03 
0.0000000000000000e+00 0.0000000000000000e+00 0.0000000000000000e+00 1.0000000000000000e+00 
Art-counter-fast/0011.pcd
-1.5133425593376160e-01 1.2576305866241455e-01 9.8043262958526611e-01 -4.5615021139383316e-02 
-8.6604005098342896e-01 -4.9502363801002502e-01 -7.0178829133510590e-02 3.3506297040730715e-03 
4.7651666402816772e-01 -8.5972613096237183e-01 1.8383000791072845e-01 1.1632017791271210e-02 
0.0000000000000000e+00 0.0000000000000000e+00 0.0000000000000000e+00 1.0000000000000000e+00 
Art-counter-fast/0012.pcd
-1.1069727689027786e-01 8.3644700050354004e-01 5.3677278757095337e-01 -6.0349106788635254e-02 
-9.1521227359771729e-01 1.2478697299957275e-01 -3.8319569826126099e-01 -3.4932659473270178e-03 
-3.8749623298645020e-01 -5.3366625308990479e-01 7.5169891119003296e-01 5.5584767833352089e-03 
0.0000000000000000e+00 0.0000000000000000e+00 0.0000000000000000e+00 1.0000000000000000e+00 
Art-counter-fast/0013.pcd
-1.6878038644790649e-01 -8.6387589573860168e-02 -9.8186260461807251e-01 4.8162195831537247e-02 
8.7671858072280884e-01 -4.6838027238845825e-01 -1.0949669033288956e-01 -3.9949016645550728e-03 
-4.5042359828948975e-01 -8.7929272651672363e-01 1.5478931367397308e-01 -8.5036903619766235e-03 
0.0000000000000000e+00 0.0000000000000000e+00 0.0000000000000000e+00 1.0000000000000000e+00 
Art-counter-fast/0014.pcd
-3.1578442454338074e-01 6.3683640956878662e-01 7.0338320732116699e-01 2.7486827224493027e-02 
-9.4131726026535034e-01 -1.1701593548059464e-01 -3.1665894389152527e-01 -1.0751200839877129e-02 
-1.1934787780046463e-01 -7.6207852363586426e-01 6.3640153408050537e-01 -1.2702602893114090e-02 
0.0000000000000000e+00 0.0000000000000000e+00 0.0000000000000000e+00 1.0000000000000000e+00 
Art-counter-fast/0015.pcd
-3.4858959913253784e-01 4.5731788873672485e-01 8.1813126802444458e-01 4.2540326714515686e-02 
-9.3205863237380981e-01 -2.6107805967330933e-01 -2.5119510293006897e-01 -1.1561024934053421e-02 
9.8720602691173553e-02 -8.5012072324752808e-01 5.1726019382476807e-01 -1.4594722539186478e-02 
0.0000000000000000e+00 0.0000000000000000e+00 0.0000000000000000e+00 1.0000000000000000e+00 
Art-counter-fast/0016.pcd
9.7284331917762756e-02 -9.0521937608718872e-01 -4.1371181607246399e-01 -6.1391260474920273e-02 
8.5208177566528320e-01 2.9055288434028625e-01 -4.3537423014640808e-01 2.8755368664860725e-02 
5.1429742574691772e-01 -3.1015413999557495e-01 7.9956036806106567e-01 1.8248088657855988e-02 
0.0000000000000000e+00 0.0000000000000000e+00 0.0000000000000000e+00 1.0000000000000000e+00 
Art-counter-fast/0017.pcd
-2.8486466407775879e-01 2.7127203345298767e-01 9.1938513517379761e-01 1.1114364489912987e-02 
-9.0483117103576660e-01 -3.9272540807723999e-01 -1.6447830200195312e-01 2.9875846579670906e-02 
3.1644576787948608e-01 -8.7873715162277222e-01 3.5732749104499817e-01 1.5857005491852760e-03 
0.0000000000000000e+00 0.0000000000000000e+00 0.0000000000000000e+00 1.0000000000000000e+00 
Art-counter-fast/0018.pcd
2.4118682742118835e-01 -9.0245991945266724e-01 -3.5695242881774902e-01 -3.7584334611892700e-02 
8.0466401576995850e-01 3.9158928394317627e-01 -4.4633406400680542e-01 2.5635965168476105e-02 
5.4256355762481689e-01 -1.7957212030887604e-01 8.2060348987579346e-01 8.5125975310802460e-03 
0.0000000000000000e+00 0.0000000000000000e+00 0.0000000000000000e+00 1.0000000000000000e+00 
Art-counter-fast/0019.pcd
4.3630856275558472e-01 -8.5216712951660156e-01 -2.8889122605323792e-01 -3.7152131553739309e-03 
7.2157728672027588e-01 5.2317941188812256e-01 -4.5347961783409119e-01 2.1586867049336433e-02 
5.3757071495056152e-01 -1.0599214583635330e-02 8.4315615892410278e-01 8.3503508940339088e-03 
0.0000000000000000e+00 0.0000000000000000e+00 0.0000000000000000e+00 1.0000000000000000e+00 
Art-counter-fast/0020.pcd
9.6374815702438354e-01 -1.9071441143751144e-02 2.6613706350326538e-01 1.6543949022889137e-02 
-1.4131529629230499e-01 -8.8258624076843262e-01 4.4841244816780090e-01 5.3372057154774666e-03 
2.2408707439899445e-01 -4.6970179677009583e-01 -8.5391086339950562e-01 -1.2881694361567497e-02 
0.0000000000000000e+00 0.0000000000000000e+00 0.0000000000000000e+00 1.0000000000000000e+00 
Art-counter-fast/0021.pcd
8.7810814380645752e-01 4.6000391244888306e-01 1.3161394000053406e-01 9.8265940323472023e-03 
-3.5644239187240601e-01 8.1243574619293213e-01 -4.6141406893730164e-01 4.4881995767354965e-02 
-3.1917950510978699e-01 3.5825768113136292e-01 8.7736910581588745e-01 -1.9650398753583431e-03 
0.0000000000000000e+00 0.0000000000000000e+00 0.0000000000000000e+00 1.0000000000000000e+00 
Art-counter-fast/0022.pcd
2.4699375033378601e-02 -8.9467722177505493e-01 -4.4610044360160828e-01 -4.6170454472303391e-02 
8.7456256151199341e-01 2.3548975586891174e-01 -4.2389175295829773e-01 2.0981000736355782e-02 
4.8451799154281616e-01 -3.8757219910621643e-01 7.8420335054397583e-01 -5.5000358261168003e-03 
0.0000000000000000e+00 0.0000000000000000e+00 0.0000000000000000e+00 1.0000000000000000e+00 
Art-counter-fast/0023.pcd
9.8441869020462036e-01 -1.7196981608867645e-01 -3.6681015044450760e-02 1.9789217039942741e-02 
1.3518589735031128e-01 8.7358278036117554e-01 -4.6754011511802673e-01 2.4167777970433235e-02 
1.1114530265331268e-01 4.5552131533622742e-01 8.8324916362762451e-01 2.4571123067289591e-03 
0.0000000000000000e+00 0.0000000000000000e+00 0.0000000000000000e+00 1.0000000000000000e+00 
Art-counter-fast/0024.pcd
3.8563176989555359e-02 -8.9533501863479614e-01 -4.4372284412384033e-01 3.9699049666523933e-03 
8.6932724714279175e-01 2.4902588129043579e-01 -4.2692631483078003e-01 3.6550994962453842e-02 
4.9278813600540161e-01 -3.7057751417160034e-01 7.8728902339935303e-01 1.7189335776492953e-03 
0.0000000000000000e+00 0.0000000000000000e+00 0.0000000000000000e+00 1.0000000000000000e+00 
Art-counter-fast/0025.pcd
2.9469600319862366e-01 8.9075016975402832e-01 3.4617847204208374e-01 8.4556221961975098e-02 
-7.9281824827194214e-01 4.3011456727981567e-01 -4.3180817365646362e-01 4.6573217958211899e-02 
-5.3690612316131592e-01 -1.5791203081607819e-01 8.2865017652511597e-01 8.7500540539622307e-03 
0.0000000000000000e+00 0.0000000000000000e+00 0.0000000000000000e+00 1.0000000000000000e+00 
Art-counter-fast/0026.pcd
2.3041076958179474e-01 8.9706957340240479e-01 3.7708014249801636e-01 3.2129459083080292e-02 
-8.1482774019241333e-01 3.8969334959983826e-01 -4.2918497323989868e-01 5.8582674711942673e-02 
-5.3196376562118530e-01 -2.0841102302074432e-01 8.2072317600250244e-01 3.6212683189660311e-03 
0.0000000000000000e+00 0.0000000000000000e+00 0.0000000000000000e+00 1.0000000000000000e+00 
Art-counter-fast/0027.pcd
4.4991797208786011e-01 -8.4813779592514038e-01 -2.8001171350479126e-01 -4.3050792068243027e-02 
7.1808242797851562e-01 5.2988529205322266e-01 -4.5122489333152771e-01 5.8035220950841904e-02 
5.3579312562942505e-01 -7.0181735791265965e-03 8.4424805641174316e-01 -7.4070887640118599e-03 
0.0000000000000000e+00 0.0000000000000000e+00 0.0000000000000000e+00 1.0000000000000000e+00 
Art-counter-fast/0028.pcd
-2.1906103193759918e-01 -7.7844119071960449e-01 -5.8825910091400146e-01 1.6748035326600075e-02 
9.2164391279220581e-01 3.2830238342285156e-02 -3.8665297627449036e-01 6.8529479205608368e-02 
3.1992229819297791e-01 -6.2825131416320801e-01 7.0919007062911987e-01 5.4534134687855840e-04 
0.0000000000000000e+00 0.0000000000000000e+00 0.0000000000000000e+00 1.0000000000000000e+00 
Art-counter-fast/0029.pcd
2.9304051399230957e-01 8.9058536291122437e-01 3.4787186980247498e-01 6.0258936136960983e-02 
-7.9343342781066895e-01 4.2950654029846191e-01 -4.3125095963478088e-01 5.7231351733207703e-02 
-5.3514993190765381e-01 -1.5478032827377319e-01 8.3044195175170898e-01 2.3124802100937814e-04 
0.0000000000000000e+00 0.0000000000000000e+00 0.0000000000000000e+00 1.0000000000000000e+00 
Art-counter-fast/0030.pcd
-3.4786313772201538e-01 5.8224719762802124e-01 7.3483407497406006e-01 4.3870963156223297e-02 
-9.3594080209732056e-01 -1.6988338530063629e-01 -3.0845674872398376e-01 7.1379013359546661e-02 
-5.4188534617424011e-02 -7.9604220390319824e-01 6.0281592607498169e-01 6.1274180188775063e-03 
0.0000000000000000e+00 0.0000000000000000e+00 0.0000000000000000e+00 1.0000000000000000e+00 
Art-counter-fast/0031.pcd
4.7765895724296570e-01 -8.3323830366134644e-01 -2.7849808335304260e-01 3.2556690275669098e-02 
6.9858896732330322e-01 5.5245846509933472e-01 -4.5471945405006409e-01 7.8913375735282898e-02 
5.3343826532363892e-01 2.1428305655717850e-02 8.4557729959487915e-01 2.8561304789036512e-03 
0.0000000000000000e+00 0.0000000000000000e+00 0.0000000000000000e+00 1.0000000000000000e+00 
Art-counter-fast/0032.pcd
1.6231909394264221e-01 -9.0276032686233521e-01 -3.9840608835220337e-01 5.1172781735658646e-02 
8.3237397670745850e-01 3.4210729598999023e-01 -4.3607810139656067e-01 9.2859022319316864e-02 
5.2951449155807495e-01 -2.5839069485664368e-01 8.0798631906509399e-01 9.3062315136194229e-03 
0.0000000000000000e+00 0.0000000000000000e+00 0.0000000000000000e+00 1.0000000000000000e+00 
Art-counter-fast/0033.pcd
8.0370955169200897e-02 8.9773786067962646e-01 4.3315383791923523e-01 4.6159073710441589e-02 
-8.6604267358779907e-01 2.7802595496177673e-01 -4.1553959250450134e-01 1.0223492980003357e-01 
-4.9357536435127258e-01 -3.4284120798110962e-01 7.9927742481231689e-01 4.4332831166684628e-03 
0.0000000000000000e+00 0.0000000000000000e+00 0.0000000000000000e+00 1.0000000000000000e+00 
Art-counter-fast/0034.pcd
2.9498299583792686e-02 -8.9092838764190674e-01 -4.5319828391075134e-01 5.0594300031661987e-02 
8.7389278411865234e-01 2.4308548867702484e-01 -4.2098870873451233e-01 1.0742685943841934e-01 
4.8520898818969727e-01 -3.8270923495292664e-01 7.8620117902755737e-01 1.5835034428164363e-03 
0.0000000000000000e+00 0.0000000000000000e+00 0.0000000000000000e+00 1.0000000000000000e+00 
Art-counter-fast/0035.pcd
-2.1923598647117615e-01 7.7515119314193726e-01 5.9251797199249268e-01 4.8185281455516815e-02 
-9.2767357826232910e-01 2.2532677277922630e-02 -3.7271818518638611e-01 1.1682096868753433e-01 
-3.0204430222511292e-01 -6.3217234611511230e-01 7.1353584527969360e-01 7.8823007643222809e-03 
0.0000000000000000e+00 0.0000000000000000e+00 0.0000000000000000e+00 1.0000000000000000e+00 
Art-counter-fast/0036.pcd
2.4433518946170807e-01 -8.9569199085235596e-01 -3.7171649932861328e-01 1.0253833234310150e-01 
8.0319380760192871e-01 4.0168905258178711e-01 -4.3994280695915222e-01 1.2866026163101196e-01 
5.3981244564056396e-01 -1.7892570793628693e-01 8.2249534130096436e-01 7.5728045776486397e-03 
0.0000000000000000e+00 0.0000000000000000e+00 0.0000000000000000e+00 1.0000000000000000e+00 
Art-counter-fast/0037.pcd
2.4249409139156342e-01 8.9633375406265259e-01 3.7119969725608826e-01 3.6691229790449142e-02 
-8.1017774343490601e-01 3.9757704734802246e-01 -4.3075343966484070e-01 1.5574288368225098e-01 
-5.3417056798934937e-01 -1.9809646904468536e-01 8.2184612751007080e-01 6.6142636351287365e-03 
0.0000000000000000e+00 0.0000000000000000e+00 0.0000000000000000e+00 1.0000000000000000e+00 
Art-counter-fast/0038.pcd
-1.4575307257473469e-02 -8.8639616966247559e-01 -4.6292245388031006e-01 4.9011725932359695e-03 
8.8658815622329712e-01 2.0254433155059814e-01 -4.1586336493492126e-01 1.4958602190017700e-01 
4.6220067143440247e-01 -4.2785093188285828e-01 7.7660208940505981e-01 -9.1062327846884727e-03 
0.0000000000000000e+00 0.0000000000000000e+00 0.0000000000000000e+00 1.0000000000000000e+00 
Art-counter-fast/0039.pcd
-8.0357484519481659e-02 8.5787892341613770e-01 5.0770395994186401e-01 6.3863001763820648e-02 
-9.0608733892440796e-01 1.4945816993713379e-01 -3.9580017328262329e-01 1.9928473234176636e-01 
-4.1413179039955139e-01 -5.0252234935760498e-01 7.5878179073333740e-01 1.1447453871369362e-02 
0.0000000000000000e+00 0.0000000000000000e+00 0.0000000000000000e+00 1.0000000000000000e+00 
Art-counter-fast/0040.pcd
6.4589157700538635e-02 -8.9621561765670776e-01 -4.3903654813766479e-01 7.0313446223735809e-02 
8.6084270477294922e-01 2.7256321907043457e-01 -4.2974704504013062e-01 2.3175707459449768e-01 
5.0403559207916260e-01 -3.4252116084098816e-01 7.9278647899627686e-01 5.8245686814188957e-03 
0.0000000000000000e+00 0.0000000000000000e+00 0.0000000000000000e+00 1.0000000000000000e+00 
Art-counter-fast/0041.pcd
-1.2577082216739655e-01 8.3370590209960938e-01 5.3770279884338379e-01 3.8087561726570129e-02 
-9.1821146011352539e-01 1.0740604251623154e-01 -3.8125160336494446e-01 2.2222685813903809e-01 
-3.7614756822586060e-01 -5.3803223371505737e-01 7.5436538457870483e-01 2.8034371789544821e-03 
0.0000000000000000e+00 0.0000000000000000e+00 0.0000000000000000e+00 1.0000000000000000e+00 
Art-counter-fast/0042.pcd
2.2809624671936035e-01 -9.0165030956268311e-01 -3.6746069788932800e-01 6.1181649565696716e-02 
8.1081390380859375e-01 3.8484328985214233e-01 -4.4099631905555725e-01 2.4375522136688232e-01 
5.3884887695312500e-01 -1.9659508764743805e-01 8.1916046142578125e-01 1.1878697201609612e-02 
0.0000000000000000e+00 0.0000000000000000e+00 0.0000000000000000e+00 1.0000000000000000e+00 
Art-counter-fast/0043.pcd
-2.1382789313793182e-01 1.7559045553207397e-01 9.6101653575897217e-01 1.1001056432723999e-01 
-8.7587791681289673e-01 -4.7004738450050354e-01 -1.0908581316471100e-01 2.5074130296707153e-01 
4.3538439273834229e-01 -8.6687636375427246e-01 2.4264584481716156e-01 3.3145938068628311e-03 
0.0000000000000000e+00 0.0000000000000000e+00 0.0000000000000000e+00 1.0000000000000000e+00 
Art-counter-fast/0044.pcd
6.9805771112442017e-01 -6.8735867738723755e-01 -2.0076556503772736e-01 9.9248684942722321e-02 
5.5257457494735718e-01 6.9542008638381958e-01 -4.5940741896629333e-01 2.6787704229354858e-01 
4.4676020741462708e-01 2.1786731481552124e-01 8.6769580841064453e-01 9.3026636168360710e-03 
0.0000000000000000e+00 0.0000000000000000e+00 0.0000000000000000e+00 1.0000000000000000e+00 
Art-counter-fast/0045.pcd
4.4068908691406250e-01 -8.5187017917633057e-01 -2.8304341435432434e-01 3.1210796907544136e-02 
7.2069311141967773e-01 5.2374178171157837e-01 -4.5420020818710327e-01 2.4116136133670807e-01 
5.3516083955764771e-01 -3.8266747724264860e-03 8.4474277496337891e-01 1.9752332940697670e-02 
0.0000000000000000e+00 0.0000000000000000e+00 0.0000000000000000e+00 1.0000000000000000e+00 
Art-counter-fast/0046.pcd
7.8610008955001831e-01 5.9509116411209106e-01 1.6736942529678345e-01 1.1424043029546738e-01 
-4.7222343087196350e-01 7.5280797481536865e-01 -4.5857611298561096e-01 2.4985352158546448e-01 
-4.1165074706077576e-01 2.7109605073928833e-01 8.7003588676452637e-01 4.0247328579425812e-02 
0.0000000000000000e+00 0.0000000000000000e+00 0.0000000000000000e+00 1.0000000000000000e+00 
Art-counter-fast/0047.pcd
-8.7715111672878265e-02 -8.6085826158523560e-01 -5.0124186277389526e-01 5.7620808482170105e-02 
8.9707207679748535e-01 1.5052057802677155e-01 -4.1547262668609619e-01 2.2830492258071899e-01 
4.3357822299003601e-01 -4.8087775707244873e-01 7.6207423210144043e-01 2.6169622316956520e-02 
0.0000000000000000e+00 0.0000000000000000e+00 0.0000000000000000e+00 1.0000000000000000e+00 
Art-counter-fast/0048.pcd
2.8791406750679016e-01 8.8571041822433472e-01 3.6419707536697388e-01 2.4578603915870190e-03 
-7.8855204582214355e-01 4.3502387404441833e-01 -4.3468031287193298e-01 2.7349343895912170e-01 
-5.4198372364044189e-01 -1.5756587684154510e-01 8.2548248767852783e-01 8.4654586389660835e-03 
0.0000000000000000e+00 0.0000000000000000e+00 0.0000000000000000e+00 1.0000000000000000e+00 
Art-counter-fast/0049.pcd
9.4785392284393311e-01 1.2013933807611465e-01 -2.9522994160652161e-01 -1.6655256971716881e-02 
2.4794013798236847e-01 -8.5978525876998901e-01 4.4642645120620728e-01 2.8326612710952759e-01 
-1.8946646153926849e-01 -4.9496975541114807e-01 -8.4799182415008545e-01 -7.4868150986731052e-03 
0.0000000000000000e+00 0.0000000000000000e+00 0.0000000000000000e+00 1.0000000000000000e+00 
Art-counter-fast/0050.pcd
9.1846722364425659e-01 -3.8676348328590393e-01 -8.2610011100769043e-02 4.0036033838987350e-02 
3.0805143713951111e-01 8.3062434196472168e-01 -4.6386545896530151e-01 2.6241335272789001e-01 
2.4793599545955658e-01 4.0063560009002686e-01 8.8205486536026001e-01 3.0783133581280708e-02 
0.0000000000000000e+00 0.0000000000000000e+00 0.0000000000000000e+00 1.0000000000000000e+00 
Art-counter-fast/0051.pcd
9.2498195171356201e-01 3.6279964447021484e-01 1.1307100206613541e-01 3.4760478883981705e-02 
-2.7593773603439331e-01 8.4581881761550903e-01 -4.5659062266349792e-01 2.2763785719871521e-01 
-2.6184201240539551e-01 3.9091959595680237e-01 8.8240283727645874e-01 1.0987509973347187e-02 
0.0000000000000000e+00 0.0000000000000000e+00 0.0000000000000000e+00 1.0000000000000000e+00 
Art-counter-fast/0052.pcd
9.7483378648757935e-01 2.1093668043613434e-01 7.2286546230316162e-02 3.1690761446952820e-02 
-1.5194237232208252e-01 8.6566430330276489e-01 -4.7701930999755859e-01 2.5552490353584290e-01 
-1.6319358348846436e-01 4.5402562618255615e-01 8.7591934204101562e-01 9.6767181530594826e-03 
0.0000000000000000e+00 0.0000000000000000e+00 0.0000000000000000e+00 1.0000000000000000e+00 
Art-counter-fast/0053.pcd
9.9640059471130371e-01 7.6111979782581329e-02 3.7441592663526535e-02 2.5428080931305885e-02 
-4.9208395183086395e-02 8.7822335958480835e-01 -4.7572377324104309e-01 3.0718630552291870e-01 
-6.9088891148567200e-02 4.7216376662254333e-01 8.7879854440689087e-01 1.2781085446476936e-02 
0.0000000000000000e+00 0.0000000000000000e+00 0.0000000000000000e+00 1.0000000000000000e+00 
Art-counter-fast/0054.pcd
9.2520391941070557e-01 -3.7235176563262939e-01 -7.3479980230331421e-02 1.6204698011279106e-02 
2.9947566986083984e-01 8.3505618572235107e-01 -4.6152523159980774e-01 2.2743351757526398e-01 
2.3911581933498383e-01 4.0264213085174561e-01 8.8355338573455811e-01 -4.5030318200588226e-02 
0.0000000000000000e+00 0.0000000000000000e+00 0.0000000000000000e+00 1.0000000000000000e+00 
Art-counter-fast/0055.pcd
9.4230318069458008e-01 3.2008251547813416e-01 9.8024666309356689e-02 6.9614492356777191e-02 
-2.4319580197334290e-01 8.5579437017440796e-01 -4.5660978555679321e-01 1.7731709778308868e-01 
-2.3004211485385895e-01 4.0642350912094116e-01 8.8425642251968384e-01 -2.4976693093776703e-02 
0.0000000000000000e+00 0.0000000000000000e+00 0.0000000000000000e+00 1.0000000000000000e+00 
Art-counter-fast/0056.pcd
-3.7974298000335693e-01 -4.4855329394340515e-01 -8.0907994508743286e-01 5.3849231451749802e-02 
9.2246735095977783e-01 -2.4949881434440613e-01 -2.9463896155357361e-01 1.7406064271926880e-01 
-6.9702900946140289e-02 -8.5822731256484985e-01 5.0851458311080933e-01 -1.9761618226766586e-02 
0.0000000000000000e+00 0.0000000000000000e+00 0.0000000000000000e+00 1.0000000000000000e+00 
Art-counter-fast/0057.pcd
5.9215015172958374e-01 7.6419776678085327e-01 2.5568175315856934e-01 4.6838294714689255e-02 
-6.2728494405746460e-01 6.3630616664886475e-01 -4.4904032349586487e-01 2.0838131010532379e-01 
-5.0665539503097534e-01 1.0445059835910797e-01 8.5580205917358398e-01 7.1718537947162986e-04 
0.0000000000000000e+00 0.0000000000000000e+00 0.0000000000000000e+00 1.0000000000000000e+00 
Art-counter-fast/0058.pcd
1.6815036535263062e-01 8.9393818378448486e-01 4.1546902060508728e-01 4.0005754679441452e-02 
-8.4061223268508911e-01 3.5016822814941406e-01 -4.1322067379951477e-01 2.4123731255531311e-01 
-5.1480740308761597e-01 -2.7941390872001648e-01 8.1049406528472900e-01 1.9688908010721207e-02 
0.0000000000000000e+00 0.0000000000000000e+00 0.0000000000000000e+00 1.0000000000000000e+00 
Art-counter-fast/0059.pcd
1.7371658980846405e-01 -9.1161680221557617e-01 -3.7254270911216736e-01 3.8041181862354279e-02 
8.3049696683883667e-01 3.3890879154205322e-01 -4.4205290079116821e-01 2.2000849246978760e-01 
5.2923959493637085e-01 -2.3260338604450226e-01 8.1596702337265015e-01 4.1523464024066925e-03 
0.0000000000000000e+00 0.0000000000000000e+00 0.0000000000000000e+00 1.0000000000000000e+00 
Art-counter-fast/0060.pcd
-3.0058566480875015e-02 8.6215245723724365e-01 5.0575685501098633e-01 1.2140224687755108e-02 
-8.9878636598587036e-01 1.9808973371982574e-01 -3.9109492301940918e-01 3.2647675275802612e-01 
-4.3736720085144043e-01 -4.6632191538810730e-01 7.6893341541290283e-01 1.3521911576390266e-02 
0.0000000000000000e+00 0.0000000000000000e+00 0.0000000000000000e+00 1.0000000000000000e+00 
Art-counter-fast/0061.pcd
2.2536626458168030e-01 -9.0938043594360352e-01 -3.4962803125381470e-01 1.2722303159534931e-02 
8.0790287256240845e-01 3.7500005960464478e-01 -4.5460757613182068e-01 3.0313763022422791e-01 
5.4452145099639893e-01 -1.8001230061054230e-01 8.1920254230499268e-01 8.8047338649630547e-03 
0.0000000000000000e+00 0.0000000000000000e+00 0.0000000000000000e+00 1.0000000000000000e+00 
Art-counter-fast/0062.pcd
4.2032611370086670e-01 -8.9462168514728546e-02 9.0296298265457153e-01 2.0127795636653900e-02 
-6.4160609245300293e-01 -7.3298192024230957e-01 2.2604413330554962e-01 2.8432241082191467e-01 
6.4162290096282959e-01 -6.7434823513031006e-01 -3.6548304557800293e-01 -6.0665828641504049e-04 
0.0000000000000000e+00 0.0000000000000000e+00 0.0000000000000000e+00 1.0000000000000000e+00 
Art-counter-fast/0063.pcd
6.8904423713684082e-01 -6.9733709096908569e-01 -1.9838276505470276e-01 1.5545262396335602e-01 
5.6445866823196411e-01 6.8797898292541504e-01 -4.5616713166236877e-01 2.2267970442771912e-01 
4.3561875820159912e-01 2.2056907415390015e-01 8.7246561050415039e-01 7.6781161129474640e-02 
0.0000000000000000e+00 0.0000000000000000e+00 0.0000000000000000e+00 1.0000000000000000e+00 
Art-counter-fast/0064.pcd
9.9890679121017456e-01 -4.6740476042032242e-02 6.7490176297724247e-03 3.0250778421759605e-02 
4.4462677091360092e-02 8.8262456655502319e-01 -4.6798712015151978e-01 2.7529051899909973e-01 
9.3854200094938278e-03 4.6795848011970520e-01 8.8368034362792969e-01 6.1740130186080933e-02 
0.0000000000000000e+00 0.0000000000000000e+00 0.0000000000000000e+00 1.0000000000000000e+00 
Art-counter-fast/0065.pcd
9.9796307086944580e-01 -6.3530966639518738e-02 6.8908166140317917e-03 5.5941739119589329e-03 
5.9427194297313690e-02 8.8296955823898315e-01 -4.6568334102630615e-01 3.8723769783973694e-01 
2.3500695824623108e-02 4.6513819694519043e-01 8.8493347167968750e-01 1.3655186630785465e-02 
0.0000000000000000e+00 0.0000000000000000e+00 0.0000000000000000e+00 1.0000000000000000e+00 
Art-counter-fast/0066.pcd
9.8834276199340820e-01 -1.5166042745113373e-01 -1.3963872566819191e-02 1.0166879743337631e-02 
1.2812849879264832e-01 8.7753444910049438e-01 -4.6209704875946045e-01 4.3488177657127380e-01 
8.2335636019706726e-02 4.5491412281990051e-01 8.8672274351119995e-01 -6.9738538004457951e-03 
0.0000000000000000e+00 0.0000000000000000e+00 0.0000000000000000e+00 1.0000000000000000e+00 
Art-counter-fast/0067.pcd
-3.1665575504302979e-01 3.7134328484535217e-01 8.7284535169601440e-01 1.9819753244519234e-02 
-9.2266583442687988e-01 -3.3403626084327698e-01 -1.9268377125263214e-01 4.1060414910316467e-01 
2.2154009342193604e-01 -8.6804336309432983e-01 4.4432416558265686e-01 1.0830908082425594e-02 
0.0000000000000000e+00 0.0000000000000000e+00 0.0000000000000000e+00 1.0000000000000000e+00 
Art-counter-fast/0068.pcd
9.1827434301376343e-01 -3.8715866208076477e-01 -8.3221599459648132e-02 2.8025128995068371e-04 
3.0893823504447937e-01 8.3189278841018677e-01 -4.6101778745651245e-01 4.3668562173843384e-01 
2.4592261016368866e-01 3.9831814169883728e-01 8.8366162776947021e-01 8.7559201347175986e-05 
0.0000000000000000e+00 0.0000000000000000e+00 0.0000000000000000e+00 1.0000000000000000e+00 
Art-counter-fast/0069.pcd
7.1530002355575562e-01 -6.7602294683456421e-01 -1.7694395780563354e-01 -2.9758084565401077e-02 
5.4765665531158447e-01 6.9957393407821655e-01 -4.5897638797760010e-01 4.4590792059898376e-01 
4.3601363897323608e-01 2.2960212826728821e-01 8.7017327547073364e-01 3.4995437599718571e-03 
0.0000000000000000e+00 0.0000000000000000e+00 0.0000000000000000e+00 1.0000000000000000e+00 
Art-counter-fast/0070.pcd
4.1024056077003479e-01 -8.6869585514068604e-01 -2.7765738964080811e-01 -1.3828754425048828e-01 
7.3486834764480591e-01 4.9530339241027832e-01 -4.6332463622093201e-01 4.6682447195053101e-01 
5.4899793863296509e-01 -3.3879980444908142e-02 8.3511900901794434e-01 -3.2110590487718582e-02 
0.0000000000000000e+00 0.0000000000000000e+00 0.0000000000000000e+00 1.0000000000000000e+00 
Art-counter-fast/0071.pcd
2.3741611838340759e-01 8.9294558763504028e-01 3.8236424326896667e-01 -4.6291641891002655e-02 
-8.0965381860733032e-01 3.9936742186546326e-01 -4.3009400367736816e-01 3.6636757850646973e-01 
-5.3507804870605469e-01 -2.0143711566925049e-01 8.2048863172531128e-01 9.7559002460911870e-04 
0.0000000000000000e+00 0.0000000000000000e+00 0.0000000000000000e+00 1.0000000000000000e+00 
Art-counter-fast/0072.pcd
-1.5514278411865234e-01 -8.3443558216094971e-01 -5.2887028455734253e-01 -1.0139352828264236e-01 
9.0701949596405029e-01 9.1926850378513336e-02 -4.1096457839012146e-01 4.2773994803428650e-01 
3.8785693049430847e-01 -5.6021213531494141e-01 7.3191511631011963e-01 -1.4859233982861042e-02 
0.0000000000000000e+00 0.0000000000000000e+00 0.0000000000000000e+00 1.0000000000000000e+00 
Art-counter-fast/0073.pcd
1.4194886386394501e-01 8.9816445112228394e-01 4.1617208719253540e-01 2.1912995725870132e-02 
-8.4729528427124023e-01 3.2763120532035828e-01 -4.1804403066635132e-01 4.1302654147148132e-01 
-5.1220089197158813e-01 -2.9590541124343872e-01 8.0625975131988525e-01 4.2882632464170456e-02 
0.0000000000000000e+00 0.0000000000000000e+00 0.0000000000000000e+00 1.0000000000000000e+00 
Art-counter-fast/0074.pcd
-2.9361483454704285e-01 -7.1412271261215210e-01 -6.3548237085342407e-01 1.1897338554263115e-03 
9.2247885465621948e-01 -3.7298198789358139e-02 -3.8427346944808960e-01 4.2246422171592712e-01 
2.5011447072029114e-01 -7.0049577951431274e-01 6.6841107606887817e-01 3.8249753415584564e-02 
0.0000000000000000e+00 0.0000000000000000e+00 0.0000000000000000e+00 1.0000000000000000e+00 
Art-counter-fast/0075.pcd
4.6721315383911133e-01 8.2948583364486694e-01 3.0612438917160034e-01 -3.1462598592042923e-02 
-6.9914406538009644e-01 5.5847901105880737e-01 -4.4643336534500122e-01 4.4078293442726135e-01 
-5.3782868385314941e-01 3.8908398710191250e-04 8.4301650524139404e-01 1.0529977269470692e-02 
0.0000000000000000e+00 0.0000000000000000e+00 0.0000000000000000e+00 1.0000000000000000e+00 
Art-counter-fast/0076.pcd
-1.0055713355541229e-01 8.4054827690124512e-01 5.3230255842208862e-01 5.9875261038541794e-02 
-9.1272878646850586e-01 1.3503660261631012e-01 -3.8562449812889099e-01 4.7314438223838806e-01 
-3.9559823274612427e-01 -5.2871042490005493e-01 7.5099170207977295e-01 2.2926678881049156e-02 
0.0000000000000000e+00 0.0000000000000000e+00 0.0000000000000000e+00 1.0000000000000000e+00 
Art-counter-fast/0077.pcd
3.6440089344978333e-01 -8.8052088022232056e-01 -3.0322977900505066e-01 -8.1848390400409698e-03 
7.6466900110244751e-01 4.6869903802871704e-01 -4.4227343797683716e-01 4.5988306403160095e-01 
5.3309702873229980e-01 -7.4645012617111206e-02 8.4271687269210815e-01 -8.3137530600652099e-04 
0.0000000000000000e+00 0.0000000000000000e+00 0.0000000000000000e+00 1.0000000000000000e+00 
Art-counter-fast/0078.pcd
-3.6369892954826355e-01 -3.4923270344734192e-01 -8.6365312337875366e-01 1.1852339655160904e-01 
9.1439926624298096e-01 -3.1112152338027954e-01 -2.5907629728317261e-01 4.2238649725914001e-01 
-1.7217731475830078e-01 -8.7827074527740479e-01 4.4598343968391418e-01 5.6651581078767776e-02 
0.0000000000000000e+00 0.0000000000000000e+00 0.0000000000000000e+00 1.0000000000000000e+00 
Art-counter-fast/0079.pcd
8.9135694503784180e-01 4.3415901064872742e-01 1.3039606809616089e-01 1.7326360568404198e-02 
-3.3149769902229309e-01 8.2048130035400391e-01 -4.6577703952789307e-01 4.4634878635406494e-01 
-3.0920568108558655e-01 3.7194296717643738e-01 8.7525349855422974e-01 2.8404718264937401e-02 
0.0000000000000000e+00 0.0000000000000000e+00 0.0000000000000000e+00 1.0000000000000000e+00 
Art-counter-fast/0080.pcd
5.7512491941452026e-01 7.7398633956909180e-01 2.6494458317756653e-01 8.8562816381454468e-03 
-6.3838726282119751e-01 6.2713372707366943e-01 -4.4629409909248352e-01 3.8435554504394531e-01 
-5.1122081279754639e-01 8.8003307580947876e-02 8.5492873191833496e-01 1.1186856776475906e-02 
0.0000000000000000e+00 0.0000000000000000e+00 0.0000000000000000e+00 1.0000000000000000e+00 
Art-counter-fast/0081.pcd
4.2461609840393066e-01 8.4854918718338013e-01 3.1572785973548889e-01 2.8914166614413261e-02 
-7.2415250539779663e-01 5.2762860059738159e-01 -4.4409465789794922e-01 4.3557375669479370e-01 
-5.4429644346237183e-01 -4.1749689728021622e-02 8.3785527944564819e-01 1.4307510107755661e-02 
0.0000000000000000e+00 0.0000000000000000e+00 0.0000000000000000e+00 1.0000000000000000e+00 
Art-counter-fast/0082.pcd
1.4244641363620758e-01 -9.0598481893539429e-01 -3.9863815903663635e-01 4.5043185353279114e-02 
8.4256178140640259e-01 3.2235175371170044e-01 -4.3150883913040161e-01 4.7310301661491394e-01 
5.1923942565917969e-01 -2.7294570207595825e-01 8.0987709760665894e-01 2.1389020606875420e-02 
0.0000000000000000e+00 0.0000000000000000e+00 0.0000000000000000e+00 1.0000000000000000e+00 
Art-counter-fast/0083.pcd
-3.1294643878936768e-01 6.4108431339263916e-01 7.0076787471771240e-01 4.2299281805753708e-02 
-9.4326430559158325e-01 -1.2371100485324860e-01 -3.0812156200408936e-01 3.9604464173316956e-01 
-1.1010444909334183e-01 -7.5893163681030273e-01 6.4179354906082153e-01 9.3862572684884071e-03 
0.0000000000000000e+00 0.0000000000000000e+00 0.0000000000000000e+00 1.0000000000000000e+00 
Art-counter-fast/0084.pcd
4.3060958385467529e-01 -8.5473251342773438e-01 -2.8994426131248474e-01 8.3811864256858826e-02 
7.2648662328720093e-01 5.1891738176345825e-01 -4.5051819086074829e-01 4.2041614651679993e-01 
5.3030431270599365e-01 -5.9990375302731991e-03 8.4777760505676270e-01 4.7374922782182693e-02 
0.0000000000000000e+00 0.0000000000000000e+00 0.0000000000000000e+00 1.0000000000000000e+00 
Art-counter-fast/0085.pcd
3.7553150206804276e-02 -8.9801448583602905e-01 -4.3836268782615662e-01 4.8883914947509766e-02 
8.6731606721878052e-01 2.4717457592487335e-01 -4.3205827474594116e-01 3.4433114528656006e-01 
4.9621379375457764e-01 -3.6073639988899231e-01 7.8970277309417725e-01 2.8528386726975441e-02 
0.0000000000000000e+00 0.0000000000000000e+00 0.0000000000000000e+00 1.0000000000000000e+00 
Art-counter-fast/0086.pcd
3.0212137103080750e-01 8.8514471054077148e-01 3.5391184687614441e-01 3.5636238753795624e-02 
-7.8567117452621460e-01 4.4146370887756348e-01 -4.3341347575187683e-01 4.1379609704017639e-01 
-5.3986245393753052e-01 -1.4711178839206696e-01 8.2879251241683960e-01 9.7020454704761505e-03 
0.0000000000000000e+00 0.0000000000000000e+00 0.0000000000000000e+00 1.0000000000000000e+00 
Art-counter-fast/0087.pcd
-3.2994478940963745e-01 5.9352385997772217e-01 7.3408812284469604e-01 5.4939519613981247e-02 
-9.4235706329345703e-01 -1.6139587759971619e-01 -2.9310205578804016e-01 3.6257588863372803e-01 
-5.4365243762731552e-02 -7.9067248106002808e-01 6.0981386899948120e-01 -6.5670488402247429e-03 
0.0000000000000000e+00 0.0000000000000000e+00 0.0000000000000000e+00 1.0000000000000000e+00 
Art-counter-fast/0088.pcd
7.3031669855117798e-01 -6.6035830974578857e-01 -1.7486284673213959e-01 8.6438367143273354e-03 
5.2864485979080200e-01 7.0847851037979126e-01 -4.6756437420845032e-01 4.2218416929244995e-01 
4.3561443686485291e-01 2.4625177681446075e-01 8.6580562591552734e-01 -2.3055871948599815e-02 
0.0000000000000000e+00 0.0000000000000000e+00 0.0000000000000000e+00 1.0000000000000000e+00 
Art-counter-fast/0089.pcd
-5.6149635463953018e-02 -8.7384945154190063e-01 -4.8293548822402954e-01 4.3821398168802261e-02 
8.8971340656280518e-01 1.7569424211978912e-01 -4.2136034369468689e-01 4.1165325045585632e-01 
4.5332530140876770e-01 -4.5010617375373840e-01 7.6934993267059326e-01 5.3467642515897751e-02 
0.0000000000000000e+00 0.0000000000000000e+00 0.0000000000000000e+00 1.0000000000000000e+00 
Art-counter-fast/0090.pcd
-2.6230823993682861e-01 7.1396845579147339e-01 6.4910888671875000e-01 3.6316722631454468e-02 
-9.4289004802703857e-01 -4.6754207462072372e-02 -3.2983353734016418e-01 2.6083570718765259e-01 
-2.0225821435451508e-01 -7.0681625604629517e-01 6.7795675992965698e-01 1.2942141294479370e-01 
0.0000000000000000e+00 0.0000000000000000e+00 0.0000000000000000e+00 1.0000000000000000e+00 
Art-counter-fast/0091.pcd
5.7160943746566772e-01 -7.8644722700119019e-01 -2.3406127095222473e-01 2.5277936831116676e-02 
6.4597940444946289e-01 6.0720068216323853e-01 -4.6265265345573425e-01 2.7094471454620361e-01 
5.0135886669158936e-01 1.1963145434856415e-01 8.5692912340164185e-01 1.0623263567686081e-01 
0.0000000000000000e+00 0.0000000000000000e+00 0.0000000000000000e+00 1.0000000000000000e+00 
Art-counter-fast/0092.pcd
3.5573458671569824e-01 -8.8094389438629150e-01 -3.1208008527755737e-01 1.2647427618503571e-02 
7.5634866952896118e-01 4.6752077341079712e-01 -4.5756629109382629e-01 3.7098500132560730e-01 
5.4917502403259277e-01 -7.3723219335079193e-02 8.3245038986206055e-01 9.6812297124415636e-04 
0.0000000000000000e+00 0.0000000000000000e+00 0.0000000000000000e+00 1.0000000000000000e+00 
Art-counter-fast/0093.pcd
2.3613294959068298e-01 8.9287465810775757e-01 3.8343688845634460e-01 3.0316367745399475e-02 
-8.2089942693710327e-01 3.9443409442901611e-01 -4.1298428177833557e-01 4.4092318415641785e-01 
-5.2027499675750732e-01 -2.1827459335327148e-01 8.2563948631286621e-01 2.6656175032258034e-02 
0.0000000000000000e+00 0.0000000000000000e+00 0.0000000000000000e+00 1.0000000000000000e+00 
Art-counter-fast/0094.pcd
-2.1157993376255035e-01 -7.9640716314315796e-01 -5.6656563282012939e-01 1.3540809974074364e-02 
9.1780960559844971e-01 3.7352655082941055e-02 -3.9527967572212219e-01 4.3899446725845337e-01 
3.3534836769104004e-01 -6.0563194751739502e-01 7.2161948680877686e-01 -1.3366572558879852e-02 
0.0000000000000000e+00 0.0000000000000000e+00 0.0000000000000000e+00 1.0000000000000000e+00 
Art-counter-fast/0095.pcd
2.4720220267772675e-01 8.9103549718856812e-01 3.8075199723243713e-01 -2.4320215452462435e-03 
-8.0476945638656616e-01 4.0762850642204285e-01 -4.3151730298995972e-01 4.1292771697044373e-01 
-5.3879112005233765e-01 -1.9673940539360046e-01 8.1913232803344727e-01 6.9212685339152813e-03 
0.0000000000000000e+00 0.0000000000000000e+00 0.0000000000000000e+00 1.0000000000000000e+00 
Art-counter-fast/0096.pcd
-3.7919262051582336e-01 -4.8709201812744141e-01 -7.8677296638488770e-01 6.9108210504055023e-02 
9.2505097389221191e-01 -2.2084869444370270e-01 -3.0907154083251953e-01 4.4788014888763428e-01 
-2.0247906446456909e-02 -8.4124511480331421e-01 5.4023665189743042e-01 2.9560342431068420e-02 
0.0000000000000000e+00 0.0000000000000000e+00 0.0000000000000000e+00 1.0000000000000000e+00 
Art-counter-fast/0097.pcd
8.2015883922576904e-01 5.5074554681777954e-01 1.5548799932003021e-01 1.3362926244735718e-01 
-4.3695241212844849e-01 7.7797240018844604e-01 -4.5147448778152466e-01 4.2762941122055054e-01 
-3.8196682929992676e-01 2.9419031739234924e-01 8.7601417303085327e-01 3.8482833653688431e-02 
0.0000000000000000e+00 0.0000000000000000e+00 0.0000000000000000e+00 1.0000000000000000e+00 
Art-counter-fast/0098.pcd
4.3220362067222595e-01 8.4575361013412476e-01 3.1290063261985779e-01 8.9305359870195389e-03 
-7.2225499153137207e-01 5.3240936994552612e-01 -4.4146463274955750e-01 4.5343872904777527e-01 
-5.3923082351684570e-01 -3.3785060048103333e-02 8.4147995710372925e-01 3.9313305169343948e-02 
0.0000000000000000e+00 0.0000000000000000e+00 0.0000000000000000e+00 1.0000000000000000e+00 
Art-counter-fast/0099.pcd
8.5248544812202454e-02 8.9157205820083618e-01 4.4479882717132568e-01 1.4502370031550527e-03 
