Art-counter-fast/0000.pcd
9.9960714578628540e-01 -2.8027737513184547e-02 0.0000000000000000e+00 0.0000000000000000e+00 
2.8027737513184547e-02 9.9960714578628540e-01 -0.0000000000000000e+00 0.0000000000000000e+00 
0.0000000000000000e+00 0.0000000000000000e+00 1.0000000000000000e+00 0.0000000000000000e+00 
0.0000000000000000e+00 0.0000000000000000e+00 0.0000000000000000e+00 1.0000000000000000e+00 
Art-counter-fast/0001.pcd
9.9999994039535522e-01 -6.0200825100764632e-04 8.9434615802019835e-04 -7.9128250479698181e-02 
6.0336041497066617e-04 1.0000050067901611e+00 -1.2388767208904028e-03 1.8392996862530708e-03 
-8.9463952463120222e-04 1.2399826664477587e-03 1.0000039339065552e+00 2.4116393178701401e-03 
0.0000000000000000e+00 0.0000000000000000e+00 0.0000000000000000e+00 1.0000000000000000e+00 
Art-counter-fast/0002.pcd
1.0000019073486328e+00 1.2936209714098368e-05 -1.6964000678854063e-05 1.0971510782837868e-03 
-1.2597693057614379e-05 1.0000044107437134e+00 4.0182650991482660e-05 -7.6578056905418634e-05 
1.7939193639904261e-05 -4.0879673179006204e-05 1.0000002384185791e+00 -4.5204409980215132e-04 
0.0000000000000000e+00 0.0000000000000000e+00 0.0000000000000000e+00 1.0000000000000000e+00 
Art-counter-fast/0003.pcd
1.0000127553939819e+00 3.2428896520286798e-04 -3.7657104257959872e-05 2.0964095368981361e-02 
-3.2509720767848194e-04 1.0000017881393433e+00 6.9837929913774133e-04 -6.6529004834592342e-04 
4.4065229303669184e-05 -6.9888343568891287e-04 1.0000017881393433e+00 1.1442728573456407e-03 
0.0000000000000000e+00 0.0000000000000000e+00 0.0000000000000000e+00 1.0000000000000000e+00 
Art-counter-fast/0004.pcd
1.0000102519989014e+00 1.3946338731329888e-04 -1.0732642840594053e-04 9.5650432631373405e-03 
-1.3982082600705326e-04 1.0000052452087402e+00 2.8599292272701859e-04 -2.8145709075033665e-04 
1.0955260222544894e-04 -2.8543284861370921e-04 9.9999982118606567e-01 -1.0614591883495450e-03 
0.0000000000000000e+00 0.0000000000000000e+00 0.0000000000000000e+00 1.0000000000000000e+00 
Art-counter-fast/0005.pcd
1.0000145435333252e+00 4.2153208050876856e-04 4.7942405217327178e-04 1.8110672011971474e-02 
-4.2180102900601923e-04 1.0000121593475342e+00 2.5256525259464979e-04 -8.3408562932163477e-04 
-4.7852244460955262e-04 -2.5381098384968936e-04 1.0000073909759521e+00 2.7205939404666424e-03 
0.0000000000000000e+00 0.0000000000000000e+00 0.0000000000000000e+00 1.0000000000000000e+00 
Art-counter-fast/0006.pcd
1.0000032186508179e+00 -2.3079970560502261e-04 -5.2851065993309021e-04 -9.8480479791760445e-03 
2.3040613450575620e-04 9.9999964237213135e-01 -7.3849681939464062e-05 4.2429912718944252e-04 
5.3086486877873540e-04 7.3200528277084231e-05 9.9999749660491943e-01 -6.1243041418492794e-03 
0.0000000000000000e+00 0.0000000000000000e+00 0.0000000000000000e+00 1.0000000000000000e+00 
Art-counter-fast/0007.pcd
1.0000001192092896e+00 7.0060559664852917e-05 -1.5989333624020219e-03 4.9456846900284290e-03 
-7.1002192271407694e-05 1.0000015497207642e+00 2.0972421043552458e-04 -2.7473023510538042e-04 
1.6055714804679155e-03 -2.0676123676821589e-04 9.9999076128005981e-01 -1.6580306692048907e-03 
0.0000000000000000e+00 0.0000000000000000e+00 0.0000000000000000e+00 1.0000000000000000e+00 
Art-counter-fast/0008.pcd
1.0000194311141968e+00 3.0776698258705437e-04 -8.1605816376395524e-05 1.8904404714703560e-02 
-3.0732934828847647e-04 1.0000241994857788e+00 6.3656043494120240e-04 -5.7679496239870787e-04 
8.5241925262380391e-05 -6.3802942167967558e-04 1.0000032186508179e+00 -1.7289898823946714e-04 
0.0000000000000000e+00 0.0000000000000000e+00 0.0000000000000000e+00 1.0000000000000000e+00 
Art-counter-fast/0009.pcd
9.9999791383743286e-01 3.5232307709520683e-05 -2.8020513127557933e-05 2.7447419706732035e-03 
-3.6383713450049981e-05 9.9999457597732544e-01 5.6919230701168999e-05 -8.6961183114908636e-05 
3.1569004931952804e-05 -5.6833519920473918e-05 1.0000002384185791e+00 3.0281064027803950e-05 
0.0000000000000000e+00 0.0000000000000000e+00 0.0000000000000000e+00 1.0000000000000000e+00 
Art-counter-fast/0010.pcd
1.0000035762786865e+00 -2.4713822313060518e-06 4.0638895006850362e-04 -9.6800824394449592e-04 
3.9513847696071025e-06 1.0000222921371460e+00 -3.3918222470674664e-05 1.3416828005574644e-04 
2.4137489162967540e-05 3.1060866604093462e-05 9.9999815225601196e-01 1.2145465007051826e-04 
0.0000000000000000e+00 0.0000000000000000e+00 0.0000000000000000e+00 1.0000000000000000e+00 
Art-counter-fast/0011.pcd
1.0000008344650269e+00 -2.9873515813960694e-05 3.7051529943710193e-05 -2.9622884467244148e-03 
2.8749911507475190e-05 1.0000001192092896e+00 -7.1042501076590270e-05 1.6381620662286878e-04 
-3.5688142816070467e-05 7.4534160376060754e-05 9.9999767541885376e-01 5.7043432025238872e-04 
0.0000000000000000e+00 0.0000000000000000e+00 0.0000000000000000e+00 1.0000000000000000e+00 
Art-counter-fast/0012.pcd
1.0000154972076416e+00 -1.9340487779118121e-04 -6.4812379423528910e-04 -7.9626860097050667e-03 
1.9325870380271226e-04 1.0000166893005371e+00 -7.2947419539559633e-05 3.3749642898328602e-04 
6.4924632897600532e-04 7.3435192462056875e-05 1.0000017881393433e+00 -5.5259289219975471e-03 
0.0000000000000000e+00 0.0000000000000000e+00 0.0000000000000000e+00 1.0000000000000000e+00 
Art-counter-fast/0013.pcd
1.0000069141387939e+00 3.5480657970765606e-05 -3.3340380468871444e-05 3.1324618030339479e-03 
-3.5906163248000666e-05 1.0000025033950806e+00 8.0757956311572343e-05 -2.2939349582884461e-04 
3.6465240555116907e-05 -8.0666533904150128e-05 9.9999713897705078e-01 -2.5737451505847275e-04 
0.0000000000000000e+00 0.0000000000000000e+00 0.0000000000000000e+00 1.0000000000000000e+00 
Art-counter-fast/0014.pcd
1.0000039339065552e+00 3.6013949284097180e-05 -4.1583833080949262e-05 2.9453050810843706e-03 
-3.5771932743955404e-05 1.0000079870223999e+00 7.3895149398595095e-05 -1.4764032675884664e-04 
4.6256714995251969e-05 -7.4304924055468291e-05 9.9999386072158813e-01 -3.2808099058456719e-04 
0.0000000000000000e+00 0.0000000000000000e+00 0.0000000000000000e+00 1.0000000000000000e+00 
Art-counter-fast/0015.pcd
1.0000020265579224e+00 2.8852544346591458e-05 -2.0657518689404242e-05 2.6778127066791058e-03 
-2.9106322472216561e-05 1.0000034570693970e+00 5.3144489356782287e-05 -1.2829579645767808e-04 
2.0794801457668655e-05 -5.2434988901950419e-05 1.0000033378601074e+00 -4.2820152884814888e-05 
0.0000000000000000e+00 0.0000000000000000e+00 0.0000000000000000e+00 1.0000000000000000e+00 
Art-counter-fast/0016.pcd
1.0000278949737549e+00 2.2234134376049042e-03 6.9719960447400808e-04 -4.7706063836812973e-02 
-2.2259280085563660e-03 1.0000114440917969e+00 3.1020895112305880e-03 1.9239323213696480e-02 
-6.8322732113301754e-04 -3.1048005912452936e-03 9.9999010562896729e-01 1.7774647567421198e-03 
0.0000000000000000e+00 0.0000000000000000e+00 0.0000000000000000e+00 1.0000000000000000e+00 
Art-counter-fast/0017.pcd
1.0000034570693970e+00 5.9481442440301180e-04 1.5666253166273236e-03 1.1875253170728683e-02 
-5.9698417317122221e-04 1.0000302791595459e+00 2.4054492823779583e-03 3.2044410705566406e-02 
-1.5604767249897122e-03 -2.4079103022813797e-03 9.9997353553771973e-01 -1.3781929155811667e-03 
0.0000000000000000e+00 0.0000000000000000e+00 0.0000000000000000e+00 1.0000000000000000e+00 
Art-counter-fast/0018.pcd
1.0000088214874268e+00 2.2208215668797493e-03 2.8506122180260718e-04 -2.8652379289269447e-02 
-2.2213452029973269e-03 1.0000097751617432e+00 3.1057314481586218e-03 1.8170511350035667e-02 
-2.7642838540486991e-04 -3.1068287789821625e-03 9.9999320507049561e-01 2.1011231001466513e-04 
0.0000000000000000e+00 0.0000000000000000e+00 0.0000000000000000e+00 1.0000000000000000e+00 
Art-counter-fast/0019.pcd
1.0000027418136597e+00 2.0828610286116600e-03 1.8624822841957211e-03 -4.8773596063256264e-03 
-2.0887323189526796e-03 1.0000143051147461e+00 3.2108470331877470e-03 1.5678359195590019e-02 
-1.8569229869171977e-03 -3.2151821069419384e-03 9.9999916553497314e-01 2.9777144081890583e-03 
0.0000000000000000e+00 0.0000000000000000e+00 0.0000000000000000e+00 1.0000000000000000e+00 
Art-counter-fast/0020.pcd
9.9998581409454346e-01 6.3299313187599182e-03 7.4104365194216371e-04 2.2512094583362341e-03 
-6.3307327218353748e-03 9.9998533725738525e-01 1.1448827572166920e-03 -6.8886741064488888e-04 
-7.3534931289032102e-04 -1.1498456588014960e-03 1.0000057220458984e+00 -1.0475833900272846e-02 
0.0000000000000000e+00 0.0000000000000000e+00 0.0000000000000000e+00 1.0000000000000000e+00 
Art-counter-fast/0021.pcd
1.0000094175338745e+00 2.0614454988390207e-03 4.9770628102123737e-03 -7.3727970011532307e-03 
-2.0641833543777466e-03 9.9999493360519409e-01 -2.1323380060493946e-03 4.9199275672435760e-02 
1.0391812538728118e-03 2.1581344772130251e-03 9.9998962879180908e-01 -3.1177140772342682e-04 
0.0000000000000000e+00 0.0000000000000000e+00 0.0000000000000000e+00 1.0000000000000000e+00 
Art-counter-fast/0022.pcd
1.0000073909759521e+00 5.0109032599721104e-05 -1.6548278508707881e-03 4.7050379216670990e-03 
-4.9986592784989625e-05 1.0000092983245850e+00 1.6163877444341779e-04 -3.6283608642406762e-04 
1.6229907050728798e-03 -1.6069198318291456e-04 1.0000019073486328e+00 -1.5812731580808759e-03 
0.0000000000000000e+00 0.0000000000000000e+00 0.0000000000000000e+00 1.0000000000000000e+00 
Art-counter-fast/0023.pcd
9.9997752904891968e-01 6.7865303717553616e-03 -2.3760342446621507e-04 1.1621568351984024e-02 
-6.7867524921894073e-03 9.9998754262924194e-01 2.5447243824601173e-03 2.7432762086391449e-02 
-1.3419275637716055e-04 -2.5433320552110672e-03 1.0000039339065552e+00 1.8151514232158661e-03 
0.0000000000000000e+00 0.0000000000000000e+00 0.0000000000000000e+00 1.0000000000000000e+00 
Art-counter-fast/0024.pcd
9.9997389316558838e-01 6.6889412701129913e-03 3.5807189997285604e-03 -4.3963370844721794e-03 
-6.6899498924612999e-03 9.9998247623443604e-01 2.4742714595049620e-03 3.0115945264697075e-02 
-5.3957419004291296e-04 -2.4712199810892344e-03 9.9999481439590454e-01 -1.1589892528718337e-04 
0.0000000000000000e+00 0.0000000000000000e+00 0.0000000000000000e+00 1.0000000000000000e+00 
Art-counter-fast/0025.pcd
9.9998521804809570e-01 6.6499304957687855e-03 -1.5731884632259607e-03 1.9371697679162025e-02 
-6.6498266533017159e-03 9.9998700618743896e-01 -1.3649746542796493e-03 4.1424565017223358e-02 
-8.5827901784796268e-05 1.3692461652681231e-03 9.9999958276748657e-01 -5.4320628987625241e-04 
0.0000000000000000e+00 0.0000000000000000e+00 0.0000000000000000e+00 1.0000000000000000e+00 
Art-counter-fast/0026.pcd
9.9997216463088989e-01 8.1592882052063942e-03 3.7153839366510510e-04 3.0153080821037292e-02 
-8.1598684191703796e-03 9.9996864795684814e-01 -6.9398258347064257e-04 5.9818245470523834e-02 
-3.7612722371704876e-04 6.9234467810019851e-04 1.0000045299530029e+00 1.8491017399355769e-03 
0.0000000000000000e+00 0.0000000000000000e+00 0.0000000000000000e+00 1.0000000000000000e+00 
Art-counter-fast/0027.pcd
9.9995934963226318e-01 1.0040891356766224e-02 3.4132253495045006e-04 2.0842304453253746e-02 
-1.0041696950793266e-02 9.9995994567871094e-01 2.5445153005421162e-03 5.3591683506965637e-02 
-3.1436394783668220e-04 -2.5460121687501669e-03 9.9999809265136719e-01 -2.9972398187965155e-03 
0.0000000000000000e+00 0.0000000000000000e+00 0.0000000000000000e+00 1.0000000000000000e+00 
Art-counter-fast/0028.pcd
9.9997413158416748e-01 8.7171653285622597e-03 1.3441037386655807e-02 -4.0888059884309769e-02 
-8.7175089865922928e-03 9.9996715784072876e-01 1.9984099708381109e-05 7.5063832104206085e-02 
-7.7864955528639257e-05 3.9602455217391253e-06 9.9991190433502197e-01 -6.3743921928107738e-03 
0.0000000000000000e+00 0.0000000000000000e+00 0.0000000000000000e+00 1.0000000000000000e+00 
Art-counter-fast/0029.pcd
9.9993568658828735e-01 1.1529600247740746e-02 2.0125240553170443e-04 3.3114068210124969e-02 
-1.1529888957738876e-02 9.9993270635604858e-01 2.8182007372379303e-03 5.8567520231008530e-02 
-1.6827715444378555e-04 -2.8214643243700266e-03 9.9999815225601196e-01 1.0872892744373530e-04 
0.0000000000000000e+00 0.0000000000000000e+00 0.0000000000000000e+00 1.0000000000000000e+00 
Art-counter-fast/0030.pcd
9.9993532896041870e-01 1.2601671740412712e-02 2.6167856412939727e-04 3.8070470094680786e-02 
-1.2602772563695908e-02 9.9993091821670532e-01 1.3917238684371114e-03 7.7409699559211731e-02 
-2.4306619889102876e-04 -1.3974136672914028e-03 1.0000098943710327e+00 5.2027492783963680e-03 
0.0000000000000000e+00 0.0000000000000000e+00 0.0000000000000000e+00 1.0000000000000000e+00 
Art-counter-fast/0031.pcd
9.9992161989212036e-01 1.3755543157458305e-02 2.5254063075408340e-05 3.3049624413251877e-02 
-1.3755646534264088e-02 9.9989330768585205e-01 -5.0562946125864983e-03 8.2113742828369141e-02 
-9.6614377980586141e-05 5.0543523393571377e-03 9.9999207258224487e-01 9.6283964812755585e-03 
0.0000000000000000e+00 0.0000000000000000e+00 0.0000000000000000e+00 1.0000000000000000e+00 
Art-counter-fast/0032.pcd
9.9992948770523071e-01 1.3500627130270004e-02 3.9923109579831362e-04 3.3723473548889160e-02 
-1.3500484637916088e-02 9.9993109703063965e-01 -1.7437482019886374e-03 9.6219651401042938e-02 
-4.1794226854108274e-04 1.7394988099113107e-03 1.0000058412551880e+00 6.8979687057435513e-03 
0.0000000000000000e+00 0.0000000000000000e+00 0.0000000000000000e+00 1.0000000000000000e+00 
Art-counter-fast/0033.pcd
9.9991619586944580e-01 1.3495845720171928e-02 2.2079632617533207e-03 3.7993781268596649e-02 
-1.3499254360795021e-02 9.9991708993911743e-01 1.5316288918256760e-03 1.0216487199068069e-01 
-2.1856096573174000e-03 -1.5583728672936559e-03 9.9999707937240601e-01 1.6700312262400985e-03 
0.0000000000000000e+00 0.0000000000000000e+00 0.0000000000000000e+00 1.0000000000000000e+00 
Art-counter-fast/0034.pcd
9.9990493059158325e-01 1.4325614087283611e-02 2.1998286247253418e-03 5.0487376749515533e-02 
-1.4325107447803020e-02 9.9990969896316528e-01 -6.6733176936395466e-05 1.1274664849042892e-01 
-2.2038493771106005e-03 3.4695305657805875e-05 1.0000078678131104e+00 3.9251400157809258e-03 
0.0000000000000000e+00 0.0000000000000000e+00 0.0000000000000000e+00 1.0000000000000000e+00 
Art-counter-fast/0035.pcd
9.9990147352218628e-01 1.4536055736243725e-02 2.3870179429650307e-03 4.2096637189388275e-02 
-1.4528268948197365e-02 9.9989581108093262e-01 -3.2084046397358179e-03 1.1866376549005508e-01 
-2.4326283019036055e-03 3.1745312735438347e-03 9.9999219179153442e-01 5.8653722517192364e-03 
0.0000000000000000e+00 0.0000000000000000e+00 0.0000000000000000e+00 1.0000000000000000e+00 
Art-counter-fast/0036.pcd
9.9994421005249023e-01 1.2625543400645256e-02 2.1909938659518957e-03 4.2024526745080948e-02 
-1.2622947804629803e-02 9.9992382526397705e-01 -1.7138745170086622e-03 1.3095910847187042e-01 
-2.2106785327196121e-03 1.6745202010497451e-03 1.0000090599060059e+00 1.1997472494840622e-02 
0.0000000000000000e+00 0.0000000000000000e+00 0.0000000000000000e+00 1.0000000000000000e+00 
Art-counter-fast/0037.pcd
9.9994957447052002e-01 1.0832561179995537e-02 2.7559343725442886e-03 3.3221460878849030e-02 
-1.0829501785337925e-02 9.9994438886642456e-01 -1.0868575191125274e-03 1.5601183474063873e-01 
-2.7680764906108379e-03 1.0541683295741677e-03 1.0000028610229492e+00 5.3920615464448929e-03 
0.0000000000000000e+00 0.0000000000000000e+00 0.0000000000000000e+00 1.0000000000000000e+00 
Art-counter-fast/0038.pcd
9.9997740983963013e-01 8.2309218123555183e-03 7.4574118480086327e-04 3.8876153528690338e-02 
-8.2310894504189491e-03 9.9997556209564209e-01 -1.8480018479749560e-04 1.6333934664726257e-01 
-7.4900913750752807e-04 1.8001985154114664e-04 1.0000030994415283e+00 2.6035117916762829e-03 
0.0000000000000000e+00 0.0000000000000000e+00 0.0000000000000000e+00 1.0000000000000000e+00 
Art-counter-fast/0039.pcd
9.9999469518661499e-01 5.1269833929836750e-03 -1.8225460080429912e-03 3.7982355803251266e-02 
-5.1327385008335114e-03 9.9999749660491943e-01 -3.0774734914302826e-03 1.9827859103679657e-01 
1.8109161173924804e-03 3.0914058443158865e-03 9.9998593330383301e-01 5.0771567039191723e-03 
0.0000000000000000e+00 0.0000000000000000e+00 0.0000000000000000e+00 1.0000000000000000e+00 
Art-counter-fast/0040.pcd
9.9997717142105103e-01 6.6237822175025940e-03 -3.3242213539779186e-03 4.7672659158706665e-02 
-6.6234022378921509e-03 9.9997133016586304e-01 2.5259458925575018e-04 2.2612303495407104e-01 
3.3284532837569714e-03 -2.3276467982213944e-04 9.9999243021011353e-01 4.3479446321725845e-03 
0.0000000000000000e+00 0.0000000000000000e+00 0.0000000000000000e+00 1.0000000000000000e+00 
Art-counter-fast/0041.pcd
9.9996173381805420e-01 8.4013491868972778e-03 -3.3541230950504541e-03 5.5851478129625320e-02 
-8.3830822259187698e-03 9.9996322393417358e-01 4.9889204092323780e-03 2.2183565795421600e-01 
3.3941036090254784e-03 -4.9619427882134914e-03 9.9998092651367188e-01 3.4281110856682062e-03 
0.0000000000000000e+00 0.0000000000000000e+00 0.0000000000000000e+00 1.0000000000000000e+00 
Art-counter-fast/0042.pcd
9.9998801946640015e-01 6.4985235221683979e-03 -1.4119290281087160e-03 5.2960015833377838e-02 
-6.4980350434780121e-03 9.9998492002487183e-01 5.2102736663073301e-04 2.4416640400886536e-01 
1.4167709741741419e-03 -5.0773867405951023e-04 9.9999034404754639e-01 1.0768987238407135e-02 
0.0000000000000000e+00 0.0000000000000000e+00 0.0000000000000000e+00 1.0000000000000000e+00 
Art-counter-fast/0043.pcd
9.9997836351394653e-01 8.1190867349505424e-03 1.9392953254282475e-03 6.0418453067541122e-02 
-8.1258043646812439e-03 9.9996232986450195e-01 3.5409594420343637e-03 2.6245787739753723e-01 
-1.9104526145383716e-03 -3.5567868035286665e-03 9.9999880790710449e-01 9.2632938176393509e-03 
0.0000000000000000e+00 0.0000000000000000e+00 0.0000000000000000e+00 1.0000000000000000e+00 
Art-counter-fast/0044.pcd
9.9996894598007202e-01 7.8791650012135506e-03 3.7162916269153357e-03 5.7336647063493729e-02 
-7.8884148970246315e-03 9.9998408555984497e-01 2.4258377961814404e-03 2.7526462078094482e-01 
-3.6950407084077597e-03 -2.4513283278793097e-03 9.9998539686203003e-01 1.4976191334426403e-02 
0.0000000000000000e+00 0.0000000000000000e+00 0.0000000000000000e+00 1.0000000000000000e+00 
Art-counter-fast/0045.pcd
9.9998724460601807e-01 2.4082055315375328e-03 4.3515879660844803e-03 2.1858517080545425e-02 
-2.4186698719859123e-03 1.0000040531158447e+00 2.5471753906458616e-03 2.3703105747699738e-01 
-4.3479879386723042e-03 -2.5559347122907639e-03 9.9998527765274048e-01 1.6406802460551262e-02 
0.0000000000000000e+00 0.0000000000000000e+00 0.0000000000000000e+00 1.0000000000000000e+00 
Art-counter-fast/0046.pcd
9.9999135732650757e-01 3.9227535016834736e-03 4.3974826112389565e-03 6.1517745256423950e-02 
-3.9339954964816570e-03 9.9999397993087769e-01 2.5419981684535742e-03 2.6203691959381104e-01 
-4.3865502811968327e-03 -2.5553959421813488e-03 9.9999779462814331e-01 1.0534116998314857e-02 
0.0000000000000000e+00 0.0000000000000000e+00 0.0000000000000000e+00 1.0000000000000000e+00 
Art-counter-fast/0047.pcd
9.9999994039535522e-01 -3.4004820045083761e-03 1.6260658157989383e-03 4.6963352710008621e-02 
3.3857561647891998e-03 9.9996584653854370e-01 9.2869792133569717e-03 2.3039086163043976e-01 
-1.6598043730482459e-03 -9.2812161892652512e-03 9.9996161460876465e-01 1.4113598503172398e-02 
0.0000000000000000e+00 0.0000000000000000e+00 0.0000000000000000e+00 1.0000000000000000e+00 
Art-counter-fast/0048.pcd
1.0000021457672119e+00 -6.5420847386121750e-04 -1.2506005587056279e-03 3.1222429126501083e-02 
6.4219767227768898e-04 9.9995803833007812e-01 -9.8032187670469284e-03 2.7357196807861328e-01 
1.2576181907206774e-03 9.8021095618605614e-03 9.9995118379592896e-01 2.0040456205606461e-02 
0.0000000000000000e+00 0.0000000000000000e+00 0.0000000000000000e+00 1.0000000000000000e+00 
Art-counter-fast/0049.pcd
9.9998939037322998e-01 -6.3059609383344650e-03 -4.7897431068122387e-03 3.4051131457090378e-02 
6.2598148360848427e-03 9.9994713068008423e-01 -9.1048199683427811e-03 2.8117063641548157e-01 
4.8506562598049641e-03 9.0758642181754112e-03 9.9994802474975586e-01 1.4743708074092865e-02 
0.0000000000000000e+00 0.0000000000000000e+00 0.0000000000000000e+00 1.0000000000000000e+00 
Art-counter-fast/0050.pcd
9.9999117851257324e-01 -8.0466791987419128e-03 -2.8827635105699301e-04 5.1164377480745316e-02 
8.0497637391090393e-03 9.9989241361618042e-01 1.3629953376948833e-02 2.5847297906875610e-01 
1.7550963093526661e-04 -1.3632073998451233e-02 9.9991422891616821e-01 1.9067090004682541e-02 
0.0000000000000000e+00 0.0000000000000000e+00 0.0000000000000000e+00 1.0000000000000000e+00 
Art-counter-fast/0051.pcd
9.9995744228363037e-01 -1.0489789769053459e-02 5.5695394985377789e-04 5.0044741481542587e-02 
1.0484283789992332e-02 9.9992346763610840e-01 8.2153184339404106e-03 2.2814457118511200e-01 
-6.4415286760777235e-04 -8.2089677453041077e-03 9.9997162818908691e-01 7.2301961481571198e-03 
0.0000000000000000e+00 0.0000000000000000e+00 0.0000000000000000e+00 1.0000000000000000e+00 
Art-counter-fast/0052.pcd
9.9999189376831055e-01 -7.6221320778131485e-03 2.1703368984162807e-03 3.9754759520292282e-02 
7.6525444164872169e-03 9.9987000226974487e-01 -1.4687285758554935e-02 2.5611451268196106e-01 
-2.0593833178281784e-03 1.4702388085424900e-02 9.9989843368530273e-01 1.7087338492274284e-02 
0.0000000000000000e+00 0.0000000000000000e+00 0.0000000000000000e+00 1.0000000000000000e+00 
Art-counter-fast/0053.pcd
9.9996501207351685e-01 -1.0140030644834042e-02 -1.0233483044430614e-03 3.4758925437927246e-02 
1.0130510665476322e-02 9.9991834163665771e-01 -8.1650093197822571e-03 2.9999709129333496e-01 
1.1040419340133667e-03 8.1538874655961990e-03 9.9997329711914062e-01 1.9045105203986168e-02 
0.0000000000000000e+00 0.0000000000000000e+00 0.0000000000000000e+00 1.0000000000000000e+00 
Art-counter-fast/0054.pcd
9.9997025728225708e-01 -8.7289726361632347e-03 -8.6561584612354636e-04 5.5414069443941116e-02 
8.7348213419318199e-03 9.9996417760848999e-01 5.9454729780554771e-03 2.3847608268260956e-01 
8.1470323493704200e-04 -5.9527014382183552e-03 9.9999415874481201e-01 -1.0076439008116722e-02 
0.0000000000000000e+00 0.0000000000000000e+00 0.0000000000000000e+00 1.0000000000000000e+00 
Art-counter-fast/0055.pcd
9.9999266862869263e-01 -4.8283613286912441e-03 1.1446678545325994e-03 7.1995951235294342e-02 
4.8162331804633141e-03 9.9993675947189331e-01 1.0616530664265156e-02 1.7835289239883423e-01 
-1.1968197068199515e-03 -1.0611033998429775e-02 9.9995529651641846e-01 -2.3582486435770988e-02 
0.0000000000000000e+00 0.0000000000000000e+00 0.0000000000000000e+00 1.0000000000000000e+00 
Art-counter-fast/0056.pcd
1.0000050067901611e+00 -5.3817448206245899e-03 -1.6147844144143164e-04 6.6563151776790619e-02 
5.3816451691091061e-03 9.9998861551284790e-01 4.7599147073924541e-03 1.6365857422351837e-01 
1.3782270252704620e-04 -4.7609023749828339e-03 9.9998760223388672e-01 -9.4772549346089363e-03 
0.0000000000000000e+00 0.0000000000000000e+00 0.0000000000000000e+00 1.0000000000000000e+00 
Art-counter-fast/0057.pcd
9.9998849630355835e-01 -6.2029953114688396e-03 -2.1057610865682364e-03 5.5514544248580933e-02 
6.1903265304863453e-03 9.9998700618743896e-01 -4.6595362946391106e-03 2.1910777688026428e-01 
2.8985508251935244e-03 4.6351626515388489e-03 1.0000038146972656e+00 -5.9938750928267837e-04 
0.0000000000000000e+00 0.0000000000000000e+00 0.0000000000000000e+00 1.0000000000000000e+00 
Art-counter-fast/0058.pcd
9.9996572732925415e-01 -8.6989104747772217e-03 1.1937519302591681e-03 4.9715626984834671e-02 
8.6960094049572945e-03 9.9996036291122437e-01 2.3129845503717661e-03 2.3539370298385620e-01 
-1.2095451820641756e-03 -2.3034049663692713e-03 9.9999910593032837e-01 9.1303009539842606e-03 
0.0000000000000000e+00 0.0000000000000000e+00 0.0000000000000000e+00 1.0000000000000000e+00 
Art-counter-fast/0059.pcd
9.9994754791259766e-01 -1.0539384558796883e-02 2.1061014849692583e-03 4.4566344469785690e-02 
1.0526376776397228e-02 9.9992883205413818e-01 6.2261782586574554e-03 2.1706138551235199e-01 
-2.1715711336582899e-03 -6.2033589929342270e-03 9.9998271465301514e-01 7.5059863738715649e-03 
0.0000000000000000e+00 0.0000000000000000e+00 0.0000000000000000e+00 1.0000000000000000e+00 
Art-counter-fast/0060.pcd
9.9990546703338623e-01 -1.4574222266674042e-02 2.6017965865321457e-04 1.7071401700377464e-02 
1.4576422050595284e-02 9.9989402294158936e-01 -5.1795928739011288e-03 3.2864305377006531e-01 
-1.8721121887210757e-04 5.1830746233463287e-03 9.9999260902404785e-01 1.8478056415915489e-02 
0.0000000000000000e+00 0.0000000000000000e+00 0.0000000000000000e+00 1.0000000000000000e+00 
Art-counter-fast/0061.pcd
9.9990618228912354e-01 -1.4550327323377132e-02 9.8877155687659979e-04 2.3188488557934761e-02 
1.4555746689438820e-02 9.9988114833831787e-01 -6.0157068073749542e-03 3.0612078309059143e-01 
-8.9975661830976605e-04 6.0285590589046478e-03 9.9998897314071655e-01 1.2841090559959412e-02 
0.0000000000000000e+00 0.0000000000000000e+00 0.0000000000000000e+00 1.0000000000000000e+00 
Art-counter-fast/0062.pcd
9.9991530179977417e-01 -1.3693167828023434e-02 3.0980126466602087e-03 3.1204598024487495e-02 
1.3674831017851830e-02 9.9990218877792358e-01 5.7401168160140514e-03 2.9589137434959412e-01 
-3.1735154334455729e-03 -5.6966547854244709e-03 9.9998331069946289e-01 3.5846247337758541e-03 
0.0000000000000000e+00 0.0000000000000000e+00 0.0000000000000000e+00 1.0000000000000000e+00 
Art-counter-fast/0063.pcd
9.9995493888854980e-01 -1.0196927003562450e-02 6.9484661798924208e-04 2.8862819075584412e-02 
1.0188098065555096e-02 9.9987041950225830e-01 1.3641098514199257e-02 2.4770493805408478e-01 
-8.3507696399465203e-04 -1.3632978312671185e-02 9.9992221593856812e-01 1.1725179851055145e-02 
0.0000000000000000e+00 0.0000000000000000e+00 0.0000000000000000e+00 1.0000000000000000e+00 
Art-counter-fast/0064.pcd
9.9987745285034180e-01 -1.5950651839375496e-02 -1.3049121480435133e-03 7.1277599781751633e-03 
1.5949249267578125e-02 9.9987137317657471e-01 -1.0083303786814213e-03 2.8921568393707275e-01 
1.3221354456618428e-03 9.8579959012567997e-04 1.0000025033950806e+00 3.8649696856737137e-02 
0.0000000000000000e+00 0.0000000000000000e+00 0.0000000000000000e+00 1.0000000000000000e+00 
Art-counter-fast/0065.pcd
9.9992048740386963e-01 -1.3258952647447586e-02 2.9256944544613361e-03 1.6968552954494953e-03 
1.3254936784505844e-02 9.9991405010223389e-01 2.3224982433021069e-03 3.9302349090576172e-01 
-1.5186668606474996e-03 -2.3278037551790476e-03 9.9999171495437622e-01 9.7518786787986755e-03 
0.0000000000000000e+00 0.0000000000000000e+00 0.0000000000000000e+00 1.0000000000000000e+00 
Art-counter-fast/0066.pcd
9.9991875886917114e-01 -1.2060209177434444e-02 -5.4945088922977448e-03 4.6808436512947083e-02 
1.2008027173578739e-02 9.9991405010223389e-01 7.8500779345631599e-03 4.2790663242340088e-01 
-6.8600950762629509e-03 -7.7036782167851925e-03 9.9995768070220947e-01 8.1625832244753838e-03 
0.0000000000000000e+00 0.0000000000000000e+00 0.0000000000000000e+00 1.0000000000000000e+00 
Art-counter-fast/0067.pcd
9.9993902444839478e-01 -1.3468760065734386e-02 1.7632861854508519e-03 -1.3011618284508586e-03 
1.3451004400849342e-02 9.9988692998886108e-01 8.4688514471054077e-03 4.2910540103912354e-01 
-1.8737876089289784e-03 -8.4459586068987846e-03 9.9996846914291382e-01 5.6789047084748745e-03 
0.0000000000000000e+00 0.0000000000000000e+00 0.0000000000000000e+00 1.0000000000000000e+00 
Art-counter-fast/0068.pcd
9.9990648031234741e-01 -1.3419907540082932e-02 -6.4007472246885300e-03 4.9006943590939045e-03 
1.3477012515068054e-02 9.9986630678176880e-01 1.0420060716569424e-02 4.3510976433753967e-01 
5.3494102321565151e-03 -1.0504557751119137e-02 9.9992835521697998e-01 4.7580758109688759e-03 
0.0000000000000000e+00 0.0000000000000000e+00 0.0000000000000000e+00 1.0000000000000000e+00 
Art-counter-fast/0069.pcd
9.9988442659378052e-01 -1.4534766785800457e-02 -4.2974632233381271e-03 -2.1735344082117081e-02 
1.4614190906286240e-02 9.9982994794845581e-01 1.1741895228624344e-02 4.3894469738006592e-01 
6.7550530657172203e-03 -1.1856596916913986e-02 9.9991929531097412e-01 6.2872823327779770e-03 
0.0000000000000000e+00 0.0000000000000000e+00 0.0000000000000000e+00 1.0000000000000000e+00 
Art-counter-fast/0070.pcd
9.9989873170852661e-01 -1.2322684749960899e-02 -3.8922105450183153e-03 -3.3801835030317307e-02 
1.2273040600121021e-02 9.9993425607681274e-01 -5.3054806776344776e-03 4.5399764180183411e-01 
9.6139134839177132e-03 5.1867743022739887e-03 9.9997884035110474e-01 1.2966067530214787e-02 
0.0000000000000000e+00 0.0000000000000000e+00 0.0000000000000000e+00 1.0000000000000000e+00 
Art-counter-fast/0071.pcd
9.9993157386779785e-01 -5.8004301972687244e-03 5.4378728382289410e-03 -9.9007949233055115e-02 
5.6850886903703213e-03 9.9993103742599487e-01 -1.1401862837374210e-02 3.6667644977569580e-01 
1.0524990037083626e-02 1.1076776310801506e-02 9.9992132186889648e-01 -1.6576206311583519e-02 
0.0000000000000000e+00 0.0000000000000000e+00 0.0000000000000000e+00 1.0000000000000000e+00 
Art-counter-fast/0072.pcd
9.9995571374893188e-01 -3.0172888655215502e-03 1.3545143418014050e-02 -1.1378645896911621e-01 
2.9527370352298021e-03 9.9998146295547485e-01 -7.3346178978681564e-03 4.4276377558708191e-01 
9.2399576678872108e-03 7.0517165586352348e-03 9.9989128112792969e-01 -8.4974886849522591e-03 
0.0000000000000000e+00 0.0000000000000000e+00 0.0000000000000000e+00 1.0000000000000000e+00 
Art-counter-fast/0073.pcd
9.9998837709426880e-01 -4.4232555665075779e-03 -5.2384892478585243e-03 2.9459411744028330e-03 
4.3847882188856602e-03 9.9996978044509888e-01 -7.0121092721819878e-03 4.1078034043312073e-01 
5.2741472609341145e-03 6.9879498332738876e-03 9.9996411800384521e-01 4.2000863701105118e-02 
0.0000000000000000e+00 0.0000000000000000e+00 0.0000000000000000e+00 1.0000000000000000e+00 
Art-counter-fast/0074.pcd
9.9999564886093140e-01 -4.8960195854306221e-03 -2.2745516616851091e-03 1.3589344918727875e-02 
4.8732059076428413e-03 9.9994546175003052e-01 -1.0618670843541622e-02 4.2802518606185913e-01 
2.3314494173973799e-03 1.0606046766042709e-02 9.9994754791259766e-01 4.4435568153858185e-02 
0.0000000000000000e+00 0.0000000000000000e+00 0.0000000000000000e+00 1.0000000000000000e+00 
Art-counter-fast/0075.pcd
9.9999058246612549e-01 -5.4963948205113411e-03 1.3142412062734365e-03 2.0358886569738388e-02 
5.5072214454412460e-03 9.9995815753936768e-01 -8.1256059929728508e-03 4.2730861902236938e-01 
-1.2722052633762360e-03 8.1328265368938446e-03 9.9997031688690186e-01 2.2248463705182076e-02 
0.0000000000000000e+00 0.0000000000000000e+00 0.0000000000000000e+00 1.0000000000000000e+00 
Art-counter-fast/0076.pcd
9.9999463558197021e-01 -2.6695607230067253e-03 3.2150300685316324e-03 2.5069463998079300e-02 
2.6769803371280432e-03 9.9999618530273438e-01 -2.3194635286927223e-03 4.7219240665435791e-01 
-3.2110589090734720e-03 2.3281208705157042e-03 9.9999266862869263e-01 1.7059508711099625e-02 
0.0000000000000000e+00 0.0000000000000000e+00 0.0000000000000000e+00 1.0000000000000000e+00 
Art-counter-fast/0077.pcd
1.0000020265579224e+00 -4.3067014776170254e-03 2.7997563593089581e-03 2.0227447152137756e-02 
4.2688143439590931e-03 9.9991273880004883e-01 1.3445812277495861e-02 4.5466059446334839e-01 
-2.8570226859301329e-03 -1.3433245941996574e-02 9.9990481138229370e-01 9.6521517261862755e-03 
0.0000000000000000e+00 0.0000000000000000e+00 0.0000000000000000e+00 1.0000000000000000e+00 
Art-counter-fast/0078.pcd
9.9997234344482422e-01 -7.5928946025669575e-03 1.5442136209458113e-03 1.6505273059010506e-02 
7.5822859071195126e-03 9.9994599819183350e-01 8.9679136872291565e-03 4.3220692873001099e-01 
-1.6130929579958320e-03 -8.9558688923716545e-03 9.9996954202651978e-01 7.1060159243643284e-03 
0.0000000000000000e+00 0.0000000000000000e+00 0.0000000000000000e+00 1.0000000000000000e+00 
Art-counter-fast/0079.pcd
1.0000059604644775e+00 -4.0364339947700500e-03 3.1180647201836109e-03 5.5898111313581467e-03 
4.0448843501508236e-03 9.9999761581420898e-01 -4.7312071546912193e-03 4.4586884975433350e-01 
-1.6996258636936545e-03 4.7117271460592747e-03 9.9999487400054932e-01 2.5200942531228065e-02 
0.0000000000000000e+00 0.0000000000000000e+00 0.0000000000000000e+00 1.0000000000000000e+00 
Art-counter-fast/0080.pcd
1.0000035762786865e+00 -7.4431742541491985e-03 1.5854965895414352e-03 7.3628826066851616e-03 
7.4474676512181759e-03 1.0000081062316895e+00 -2.0226410124450922e-03 3.8988605141639709e-01 
-1.5712447930127382e-03 2.0362611394375563e-03 1.0000128746032715e+00 1.8417529761791229e-02 
0.0000000000000000e+00 0.0000000000000000e+00 0.0000000000000000e+00 1.0000000000000000e+00 
Art-counter-fast/0081.pcd
9.9999576807022095e-01 -5.2419970743358135e-03 -1.4083887217566371e-03 4.0021605789661407e-02 
5.2585904486477375e-03 9.9994772672653198e-01 -1.0045314207673073e-02 4.3195611238479614e-01 
-1.5682271914556623e-03 1.0067269206047058e-02 9.9995404481887817e-01 2.4981869384646416e-02 
0.0000000000000000e+00 0.0000000000000000e+00 0.0000000000000000e+00 1.0000000000000000e+00 
Art-counter-fast/0082.pcd
1.0000158548355103e+00 4.1124108247458935e-03 6.3200999284163117e-04 4.8988901078701019e-02 
-4.1197151876986027e-03 9.9997872114181519e-01 7.6158731244504452e-03 4.6809217333793640e-01 
-1.0524535318836570e-03 -7.6102530583739281e-03 9.9998611211776733e-01 1.4025351963937283e-02 
0.0000000000000000e+00 0.0000000000000000e+00 0.0000000000000000e+00 1.0000000000000000e+00 
Art-counter-fast/0083.pcd
1.0000282526016235e+00 1.8868429469875991e-04 1.4883908443152905e-03 4.6084973961114883e-02 
-2.1572253899648786e-04 9.9989265203475952e-01 1.5960775315761566e-02 3.8528582453727722e-01 
-1.4794280286878347e-03 -1.5959557145833969e-02 9.9988412857055664e-01 -8.0036249710246921e-04 
0.0000000000000000e+00 0.0000000000000000e+00 0.0000000000000000e+00 1.0000000000000000e+00 
Art-counter-fast/0084.pcd
1.0000332593917847e+00 4.1649697232060134e-04 -4.8246838559862226e-05 4.9248430877923965e-02 
-4.1845391388051212e-04 9.9999541044235229e-01 4.9646068364381790e-03 4.2986771464347839e-01 
4.5788907300448045e-05 -4.9682692624628544e-03 1.0000029802322388e+00 -2.5531884748488665e-03 
0.0000000000000000e+00 0.0000000000000000e+00 0.0000000000000000e+00 1.0000000000000000e+00 
Art-counter-fast/0085.pcd
1.0000058412551880e+00 -1.8728375434875488e-03 -1.1687841033563018e-03 4.5891236513853073e-02 
1.8734870245680213e-03 1.0000027418136597e+00 -8.1365456571802497e-04 3.4352454543113708e-01 
-1.0496776085346937e-03 8.1733666593208909e-04 9.9999707937240601e-01 1.8520781770348549e-02 
0.0000000000000000e+00 0.0000000000000000e+00 0.0000000000000000e+00 1.0000000000000000e+00 
Art-counter-fast/0086.pcd
1.0000110864639282e+00 4.1997223161160946e-03 -7.1874633431434631e-04 4.3489016592502594e-02 
-4.2018522508442402e-03 9.9999952316284180e-01 -4.5429761521518230e-03 4.1816422343254089e-01 
6.9953640922904015e-04 4.5464346185326576e-03 9.9999207258224487e-01 1.5527761541306973e-02 
0.0000000000000000e+00 0.0000000000000000e+00 0.0000000000000000e+00 1.0000000000000000e+00 
Art-counter-fast/0087.pcd
1.0000010728836060e+00 -4.0256413631141186e-03 4.9225720576941967e-03 -2.3200348950922489e-03 
4.0357210673391819e-03 9.9999302625656128e-01 3.7410126533359289e-03 3.7895140051841736e-01 
2.7732646558433771e-03 -3.8772220723330975e-03 9.9998652935028076e-01 -3.3556565642356873e-02 
0.0000000000000000e+00 0.0000000000000000e+00 0.0000000000000000e+00 1.0000000000000000e+00 
Art-counter-fast/0088.pcd
1.0000106096267700e+00 -1.2066533090546727e-03 -1.2989795068278909e-03 3.2670710235834122e-02 
1.2040127767249942e-03 9.9999940395355225e-01 -2.9639173299074173e-03 4.2109045386314392e-01 
2.0922318799421191e-04 2.9857764020562172e-03 1.0000052452087402e+00 2.0450206473469734e-02 
0.0000000000000000e+00 0.0000000000000000e+00 0.0000000000000000e+00 1.0000000000000000e+00 
Art-counter-fast/0089.pcd
1.0000095367431641e+00 -7.5101171387359500e-04 9.8300143145024776e-04 4.8472814261913300e-02 
7.5091689359396696e-04 1.0000059604644775e+00 -1.3428358943201602e-04 4.0431943535804749e-01 
-2.3051495663821697e-03 1.7087058222386986e-04 1.0000050067901611e+00 3.8788635283708572e-02 
0.0000000000000000e+00 0.0000000000000000e+00 0.0000000000000000e+00 1.0000000000000000e+00 
Art-counter-fast/0090.pcd
1.0000072717666626e+00 -2.6242733001708984e-03 1.4257826842367649e-03 4.1545845568180084e-02 
2.6033008471131325e-03 9.9995678663253784e-01 9.0292748063802719e-03 2.9937118291854858e-01 
-1.7906923312693834e-03 -9.0192537754774094e-03 9.9995768070220947e-01 -4.3022292666137218e-03 
0.0000000000000000e+00 0.0000000000000000e+00 0.0000000000000000e+00 1.0000000000000000e+00 
Art-counter-fast/0091.pcd
9.9994796514511108e-01 -8.8623445481061935e-03 -1.9727181643247604e-03 1.8063079565763474e-02 
8.8549777865409851e-03 9.9997693300247192e-01 -1.2951974058523774e-03 2.7489864826202393e-01 
7.2728614322841167e-03 1.2281191302463412e-03 1.0000065565109253e+00 -3.4897472709417343e-02 
0.0000000000000000e+00 0.0000000000000000e+00 0.0000000000000000e+00 1.0000000000000000e+00 
Art-counter-fast/0092.pcd
1.0000077486038208e+00 -4.3317666277289391e-03 -3.5972965415567160e-03 3.7750586867332458e-02 
4.3115695007145405e-03 9.9997347593307495e-01 -7.4263876304030418e-03 3.8505926728248596e-01 
2.5344952009618282e-03 7.4349874630570412e-03 9.9997204542160034e-01 1.0597037151455879e-02 
0.0000000000000000e+00 0.0000000000000000e+00 0.0000000000000000e+00 1.0000000000000000e+00 
Art-counter-fast/0093.pcd
9.9999719858169556e-01 -3.2121271360665560e-03 2.4518994614481926e-03 2.3502616211771965e-02 
3.1846121419221163e-03 9.9991548061370850e-01 1.2886180542409420e-02 4.4140249490737915e-01 
-2.0629905629903078e-03 -1.2882478535175323e-02 9.9991321563720703e-01 2.2821607068181038e-02 
0.0000000000000000e+00 0.0000000000000000e+00 0.0000000000000000e+00 1.0000000000000000e+00 
Art-counter-fast/0094.pcd
9.9998676776885986e-01 -5.1397434435784817e-03 9.2252134345471859e-04 3.8141246885061264e-02 
5.1207300275564194e-03 9.9996995925903320e-01 7.0891086943447590e-03 4.3042796850204468e-01 
-2.8152333106845617e-03 -7.0607718080282211e-03 9.9999296665191650e-01 6.8959002383053303e-03 
0.0000000000000000e+00 0.0000000000000000e+00 0.0000000000000000e+00 1.0000000000000000e+00 
Art-counter-fast/0095.pcd
1.0000077486038208e+00 -2.8191574383527040e-03 -5.4179789731279016e-04 2.9364794492721558e-02 
2.8123620431870222e-03 9.9997216463088989e-01 -8.6832121014595032e-03 4.0770384669303894e-01 
6.9027568679302931e-04 8.6817769333720207e-03 9.9996167421340942e-01 2.0629972219467163e-02 
0.0000000000000000e+00 0.0000000000000000e+00 0.0000000000000000e+00 1.0000000000000000e+00 
Art-counter-fast/0096.pcd
1.0000030994415283e+00 -5.0276666879653931e-03 -1.3028385117650032e-02 1.0984022170305252e-01 
5.0219018012285233e-03 9.9998939037322998e-01 5.5977636948227882e-03 4.3383198976516724e-01 
-1.1053876951336861e-03 -5.4107755422592163e-03 9.9991112947463989e-01 3.1023696064949036e-02 
0.0000000000000000e+00 0.0000000000000000e+00 0.0000000000000000e+00 1.0000000000000000e+00 
Art-counter-fast/0097.pcd
1.0000011920928955e+00 -3.1331032514572144e-03 7.4592502787709236e-03 -2.4675523862242699e-02 
3.1364290043711662e-03 9.9999445676803589e-01 4.0374700911343098e-03 4.4770348072052002e-01 
7.1648834273219109e-04 -4.2589809745550156e-03 9.9997210502624512e-01 8.2617681473493576e-03 
0.0000000000000000e+00 0.0000000000000000e+00 0.0000000000000000e+00 1.0000000000000000e+00 
Art-counter-fast/0098.pcd
1.0000003576278687e+00 -4.1873678565025330e-03 3.1398859573528171e-04 2.4281118065118790e-02 
4.1900714859366417e-03 9.9998581409454346e-01 -5.4758307524025440e-03 4.5114505290985107e-01 
-3.2150658080354333e-04 5.4776091128587723e-03 9.9998819828033447e-01 4.2928460985422134e-02 
0.0000000000000000e+00 0.0000000000000000e+00 0.0000000000000000e+00 1.0000000000000000e+00 
Art-counter-fast/0099.pcd
1.0000156164169312e+00 -1.1591400252655149e-03 1.5519384760409594e-03 2.2130429744720459e-02 
1.1594350216910243e-03 9.9998319149017334e-01 -8.7315933778882027e-03 4.6551716327667236e-01 
