Art-counter/0000.pcd
9.8982536792755127e-01 -1.4228753745555878e-01 0.0000000000000000e+00 0.0000000000000000e+00 
1.4228753745555878e-01 9.8982536792755127e-01 -0.0000000000000000e+00 0.0000000000000000e+00 
0.0000000000000000e+00 0.0000000000000000e+00 1.0000000000000000e+00 0.0000000000000000e+00 
0.0000000000000000e+00 0.0000000000000000e+00 0.0000000000000000e+00 1.0000000000000000e+00 
Art-counter/0001.pcd
9.9999552965164185e-01 -9.2837062766193412e-06 1.1079477189923637e-05 -1.0101650841534138e-03 
8.8420356405549683e-06 1.0000025033950806e+00 -1.4841661140962970e-05 8.3984370576217771e-05 
-1.2784850696334615e-05 1.6339909052476287e-05 1.0000073909759521e+00 -1.5748499208712019e-05 
0.0000000000000000e+00 0.0000000000000000e+00 0.0000000000000000e+00 1.0000000000000000e+00 
Art-counter/0002.pcd
1.0000318288803101e+00 -8.9324776126886718e-06 -1.4124790322966874e-04 -6.0322385979816318e-04 
4.9160398702952079e-06 1.0000048875808716e+00 -4.2707970351330005e-06 7.7486984082497656e-05 
-1.3910634152125567e-05 7.6616597652900964e-06 1.0000126361846924e+00 -6.8506204115692526e-05 
0.0000000000000000e+00 0.0000000000000000e+00 0.0000000000000000e+00 1.0000000000000000e+00 
Art-counter/0003.pcd
1.0000066757202148e+00 4.0229675505543128e-05 -3.7902198528172448e-05 4.7792471013963223e-03 
-4.0998260374180973e-05 1.0000029802322388e+00 7.3425304435659200e-05 -2.2972651640884578e-04 
4.0470240492140874e-05 -7.4442905315663666e-05 1.0000025033950806e+00 -2.2702665592078120e-04 
0.0000000000000000e+00 0.0000000000000000e+00 0.0000000000000000e+00 1.0000000000000000e+00 
Art-counter/0004.pcd
1.0000081062316895e+00 1.7608527559787035e-04 -3.2763178751338273e-05 1.3403921388089657e-02 
-1.7611737712286413e-04 1.0000072717666626e+00 3.5225783358328044e-04 -4.6972930431365967e-04 
3.5362874768907204e-05 -3.5253693931736052e-04 1.0000023841857910e+00 5.7013507466763258e-04 
0.0000000000000000e+00 0.0000000000000000e+00 0.0000000000000000e+00 1.0000000000000000e+00 
Art-counter/0005.pcd
1.0000128746032715e+00 2.7636185404844582e-04 6.8296038080006838e-04 1.1086187325417995e-02 
-2.7659031911753118e-04 1.0000030994415283e+00 8.4715589764527977e-05 -5.3809827659279108e-04 
-6.8344862665981054e-04 -8.3527505921665579e-05 1.0000101327896118e+00 4.9990583211183548e-03 
0.0000000000000000e+00 0.0000000000000000e+00 0.0000000000000000e+00 1.0000000000000000e+00 
Art-counter/0006.pcd
9.9999779462814331e-01 8.7161140982061625e-05 -1.4808236155658960e-03 6.5911179408431053e-03 
-8.6546438978984952e-05 9.9999195337295532e-01 2.3257493739947677e-04 -3.7627192796207964e-04 
1.6269149491563439e-03 -2.3413330200128257e-04 9.9999547004699707e-01 -2.2434480488300323e-03 
0.0000000000000000e+00 0.0000000000000000e+00 0.0000000000000000e+00 1.0000000000000000e+00 
Art-counter/0007.pcd
9.9999582767486572e-01 8.5163250332698226e-05 -1.6310069477185607e-03 6.5068393014371395e-03 
-8.4589373727794737e-05 9.9999177455902100e-01 2.2997970518190414e-04 -3.9072800427675247e-04 
1.6287920298054814e-03 -2.2921452182345092e-04 9.9999755620956421e-01 -2.4377461522817612e-03 
0.0000000000000000e+00 0.0000000000000000e+00 0.0000000000000000e+00 1.0000000000000000e+00 
Art-counter/0008.pcd
1.0000116825103760e+00 -5.0778817239915952e-05 5.1150622311979532e-05 -4.8203156329691410e-03 
4.9627029511611909e-05 1.0000014305114746e+00 -8.3453080151230097e-05 1.9673899805638939e-04 
-4.8836547648534179e-05 8.3020451711490750e-05 1.0000096559524536e+00 7.1582333475816995e-05 
0.0000000000000000e+00 0.0000000000000000e+00 0.0000000000000000e+00 1.0000000000000000e+00 
Art-counter/0009.pcd
1.0000162124633789e+00 -8.4673904348164797e-04 6.3307606615126133e-04 -7.0122756063938141e-02 
8.4571132902055979e-04 1.0000070333480835e+00 -1.5011577634140849e-03 4.4488878920674324e-03 
-6.2818865990266204e-04 1.4999416889622808e-03 1.0000131130218506e+00 1.7391240689903498e-03 
0.0000000000000000e+00 0.0000000000000000e+00 0.0000000000000000e+00 1.0000000000000000e+00 
Art-counter/0010.pcd
1.0000127553939819e+00 -4.2481248965486884e-04 3.0836308724246919e-05 -1.5899356454610825e-02 
4.2418358498252928e-04 1.0000060796737671e+00 -4.3665320845320821e-05 8.5616682190448046e-04 
6.6011759918183088e-04 4.3815503886435181e-05 1.0000097751617432e+00 -4.0778219699859619e-03 
0.0000000000000000e+00 0.0000000000000000e+00 0.0000000000000000e+00 1.0000000000000000e+00 
Art-counter/0011.pcd
1.0000206232070923e+00 -4.5232838601805270e-04 1.9759147835429758e-04 -3.0879862606525421e-02 
4.5151522499509156e-04 1.0000009536743164e+00 -8.6706253932788968e-04 1.8775074277073145e-03 
-1.9341951701790094e-04 8.6447875946760178e-04 1.0000109672546387e+00 -6.5523339435458183e-04 
0.0000000000000000e+00 0.0000000000000000e+00 0.0000000000000000e+00 1.0000000000000000e+00 
Art-counter/0012.pcd
1.0000048875808716e+00 9.1035827063024044e-04 -5.1941093988716602e-03 4.3162923306226730e-02 
-9.1005023568868637e-04 1.0000022649765015e+00 -5.5881956359371543e-04 -2.4780258536338806e-03 
-5.5697490461170673e-04 5.5656267795711756e-04 9.9998694658279419e-01 2.7127317152917385e-03 
0.0000000000000000e+00 0.0000000000000000e+00 0.0000000000000000e+00 1.0000000000000000e+00 
Art-counter/0013.pcd
1.0000106096267700e+00 6.4474006649106741e-05 -6.6874905314762145e-05 6.7073046229779720e-03 
-6.5552245359867811e-05 1.0000001192092896e+00 1.2341425463091582e-04 -3.2414792804047465e-04 
7.0924535975791514e-05 -1.2349864118732512e-04 1.0000058412551880e+00 -5.3873384604230523e-04 
0.0000000000000000e+00 0.0000000000000000e+00 0.0000000000000000e+00 1.0000000000000000e+00 
Art-counter/0014.pcd
1.0000129938125610e+00 1.1972390348091722e-04 -9.3201335403136909e-05 8.8764866814017296e-03 
-1.1924356658710167e-04 1.0000098943710327e+00 1.9637028162833303e-04 -3.1218491494655609e-04 
9.5571944257244468e-05 -1.9632965268101543e-04 1.0000065565109253e+00 -1.3289006892591715e-04 
0.0000000000000000e+00 0.0000000000000000e+00 0.0000000000000000e+00 1.0000000000000000e+00 
Art-counter/0015.pcd
1.0000095367431641e+00 1.0873413702938706e-04 -4.7838828322710469e-05 1.0092406533658504e-02 
-1.0992632451234385e-04 1.0000011920928955e+00 2.1496140107046813e-04 -4.5747717376798391e-04 
5.1567134505603462e-05 -2.1438993280753493e-04 1.0000000000000000e+00 2.3681114544160664e-04 
0.0000000000000000e+00 0.0000000000000000e+00 0.0000000000000000e+00 1.0000000000000000e+00 
Art-counter/0016.pcd
1.0000102519989014e+00 1.2236075417604297e-04 -2.5342034859932028e-05 1.0486805811524391e-02 
-1.2375974620226771e-04 1.0000047683715820e+00 2.1704299433622509e-04 -3.7967495154589415e-04 
2.9797010938636959e-05 -2.1786916477140039e-04 9.9999940395355225e-01 1.1503321584314108e-03 
0.0000000000000000e+00 0.0000000000000000e+00 0.0000000000000000e+00 1.0000000000000000e+00 
Art-counter/0017.pcd
1.0000115633010864e+00 5.5192056606756523e-05 -5.0544698751764372e-05 4.9262116663157940e-03 
-5.6534896430093795e-05 1.0000138282775879e+00 8.6742824350949377e-05 -1.1998794070677832e-04 
4.7837456804700196e-05 -8.4240942669566721e-05 1.0000112056732178e+00 -5.0256126996828243e-05 
0.0000000000000000e+00 0.0000000000000000e+00 0.0000000000000000e+00 1.0000000000000000e+00 
Art-counter/0018.pcd
1.0000004768371582e+00 6.0818188103439752e-06 -3.7386237181635806e-06 8.7435386376455426e-04 
-6.9274924499040935e-06 9.9999707937240601e-01 1.1934310350625310e-05 -2.5034003556356765e-05 
3.2365583138016518e-06 -1.1263666237937286e-05 1.0000046491622925e+00 -2.1300773369148374e-05 
0.0000000000000000e+00 0.0000000000000000e+00 0.0000000000000000e+00 1.0000000000000000e+00 
Art-counter/0019.pcd
1.0000078678131104e+00 -4.8386547859990969e-05 5.1213904953328893e-05 -4.9109808169305325e-03 
4.7619905672036111e-05 1.0000023841857910e+00 -9.2647285782732069e-05 2.1489168284460902e-04 
-4.9492460675537586e-05 9.1866684670094401e-05 1.0000060796737671e+00 4.6303769340738654e-04 
0.0000000000000000e+00 0.0000000000000000e+00 0.0000000000000000e+00 1.0000000000000000e+00 
Art-counter/0020.pcd
1.0000123977661133e+00 -4.8305769450962543e-04 2.2246381558943540e-04 -3.6808997392654419e-02 
4.8231883556582034e-04 1.0000023841857910e+00 -8.7496655760332942e-04 2.4025149177759886e-03 
-2.1837599342688918e-04 8.7520095985382795e-04 1.0000039339065552e+00 -1.0187986481469125e-04 
0.0000000000000000e+00 0.0000000000000000e+00 0.0000000000000000e+00 1.0000000000000000e+00 
Art-counter/0021.pcd
1.0000181198120117e+00 -2.7391872208681889e-05 -7.1343255694955587e-04 -1.4728729147464037e-03 
2.5885550712700933e-05 1.0000027418136597e+00 9.5639534265501425e-06 4.7228488256223500e-05 
-7.8908851719461381e-05 -1.0264490811096039e-05 1.0000038146972656e+00 -1.6562562086619437e-04 
0.0000000000000000e+00 0.0000000000000000e+00 0.0000000000000000e+00 1.0000000000000000e+00 
Art-counter/0022.pcd
1.0000107288360596e+00 1.7657086459621496e-07 3.2564860885031521e-04 -7.5784674845635891e-04 
2.7737823984352872e-06 1.0000302791595459e+00 -3.0769286240683869e-05 9.6365271019749343e-05 
2.6216373953502625e-05 2.5666622605058365e-05 1.0000007152557373e+00 4.8037280066637322e-05 
0.0000000000000000e+00 0.0000000000000000e+00 0.0000000000000000e+00 1.0000000000000000e+00 
Art-counter/0023.pcd
1.0000007152557373e+00 -2.1752588509116322e-05 2.3585815142723732e-05 -2.4601723998785019e-03 
2.1568659576587379e-05 1.0000013113021851e+00 -4.7809615352889523e-05 1.1339306365698576e-04 
-2.3392656657961197e-05 4.8409983719466254e-05 1.0000007152557373e+00 4.6467114589177072e-04 
0.0000000000000000e+00 0.0000000000000000e+00 0.0000000000000000e+00 1.0000000000000000e+00 
Art-counter/0024.pcd
1.0000157356262207e+00 -3.1989733543014154e-05 -2.8156172484159470e-03 -4.9174623563885689e-04 
3.0995659471955150e-05 1.0000150203704834e+00 3.5589775507105514e-05 1.7085978470277041e-05 
-1.0603095870465040e-04 -2.5560715585015714e-05 1.0000007152557373e+00 6.4600717450957745e-05 
0.0000000000000000e+00 0.0000000000000000e+00 0.0000000000000000e+00 1.0000000000000000e+00 
Art-counter/0025.pcd
1.0000168085098267e+00 7.9875271694618277e-06 -9.7113916126545519e-06 8.4572902414947748e-04 
-1.0518750968913082e-05 9.9999403953552246e-01 2.1820789697812870e-05 -2.8191041110403603e-06 
1.1941098819079343e-05 -1.5893112504272722e-05 1.0000039339065552e+00 -2.7561996830627322e-04 
0.0000000000000000e+00 0.0000000000000000e+00 0.0000000000000000e+00 1.0000000000000000e+00 
Art-counter/0026.pcd
1.0000313520431519e+00 8.5256879174266942e-06 -6.7113774093741085e-06 1.1069399770349264e-03 
-1.1917793926841114e-05 1.0000044107437134e+00 1.5465358956134878e-05 -4.3024560000048950e-05 
1.2331016478128731e-05 -1.8453745724400505e-05 1.0000100135803223e+00 -2.7635467176878592e-06 
0.0000000000000000e+00 0.0000000000000000e+00 0.0000000000000000e+00 1.0000000000000000e+00 
Art-counter/0027.pcd
1.0000020265579224e+00 -7.4798181231017224e-06 7.8580133049399592e-06 -8.8884984143078327e-04 
7.1332615334540606e-06 1.0000007152557373e+00 -1.5080767298059072e-05 4.5341959776123986e-05 
-7.4827125899901148e-06 1.5789471945026889e-05 1.0000019073486328e+00 1.2316233187448233e-04 
0.0000000000000000e+00 0.0000000000000000e+00 0.0000000000000000e+00 1.0000000000000000e+00 
Art-counter/0028.pcd
1.0000060796737671e+00 -9.1674237410188653e-06 5.9735198738053441e-04 -2.1051005460321903e-03 
8.6809695858391933e-06 1.0000004768371582e+00 -7.0702764787711203e-05 1.3193112681619823e-04 
3.7702757254010066e-05 6.6310800320934504e-05 1.0000035762786865e+00 1.4350660785567015e-04 
0.0000000000000000e+00 0.0000000000000000e+00 0.0000000000000000e+00 1.0000000000000000e+00 
Art-counter/0029.pcd
1.0000001192092896e+00 -5.3463462973013520e-04 8.1878778291866183e-04 -7.5626328587532043e-02 
5.3533655591309071e-04 9.9999272823333740e-01 -9.5226144185289741e-04 1.8762594554573298e-03 
-8.2017044769600034e-04 9.5156230963766575e-04 9.9999815225601196e-01 3.4943793434649706e-03 
0.0000000000000000e+00 0.0000000000000000e+00 0.0000000000000000e+00 1.0000000000000000e+00 
Art-counter/0030.pcd
1.0000069141387939e+00 7.2973489295691252e-05 -5.8109930250793695e-05 8.0912802368402481e-03 
-7.1701011620461941e-05 1.0000215768814087e+00 1.5387157327495515e-04 -5.0885777454823256e-04 
6.5115724282804877e-05 -1.5855951642151922e-04 1.0000044107437134e+00 -5.2301120012998581e-04 
0.0000000000000000e+00 0.0000000000000000e+00 0.0000000000000000e+00 1.0000000000000000e+00 
Art-counter/0031.pcd
1.0000225305557251e+00 5.0912640290334821e-04 -2.4424941511824727e-04 2.9055969789624214e-02 
-5.0900032510980964e-04 1.0000101327896118e+00 8.6878397269174457e-04 -1.5838969266042113e-03 
2.4815750657580793e-04 -8.6789927445352077e-04 1.0000065565109253e+00 -7.5708806980401278e-04 
0.0000000000000000e+00 0.0000000000000000e+00 0.0000000000000000e+00 1.0000000000000000e+00 
Art-counter/0032.pcd
1.0000036954879761e+00 4.1351891122758389e-03 2.4180668697226793e-04 7.1258202195167542e-02 
-4.1364650242030621e-03 9.9998015165328979e-01 8.7263165041804314e-03 -2.3751534521579742e-02 
-2.0869697618763894e-04 -8.7268659844994545e-03 9.9997627735137939e-01 -3.7011143285781145e-03 
0.0000000000000000e+00 0.0000000000000000e+00 0.0000000000000000e+00 1.0000000000000000e+00 
Art-counter/0033.pcd
1.0000067949295044e+00 4.7412650019396096e-05 -4.0596230974188074e-05 5.1818410865962505e-03 
-4.7681573050795123e-05 1.0000021457672119e+00 6.9569301558658481e-05 -2.1358823869377375e-04 
4.4469979911809787e-05 -7.2115988587029278e-05 1.0000026226043701e+00 3.4432054962962866e-04 
0.0000000000000000e+00 0.0000000000000000e+00 0.0000000000000000e+00 1.0000000000000000e+00 
Art-counter/0034.pcd
1.0000280141830444e+00 5.3545256378129125e-05 -3.7704958231188357e-05 4.7789351083338261e-03 
-5.6298395065823570e-05 1.0000057220458984e+00 7.5826086685992777e-05 -1.1590472422540188e-04 
4.4508087739814073e-05 -7.5642739830072969e-05 1.0000067949295044e+00 9.9216980743221939e-05 
0.0000000000000000e+00 0.0000000000000000e+00 0.0000000000000000e+00 1.0000000000000000e+00 
Art-counter/0035.pcd
9.9999886751174927e-01 9.5939267339417711e-06 -6.0011836467310786e-05 8.5150537779554725e-04 
-9.8922091638087295e-06 9.9999576807022095e-01 3.0512626835843548e-05 1.1384170647943392e-05 
-2.8679510251095053e-06 -2.9152253773645498e-05 9.9999618530273438e-01 -2.3030627926345915e-04 
0.0000000000000000e+00 0.0000000000000000e+00 0.0000000000000000e+00 1.0000000000000000e+00 
Art-counter/0036.pcd
1.0000075101852417e+00 -8.9151808424503542e-06 5.3402317234940710e-08 -1.0192181216552854e-03 
8.9234199549537152e-06 1.0000108480453491e+00 -8.3329014159971848e-06 2.6691046514315531e-05 
-2.8526399091788335e-06 1.0549460967013147e-05 1.0000061988830566e+00 -1.7047702567651868e-04 
0.0000000000000000e+00 0.0000000000000000e+00 0.0000000000000000e+00 1.0000000000000000e+00 
Art-counter/0037.pcd
1.0000169277191162e+00 1.6885715012904257e-05 5.5122986668720841e-04 1.2216974282637239e-03 
-1.7558793842908926e-05 1.0000128746032715e+00 -1.0673134056560230e-05 -2.6573661671136506e-05 
6.4499647123739123e-05 1.0183072845393326e-05 1.0000076293945312e+00 -1.5129837265703827e-04 
0.0000000000000000e+00 0.0000000000000000e+00 0.0000000000000000e+00 1.0000000000000000e+00 
Art-counter/0038.pcd
1.0000106096267700e+00 5.5716027418384328e-05 -4.0643190004630014e-05 5.6258928962051868e-03 
-5.6075048632919788e-05 1.0000084638595581e+00 1.0893029684666544e-04 -3.0885118758305907e-04 
4.4617157982429489e-05 -1.1043797712773085e-04 1.0000019073486328e+00 -1.1582540173549205e-04 
0.0000000000000000e+00 0.0000000000000000e+00 0.0000000000000000e+00 1.0000000000000000e+00 
Art-counter/0039.pcd
1.0000154972076416e+00 2.2023566998541355e-04 6.9848709972575307e-04 9.2567792162299156e-03 
-2.1846011804882437e-04 1.0000227689743042e+00 8.7855019955895841e-05 -4.2915900121442974e-04 
-7.0210715057328343e-04 -8.9040426246356219e-05 1.0000135898590088e+00 5.2962382324039936e-03 
0.0000000000000000e+00 0.0000000000000000e+00 0.0000000000000000e+00 1.0000000000000000e+00 
Art-counter/0040.pcd
1.0000160932540894e+00 -2.3399521887768060e-04 -5.7454832131043077e-04 -9.9076591432094574e-03 
2.3444872931577265e-04 1.0000209808349609e+00 -7.8321492765098810e-05 5.0187733722850680e-04 
5.7458801893517375e-04 7.5167023169342428e-05 1.0000047683715820e+00 -6.1706583946943283e-03 
0.0000000000000000e+00 0.0000000000000000e+00 0.0000000000000000e+00 1.0000000000000000e+00 
Art-counter/0041.pcd
1.0000205039978027e+00 6.3119470723904669e-05 -1.6050382982939482e-03 5.0556282512843609e-03 
-6.2560931837651879e-05 1.0000166893005371e+00 1.6125247930176556e-04 -2.3611728101968765e-04 
1.6108972486108541e-03 -1.6477835015393794e-04 9.9999821186065674e-01 -1.4518937095999718e-03 
0.0000000000000000e+00 0.0000000000000000e+00 0.0000000000000000e+00 1.0000000000000000e+00 
Art-counter/0042.pcd
9.9999970197677612e-01 2.4417991517111659e-04 6.3892925390973687e-04 9.4864312559366226e-03 
-2.4311350716743618e-04 9.9999487400054932e-01 7.5539583122008480e-06 -4.7848152462393045e-04 
-6.4229872077703476e-04 -7.3286614679091144e-06 1.0000004768371582e+00 5.9116794727742672e-03 
0.0000000000000000e+00 0.0000000000000000e+00 0.0000000000000000e+00 1.0000000000000000e+00 
Art-counter/0043.pcd
1.0000175237655640e+00 -4.4011135469190776e-04 6.5359671134501696e-04 -7.1223251521587372e-02 
4.4101668754592538e-04 1.0000095367431641e+00 -7.4820569716393948e-04 2.6982009876519442e-03 
-6.4838654361665249e-04 7.4395304545760155e-04 9.9999183416366577e-01 1.0406576329842210e-03 
0.0000000000000000e+00 0.0000000000000000e+00 0.0000000000000000e+00 1.0000000000000000e+00 
Art-counter/0044.pcd
1.0000004768371582e+00 -1.1197349522262812e-04 -6.9963787682354450e-03 -1.1355298571288586e-02 
1.1083726712968200e-04 9.9999541044235229e-01 -1.0781587479868904e-04 -2.7369617600925267e-04 
-6.6015520133078098e-05 1.0344816109864041e-04 9.9995958805084229e-01 4.0601222281111404e-05 
0.0000000000000000e+00 0.0000000000000000e+00 0.0000000000000000e+00 1.0000000000000000e+00 
Art-counter/0045.pcd
9.9998748302459717e-01 -2.9575858206953853e-05 3.4133267035940662e-05 -2.8696767985820770e-03 
2.8254491553525440e-05 9.9998092651367188e-01 -6.0737413150491193e-05 1.1661020835163072e-04 
-3.2269093935610726e-05 6.2800216255709529e-05 9.9999541044235229e-01 4.6933477278798819e-04 
0.0000000000000000e+00 0.0000000000000000e+00 0.0000000000000000e+00 1.0000000000000000e+00 
Art-counter/0046.pcd
1.0000149011611938e+00 -2.6090696337632835e-04 -7.0236308965831995e-04 -1.0652766562998295e-02 
2.6052782777696848e-04 1.0000078678131104e+00 -6.1094498960301280e-05 4.2713349102996290e-04 
7.0231809513643384e-04 6.0751179262297228e-05 1.0000064373016357e+00 -4.5981048606336117e-03 
0.0000000000000000e+00 0.0000000000000000e+00 0.0000000000000000e+00 1.0000000000000000e+00 
Art-counter/0047.pcd
1.0000095367431641e+00 6.4938561990857124e-05 -5.9737056290032342e-05 6.5109501592814922e-03 
-6.6757667809724808e-05 9.9999779462814331e-01 1.1921751138288528e-04 -2.5122822262346745e-04 
6.3274092099163681e-05 -1.1988043843302876e-04 1.0000013113021851e+00 -2.5236161309294403e-04 
0.0000000000000000e+00 0.0000000000000000e+00 0.0000000000000000e+00 1.0000000000000000e+00 
Art-counter/0048.pcd
1.0000232458114624e+00 6.9700312451459467e-05 -6.3348918047267944e-05 6.4271939918398857e-03 
-6.9681220338679850e-05 1.0000129938125610e+00 1.0280523565597832e-04 -2.4794961791485548e-04 
6.8911169364582747e-05 -1.0583758557913825e-04 9.9999982118606567e-01 3.3479958074167371e-04 
0.0000000000000000e+00 0.0000000000000000e+00 0.0000000000000000e+00 1.0000000000000000e+00 
Art-counter/0049.pcd
1.0000088214874268e+00 5.6205044529633597e-05 -5.8770885516423732e-05 5.2676214836537838e-03 
-5.6482960644643754e-05 1.0000145435333252e+00 9.6507996204309165e-05 -1.9294273806735873e-04 
6.1392471252474934e-05 -9.8120071925222874e-05 1.0000053644180298e+00 -3.4177719498984516e-04 
0.0000000000000000e+00 0.0000000000000000e+00 0.0000000000000000e+00 1.0000000000000000e+00 
Art-counter/0050.pcd
1.0000187158584595e+00 5.3423274948727340e-05 -4.5303291699383408e-05 5.2864057943224907e-03 
-5.3834071877645329e-05 1.0000152587890625e+00 8.8451422925572842e-05 -1.8289884610567242e-04 
4.9138587201014161e-05 -8.9686996943783015e-05 1.0000058412551880e+00 8.6984015069901943e-05 
0.0000000000000000e+00 0.0000000000000000e+00 0.0000000000000000e+00 1.0000000000000000e+00 
Art-counter/0051.pcd
1.0000069141387939e+00 8.1621335993986577e-05 -7.3533119575586170e-05 7.6830079779028893e-03 
-8.1799495092127472e-05 1.0000046491622925e+00 1.6116026381496340e-04 -3.9650572580285370e-04 
7.8310171375051141e-05 -1.6220158431679010e-04 1.0000026226043701e+00 -7.1480689803138375e-04 
0.0000000000000000e+00 0.0000000000000000e+00 0.0000000000000000e+00 1.0000000000000000e+00 
Art-counter/0052.pcd
1.0000027418136597e+00 3.5205262975068763e-05 -5.3131011554796714e-06 2.9990251641720533e-03 
-3.5437711630947888e-05 1.0000026226043701e+00 6.7420020059216768e-05 -1.2295084889046848e-04 
6.2483431975124404e-06 -6.7197019234299660e-05 9.9999988079071045e-01 2.4208365357480943e-04 
0.0000000000000000e+00 0.0000000000000000e+00 0.0000000000000000e+00 1.0000000000000000e+00 
Art-counter/0053.pcd
1.0000039339065552e+00 1.0611974721541628e-04 -3.1561081414110959e-04 3.6172808613628149e-03 
-1.0641957487678155e-04 1.0000027418136597e+00 -1.3564898108597845e-04 -3.1043015769682825e-04 
3.1524765654467046e-04 1.3460141781251878e-04 1.0000030994415283e+00 2.1815819200128317e-03 
0.0000000000000000e+00 0.0000000000000000e+00 0.0000000000000000e+00 1.0000000000000000e+00 
Art-counter/0054.pcd
1.0000112056732178e+00 -1.6779412981122732e-03 2.6265688939020038e-04 1.1397552676498890e-02 
1.6778544522821903e-03 1.0000044107437134e+00 1.8333681509830058e-04 1.3994641602039337e-02 
-2.5820126757025719e-04 -1.8464247114025056e-04 9.9999475479125977e-01 -5.4076607339084148e-03 
0.0000000000000000e+00 0.0000000000000000e+00 0.0000000000000000e+00 1.0000000000000000e+00 
Art-counter/0055.pcd
1.0000002384185791e+00 4.8169735237024724e-05 -3.7042576877865940e-05 4.4668614864349365e-03 
-4.7751214879099280e-05 1.0000017881393433e+00 1.1293368879705667e-04 -1.3633785420097411e-04 
3.7443183828145266e-05 -1.1336233001202345e-04 1.0000008344650269e+00 -7.7148282434791327e-04 
0.0000000000000000e+00 0.0000000000000000e+00 0.0000000000000000e+00 1.0000000000000000e+00 
Art-counter/0056.pcd
1.0000319480895996e+00 -2.2901470947545022e-04 4.4720415025949478e-03 -4.4923502951860428e-02 
2.2787168563809246e-04 1.0000114440917969e+00 -7.8455853508785367e-04 1.8900725990533829e-03 
1.4865898992866278e-04 7.8130117617547512e-04 9.9999415874481201e-01 -1.7460486851632595e-03 
0.0000000000000000e+00 0.0000000000000000e+00 0.0000000000000000e+00 1.0000000000000000e+00 
Art-counter/0057.pcd
1.0000079870223999e+00 -6.5991196606773883e-05 1.6009933315217495e-03 -4.5981695875525475e-03 
6.6120453993789852e-05 1.0000016689300537e+00 -2.0256557036191225e-04 4.2543708696030080e-04 
-1.6001844778656960e-03 2.0313057757448405e-04 1.0000040531158447e+00 2.1098784636706114e-03 
0.0000000000000000e+00 0.0000000000000000e+00 0.0000000000000000e+00 1.0000000000000000e+00 
Art-counter/0058.pcd
1.0000057220458984e+00 -2.6828763657249510e-04 -6.3340080669149756e-04 -1.1320367455482483e-02 
2.6833527954295278e-04 1.0000005960464478e+00 -5.8741192333400249e-05 5.1286228699609637e-04 
6.3746323576197028e-04 5.7344808737980202e-05 1.0000016689300537e+00 -5.3690285421907902e-03 
0.0000000000000000e+00 0.0000000000000000e+00 0.0000000000000000e+00 1.0000000000000000e+00 
Art-counter/0059.pcd
1.0000170469284058e+00 -1.1373331653885543e-04 1.1764010560000315e-04 -9.3380119651556015e-03 
1.1397110210964456e-04 1.0000128746032715e+00 -1.8040800932794809e-04 4.5489225885830820e-04 
-1.1206147610209882e-04 1.7678221047390252e-04 1.0000102519989014e+00 -1.8433832156006247e-04 
0.0000000000000000e+00 0.0000000000000000e+00 0.0000000000000000e+00 1.0000000000000000e+00 
Art-counter/0060.pcd
1.0000003576278687e+00 2.6833720039576292e-03 5.3388078231364489e-04 -3.1950347125530243e-02 
-2.6835354510694742e-03 9.9999040365219116e-01 9.4136182451620698e-04 1.8330501392483711e-02 
-5.3086550906300545e-04 -9.4038841780275106e-04 9.9999552965164185e-01 1.4443380059674382e-03 
0.0000000000000000e+00 0.0000000000000000e+00 0.0000000000000000e+00 1.0000000000000000e+00 
Art-counter/0061.pcd
1.0000150203704834e+00 -6.0225016204640269e-04 -9.0000103227794170e-04 4.2517766356468201e-02 
6.0023181140422821e-04 1.0000107288360596e+00 -2.0190328359603882e-03 1.3259745202958584e-02 
9.0464309323579073e-04 2.0180607680231333e-03 1.0000009536743164e+00 -1.1106085963547230e-02 
0.0000000000000000e+00 0.0000000000000000e+00 0.0000000000000000e+00 1.0000000000000000e+00 
Art-counter/0062.pcd
1.0000027418136597e+00 7.5081159593537450e-04 -2.6960967807099223e-04 9.0928710997104645e-03 
-7.4942212086170912e-04 1.0000103712081909e+00 -5.4457079386338592e-05 2.6931857690215111e-02 
2.6934582274407148e-04 5.3698469855589792e-05 1.0000023841857910e+00 -8.7342765182256699e-03 
0.0000000000000000e+00 0.0000000000000000e+00 0.0000000000000000e+00 1.0000000000000000e+00 
Art-counter/0063.pcd
1.0000040531158447e+00 -1.8618556205183268e-03 3.8924362161196768e-04 2.4502659216523170e-03 
1.8617638852447271e-03 9.9999290704727173e-01 2.2597391216550022e-04 1.4401662163436413e-02 
-3.9515682146884501e-04 -2.2455467842519283e-04 9.9999719858169556e-01 -5.3222994320094585e-03 
0.0000000000000000e+00 0.0000000000000000e+00 0.0000000000000000e+00 1.0000000000000000e+00 
Art-counter/0064.pcd
1.0000164508819580e+00 2.9034230465185829e-05 -1.3131373634678312e-05 2.9329564422369003e-03 
-2.9354519938351586e-05 1.0000088214874268e+00 5.1759947382379323e-05 -1.6300592687912285e-04 
1.4357622603711206e-05 -5.2739185775863007e-05 1.0000108480453491e+00 1.2587996025104076e-04 
0.0000000000000000e+00 0.0000000000000000e+00 0.0000000000000000e+00 1.0000000000000000e+00 
Art-counter/0065.pcd
1.0000060796737671e+00 8.9868943905457854e-04 -6.0949416365474463e-04 3.3285614103078842e-02 
-8.9873233810067177e-04 1.0000023841857910e+00 1.0099390055984259e-04 2.7243185788393021e-02 
6.1006942996755242e-04 -9.9272416264284402e-05 9.9999964237213135e-01 -1.5605237334966660e-02 
0.0000000000000000e+00 0.0000000000000000e+00 0.0000000000000000e+00 1.0000000000000000e+00 
Art-counter/0066.pcd
1.0000149011611938e+00 1.2886260810773820e-04 -1.1868411675095558e-03 6.2590666115283966e-02 
-1.2679050269071013e-04 1.0000348091125488e+00 -1.2970878742635250e-03 1.8377017229795456e-02 
1.1880664387717843e-03 1.2937803985551000e-03 1.0000168085098267e+00 -1.7419528216123581e-02 
0.0000000000000000e+00 0.0000000000000000e+00 0.0000000000000000e+00 1.0000000000000000e+00 
Art-counter/0067.pcd
1.0000038146972656e+00 8.6851220112293959e-04 -5.0222497520735487e-05 7.3094904422760010e-02 
-8.6890906095504761e-04 9.9999088048934937e-01 4.2132250964641571e-03 3.0008452013134956e-02 
5.4664251365466043e-05 -4.2132795788347721e-03 9.9999010562896729e-01 -1.3569010421633720e-02 
0.0000000000000000e+00 0.0000000000000000e+00 0.0000000000000000e+00 1.0000000000000000e+00 
Art-counter/0068.pcd
1.0000096559524536e+00 9.6642505377531052e-04 -4.4975643977522850e-03 8.5380107164382935e-02 
-9.6680200658738613e-04 1.0000119209289551e+00 -1.5509537188336253e-03 4.3756894767284393e-02 
5.4395903134718537e-04 1.5227551339194179e-03 1.0000002384185791e+00 2.1457532420754433e-03 
0.0000000000000000e+00 0.0000000000000000e+00 0.0000000000000000e+00 1.0000000000000000e+00 
Art-counter/0069.pcd
1.0000013113021851e+00 1.4407676644623280e-03 -1.8336729845032096e-03 4.8537433147430420e-02 
-1.4415079494938254e-03 1.0000021457672119e+00 -3.4285531728528440e-04 4.7515120357275009e-02 
1.8340962706133723e-03 3.4544806112535298e-04 1.0000002384185791e+00 1.9200894748792052e-03 
0.0000000000000000e+00 0.0000000000000000e+00 0.0000000000000000e+00 1.0000000000000000e+00 
Art-counter/0070.pcd
1.0000199079513550e+00 1.9425775390118361e-03 -1.3884833315387368e-03 3.4496635198593140e-02 
-1.9372439710423350e-03 1.0000156164169312e+00 2.9800103511661291e-03 5.5672731250524521e-02 
1.3990196166560054e-03 -2.9796815942972898e-03 9.9999529123306274e-01 2.8424041811376810e-03 
0.0000000000000000e+00 0.0000000000000000e+00 0.0000000000000000e+00 1.0000000000000000e+00 
Art-counter/0071.pcd
1.0000087022781372e+00 9.7677620942704380e-05 -3.1551825813949108e-03 8.1916339695453644e-03 
-9.6942269010469317e-05 1.0000114440917969e+00 4.8851507017388940e-04 -8.2106865011155605e-04 
1.5142137417569757e-03 -4.8838119255378842e-04 1.0000013113021851e+00 -3.4579904749989510e-03 
0.0000000000000000e+00 0.0000000000000000e+00 0.0000000000000000e+00 1.0000000000000000e+00 
Art-counter/0072.pcd
9.9998497962951660e-01 6.2360749579966068e-03 1.0998801328241825e-02 -7.6498478651046753e-02 
-6.2353843823075294e-03 9.9997484683990479e-01 -5.0030821003019810e-03 4.5369572937488556e-02 
-3.7633219562849263e-06 5.0203003920614719e-03 9.9993109703063965e-01 4.8755542375147343e-03 
0.0000000000000000e+00 0.0000000000000000e+00 0.0000000000000000e+00 1.0000000000000000e+00 
Art-counter/0073.pcd
9.9999719858169556e-01 5.4299794137477875e-03 3.8927909918129444e-04 8.8920565322041512e-03 
-5.4295519366860390e-03 9.9999278783798218e-01 1.6207693843171000e-03 3.9857301861047745e-02 
-1.8871309293899685e-05 -1.6195129137486219e-03 9.9999165534973145e-01 -2.6522357948124409e-03 
0.0000000000000000e+00 0.0000000000000000e+00 0.0000000000000000e+00 1.0000000000000000e+00 
Art-counter/0074.pcd
9.9997973442077637e-01 7.5784646905958652e-03 -1.3072412693873048e-03 1.6942108049988747e-02 
-7.5785899534821510e-03 9.9998110532760620e-01 2.1752332395408303e-04 5.4187543690204620e-02 
-5.8018765412271023e-04 -2.1274562459439039e-04 1.0000027418136597e+00 2.3962247651070356e-03 
0.0000000000000000e+00 0.0000000000000000e+00 0.0000000000000000e+00 1.0000000000000000e+00 
Art-counter/0075.pcd
9.9997115135192871e-01 8.2249091938138008e-03 1.2671006843447685e-03 2.1112367510795593e-02 
-8.2247061654925346e-03 9.9997836351394653e-01 1.2656173203140497e-03 5.9306096285581589e-02 
-4.3975809239782393e-04 -1.2743247207254171e-03 9.9998939037322998e-01 3.3358443033648655e-05 
0.0000000000000000e+00 0.0000000000000000e+00 0.0000000000000000e+00 1.0000000000000000e+00 
Art-counter/0076.pcd
9.9997645616531372e-01 7.9551115632057190e-03 -4.6336064115166664e-03 6.0716226696968079e-02 
-7.9535841941833496e-03 1.0000011920928955e+00 -1.5942690661177039e-03 7.4612304568290710e-02 
-6.8792392085015308e-06 1.5947723295539618e-03 9.9999070167541504e-01 7.4741947464644909e-03 
0.0000000000000000e+00 0.0000000000000000e+00 0.0000000000000000e+00 1.0000000000000000e+00 
Art-counter/0077.pcd
9.9999362230300903e-01 8.7599102407693863e-03 -1.0941365733742714e-02 8.6814798414707184e-02 
-8.7609887123107910e-03 9.9998450279235840e-01 8.8755256729200482e-04 7.3519766330718994e-02 
-5.6226400192826986e-04 -9.6099672373384237e-04 9.9994677305221558e-01 6.4819236285984516e-03 
0.0000000000000000e+00 0.0000000000000000e+00 0.0000000000000000e+00 1.0000000000000000e+00 
Art-counter/0078.pcd
9.9995094537734985e-01 1.0824947617948055e-02 5.5129447719082236e-04 2.9390225186944008e-02 
-1.0826139710843563e-02 9.9994397163391113e-01 1.7629980575293303e-03 7.7781200408935547e-02 
-5.3245294839143753e-04 -1.7733086133375764e-03 1.0000016689300537e+00 -3.8672200753353536e-04 
0.0000000000000000e+00 0.0000000000000000e+00 0.0000000000000000e+00 1.0000000000000000e+00 
Art-counter/0079.pcd
9.9993067979812622e-01 1.2229397892951965e-02 4.4976960634812713e-04 3.0871022492647171e-02 
-1.2228375300765038e-02 9.9993538856506348e-01 -1.3836554717272520e-03 8.4282346069812775e-02 
-4.6622601803392172e-04 1.3774175895377994e-03 9.9999898672103882e-01 3.9256550371646881e-03 
0.0000000000000000e+00 0.0000000000000000e+00 0.0000000000000000e+00 1.0000000000000000e+00 
Art-counter/0080.pcd
9.9993199110031128e-01 1.2362862005829811e-02 7.6165022328495979e-03 -9.1449671890586615e-04 
-1.2363469228148460e-02 9.9992966651916504e-01 3.9256759919226170e-04 8.8078863918781281e-02 
-5.2327878074720502e-04 -3.7393358070403337e-04 9.9997669458389282e-01 -3.3354905899614096e-03 
0.0000000000000000e+00 0.0000000000000000e+00 0.0000000000000000e+00 1.0000000000000000e+00 
Art-counter/0081.pcd
9.9991095066070557e-01 1.3583243824541569e-02 9.1377977514639497e-04 3.9818458259105682e-02 
-1.3583514839410782e-02 9.9990981817245483e-01 1.1753812432289124e-03 9.6848152577877045e-02 
-8.9784595184028149e-04 -1.1872177710756660e-03 9.9999952316284180e-01 4.3989401310682297e-03 
0.0000000000000000e+00 0.0000000000000000e+00 0.0000000000000000e+00 1.0000000000000000e+00 
Art-counter/0082.pcd
9.9991446733474731e-01 1.3759431429207325e-02 1.4345876406878233e-03 4.1557949036359787e-02 
-1.3762897811830044e-02 9.9989938735961914e-01 1.9580698572099209e-03 9.8036475479602814e-02 
-1.4072167687118053e-03 -1.9774516113102436e-03 9.9999755620956421e-01 4.7247423790395260e-03 
0.0000000000000000e+00 0.0000000000000000e+00 0.0000000000000000e+00 1.0000000000000000e+00 
Art-counter/0083.pcd
9.9994903802871704e-01 1.0677753016352654e-02 8.2915904931724072e-04 2.7310725301504135e-02 
-1.0678068734705448e-02 9.9995291233062744e-01 2.8853086405433714e-04 1.1361726373434067e-01 
-8.2740659127011895e-04 -2.9722609906457365e-04 1.0000046491622925e+00 5.5442759767174721e-03 
0.0000000000000000e+00 0.0000000000000000e+00 0.0000000000000000e+00 1.0000000000000000e+00 
Art-counter/0084.pcd
9.9993366003036499e-01 1.1752806603908539e-02 1.3840368483215570e-03 3.2679487019777298e-02 
-1.1752828955650330e-02 9.9993282556533813e-01 -1.7843548266682774e-04 1.2445490807294846e-01 
-1.3870219700038433e-03 1.6285642050206661e-04 1.0000029802322388e+00 1.3003681786358356e-02 
0.0000000000000000e+00 0.0000000000000000e+00 0.0000000000000000e+00 1.0000000000000000e+00 
Art-counter/0085.pcd
9.9993950128555298e-01 1.1901241727173328e-02 1.5400103293359280e-03 3.6725971847772598e-02 
-1.1902943253517151e-02 9.9993884563446045e-01 4.1345864883624017e-04 1.2485302984714508e-01 
-1.5351114561781287e-03 -4.2877061059698462e-04 1.0000020265579224e+00 1.2997409328818321e-02 
0.0000000000000000e+00 0.0000000000000000e+00 0.0000000000000000e+00 1.0000000000000000e+00 
Art-counter/0086.pcd
9.9994844198226929e-01 1.0476045310497284e-02 1.4475379139184952e-03 3.0950931832194328e-02 
-1.0474244132637978e-02 9.9994719028472900e-01 -1.2133123818784952e-03 1.1732070893049240e-01 
-1.4609113568440080e-03 1.1973785003647208e-03 1.0000023841857910e+00 2.2342887241393328e-03 
0.0000000000000000e+00 0.0000000000000000e+00 0.0000000000000000e+00 1.0000000000000000e+00 
Art-counter/0087.pcd
9.9997013807296753e-01 8.7203374132514000e-03 -4.3604403617791831e-04 4.2068921029567719e-02 
-8.7214754894375801e-03 9.9996852874755859e-01 -4.4118948280811310e-03 1.4161765575408936e-01 
3.9537571137771010e-04 4.4155530631542206e-03 9.9999791383743286e-01 1.2670299969613552e-02 
0.0000000000000000e+00 0.0000000000000000e+00 0.0000000000000000e+00 1.0000000000000000e+00 
Art-counter/0088.pcd
9.9995684623718262e-01 9.4355549663305283e-03 -7.9337580245919526e-05 3.8676902651786804e-02 
-9.4355717301368713e-03 9.9995690584182739e-01 -3.0613683629781008e-03 1.4139111340045929e-01 
4.9757389206206426e-05 3.0621092300862074e-03 9.9999749660491943e-01 1.0034223087131977e-02 
0.0000000000000000e+00 0.0000000000000000e+00 0.0000000000000000e+00 1.0000000000000000e+00 
Art-counter/0089.pcd
9.9997645616531372e-01 6.0279057361185551e-03 -1.4093064237385988e-05 1.5974711626768112e-02 
-6.0261567123234272e-03 9.9998855590820312e-01 3.5544678103178740e-03 1.4769686758518219e-01 
3.2493491744389758e-05 -3.5538093652576208e-03 1.0000075101852417e+00 2.0170824136584997e-03 
0.0000000000000000e+00 0.0000000000000000e+00 0.0000000000000000e+00 1.0000000000000000e+00 
Art-counter/0090.pcd
9.9999409914016724e-01 3.9006713777780533e-03 8.6502851918339729e-03 -1.2362610548734665e-02 
-3.9101829752326012e-03 1.0000011920928955e+00 -2.4466994218528271e-03 1.4841528236865997e-01 
4.0307478047907352e-03 2.4684446398168802e-03 9.9997627735137939e-01 5.8081932365894318e-04 
0.0000000000000000e+00 0.0000000000000000e+00 0.0000000000000000e+00 1.0000000000000000e+00 
Art-counter/0091.pcd
9.9998378753662109e-01 4.7499840147793293e-03 -3.0732082668691874e-03 3.2922577112913132e-02 
-4.7541661188006401e-03 9.9999314546585083e-01 -1.3545884285122156e-03 1.6893070936203003e-01 
3.0702580697834492e-03 1.3702540891245008e-03 9.9998944997787476e-01 9.9276425316929817e-03 
0.0000000000000000e+00 0.0000000000000000e+00 0.0000000000000000e+00 1.0000000000000000e+00 
Art-counter/0092.pcd
9.9996465444564819e-01 8.2761123776435852e-03 -1.6079290071502328e-04 3.9149392396211624e-02 
-8.2744285464286804e-03 9.9992656707763672e-01 8.0823982134461403e-03 1.5861879289150238e-01 
2.2699453984387219e-04 -8.0797113478183746e-03 9.9996805191040039e-01 6.0322899371385574e-03 
0.0000000000000000e+00 0.0000000000000000e+00 0.0000000000000000e+00 1.0000000000000000e+00 
Art-counter/0093.pcd
9.9997657537460327e-01 5.5654332973062992e-03 1.3932863948866725e-03 2.9839698225259781e-02 
-5.5677606724202633e-03 9.9998855590820312e-01 2.1422374993562698e-03 1.5473796427249908e-01 
-1.3799547450616956e-03 -2.1498603746294975e-03 9.9998527765274048e-01 4.7858837060630322e-03 
0.0000000000000000e+00 0.0000000000000000e+00 0.0000000000000000e+00 1.0000000000000000e+00 
Art-counter/0094.pcd
9.9997079372406006e-01 7.8462958335876465e-03 6.9469382287934422e-04 4.8594493418931961e-02 
-7.8428070992231369e-03 9.9997496604919434e-01 -3.6597771104425192e-03 1.5622909367084503e-01 
-7.2273908881470561e-04 3.6540529690682888e-03 9.9999731779098511e-01 1.2443834915757179e-02 
0.0000000000000000e+00 0.0000000000000000e+00 0.0000000000000000e+00 1.0000000000000000e+00 
Art-counter/0095.pcd
9.9997806549072266e-01 6.4575052820146084e-03 3.1133198644965887e-03 5.8664087206125259e-02 
-6.4704865217208862e-03 9.9998402595520020e-01 4.2463773861527443e-03 1.6387678682804108e-01 
-3.0872987117618322e-03 -4.2649945244193077e-03 9.9999040365219116e-01 2.6953290216624737e-04 
0.0000000000000000e+00 0.0000000000000000e+00 0.0000000000000000e+00 1.0000000000000000e+00 
Art-counter/0096.pcd
9.9997848272323608e-01 6.9196359254419804e-03 3.1348157208412886e-03 4.0360901504755020e-02 
-6.9357226602733135e-03 9.9996900558471680e-01 5.1463311538100243e-03 1.6379711031913757e-01 
-3.0992045067250729e-03 -5.1683024503290653e-03 9.9998718500137329e-01 5.3723054006695747e-03 
0.0000000000000000e+00 0.0000000000000000e+00 0.0000000000000000e+00 1.0000000000000000e+00 
Art-counter/0097.pcd
9.9995547533035278e-01 9.7516104578971863e-03 3.4399181604385376e-03 2.1425202488899231e-02 
-9.7385002300143242e-03 9.9995535612106323e-01 -3.7388375494629145e-03 1.4938412606716156e-01 
-3.4760115668177605e-03 3.7058158777654171e-03 9.9998795986175537e-01 1.4337898232042789e-02 
0.0000000000000000e+00 0.0000000000000000e+00 0.0000000000000000e+00 1.0000000000000000e+00 
Art-counter/0098.pcd
9.9994963407516479e-01 1.0440966114401817e-02 3.0087728518992662e-03 3.3102985471487045e-02 
-1.0444774292409420e-02 9.9995505809783936e-01 1.3643172569572926e-03 1.5381903946399689e-01 
-2.9957043007016182e-03 -1.3957915361970663e-03 9.9999612569808960e-01 4.7126975841820240e-03 
0.0000000000000000e+00 0.0000000000000000e+00 0.0000000000000000e+00 1.0000000000000000e+00 
Art-counter/0099.pcd
9.9996531009674072e-01 7.4068862013518810e-03 3.3974279649555683e-03 3.8894906640052795e-02 
-7.4239340610802174e-03 9.9995672702789307e-01 5.1048612222075462e-03 1.6549736261367798e-01 
-3.3595205750316381e-03 -5.1297410391271114e-03 9.9998509883880615e-01 7.3059578426182270e-03 
0.0000000000000000e+00 0.0000000000000000e+00 0.0000000000000000e+00 1.0000000000000000e+00 
Art-counter/0100.pcd
9.9996912479400635e-01 8.6631691083312035e-03 5.2645002142526209e-05 2.7568731456995010e-02 
-8.6625525727868080e-03 9.9995607137680054e-01 -5.4959342814981937e-03 1.5876583755016327e-01 
