Art-clockwise/0000.pcd
-7.2118765115737915e-01 6.9273978471755981e-01 0.0000000000000000e+00 0.0000000000000000e+00 
-6.9273978471755981e-01 -7.2118765115737915e-01 -0.0000000000000000e+00 0.0000000000000000e+00 
-0.0000000000000000e+00 0.0000000000000000e+00 9.9999994039535522e-01 0.0000000000000000e+00 
0.0000000000000000e+00 0.0000000000000000e+00 0.0000000000000000e+00 1.0000000000000000e+00 
Art-clockwise/0001.pcd
1.0000163316726685e+00 3.6202589399181306e-05 -1.5904348110780120e-03 3.7067828234285116e-03 
-3.6036526580573991e-05 1.0000016689300537e+00 8.7883836386026815e-06 -3.7195648474153131e-05 
1.5905222389847040e-03 -1.3337806194613222e-05 1.0000038146972656e+00 -2.2684877330902964e-04 
0.0000000000000000e+00 0.0000000000000000e+00 0.0000000000000000e+00 1.0000000000000000e+00 
Art-clockwise/0002.pcd
1.0000180006027222e+00 2.5044511858141050e-05 -3.5091758036287501e-05 3.3317478373646736e-03 
-2.6253284886479378e-05 1.0000047683715820e+00 1.7483038391219452e-05 -1.2189900189696345e-05 
3.6662291677203029e-05 -1.2070147022313904e-05 1.0000029802322388e+00 -2.9661192093044519e-04 
0.0000000000000000e+00 0.0000000000000000e+00 0.0000000000000000e+00 1.0000000000000000e+00 
Art-clockwise/0003.pcd
1.0000189542770386e+00 7.2937698860187083e-05 -8.6613166786264628e-05 7.3339371010661125e-03 
-7.3565286584198475e-05 1.0000106096267700e+00 4.2816063796635717e-05 -2.3873784812167287e-04 
8.8195178250316530e-05 -4.6046643547015265e-05 1.0000100135803223e+00 -5.2118120947852731e-04 
0.0000000000000000e+00 0.0000000000000000e+00 0.0000000000000000e+00 1.0000000000000000e+00 
Art-clockwise/0004.pcd
1.0000041723251343e+00 6.4656065660528839e-05 -8.6819600255694240e-05 5.3284252062439919e-03 
-6.5000967879313976e-05 1.0000041723251343e+00 1.2189764220238430e-06 -1.7630706133786589e-04 
8.7947497377172112e-05 3.3997148420894518e-06 9.9999237060546875e-01 2.1608899987768382e-04 
0.0000000000000000e+00 0.0000000000000000e+00 0.0000000000000000e+00 1.0000000000000000e+00 
Art-clockwise/0005.pcd
1.0000152587890625e+00 7.0006448368076235e-05 -1.4034884516149759e-03 2.8033773414790630e-03 
-7.0729365688748658e-05 1.0000085830688477e+00 -4.0722639823798090e-05 -3.3151556272059679e-04 
1.4025836717337370e-03 3.9782666135579348e-05 1.0000025033950806e+00 -3.1719752587378025e-03 
0.0000000000000000e+00 0.0000000000000000e+00 0.0000000000000000e+00 1.0000000000000000e+00 
Art-clockwise/0006.pcd
1.0000125169754028e+00 8.0832011008169502e-05 -1.0833297710632905e-04 7.4159097857773304e-03 
-8.1553524069022387e-05 1.0000101327896118e+00 3.2271513191517442e-05 -3.0106285703368485e-04 
1.0964059038087726e-04 -2.1391448171925731e-05 1.0000036954879761e+00 -2.4383167328778654e-04 
0.0000000000000000e+00 0.0000000000000000e+00 0.0000000000000000e+00 1.0000000000000000e+00 
Art-clockwise/0007.pcd
1.0000096559524536e+00 -1.0985466360580176e-04 1.8302298849448562e-04 -6.6624009050428867e-03 
1.0907917021540925e-04 1.0000092983245850e+00 3.3546322811162099e-05 4.0670394082553685e-04 
-1.8492418166715652e-04 -2.5980709324358031e-05 1.0000007152557373e+00 -1.2895690742880106e-03 
0.0000000000000000e+00 0.0000000000000000e+00 0.0000000000000000e+00 1.0000000000000000e+00 
Art-clockwise/0008.pcd
1.0000032186508179e+00 -6.5105614339699969e-06 1.2811113265343010e-05 -5.4760446073487401e-04 
6.8763292802032083e-06 1.0000008344650269e+00 -4.5874106291421413e-08 9.0220928541384637e-05 
-1.2905618859804235e-05 -3.0154496926115826e-06 1.0000011920928955e+00 -2.4406815646216273e-04 
0.0000000000000000e+00 0.0000000000000000e+00 0.0000000000000000e+00 1.0000000000000000e+00 
Art-clockwise/0009.pcd
1.0000221729278564e+00 2.5633578843553551e-05 -3.0081708246143535e-05 3.5445624962449074e-03 
-2.6249283109791577e-05 1.0000097751617432e+00 2.5797980924835429e-05 1.5519057342316955e-05 
3.1967188988346606e-05 -2.5416900825803168e-05 1.0000051259994507e+00 -4.9870455404743552e-04 
0.0000000000000000e+00 0.0000000000000000e+00 0.0000000000000000e+00 1.0000000000000000e+00 
Art-clockwise/0010.pcd
1.0000160932540894e+00 3.4937715099658817e-05 -1.5586403897032142e-03 3.5194985102862120e-03 
-3.5195902455598116e-05 1.0000125169754028e+00 4.8982212319970131e-05 -1.6203246195800602e-04 
1.5589051181450486e-03 -5.0344700866844505e-05 1.0000048875808716e+00 -1.2887162156403065e-03 
0.0000000000000000e+00 0.0000000000000000e+00 0.0000000000000000e+00 1.0000000000000000e+00 
Art-clockwise/0011.pcd
1.0000145435333252e+00 7.5444506364874542e-05 -9.5909002993721515e-05 6.9915577769279480e-03 
-7.4844276241492480e-05 1.0000101327896118e+00 2.5808545615291223e-05 -2.2106147662270814e-04 
9.5534676802344620e-05 -2.9435766919050366e-05 1.0000030994415283e+00 -2.7582264738157392e-04 
0.0000000000000000e+00 0.0000000000000000e+00 0.0000000000000000e+00 1.0000000000000000e+00 
Art-clockwise/0012.pcd
1.0000134706497192e+00 -4.5489426702260971e-04 3.3967586932703853e-04 -1.3534695841372013e-02 
4.5341573422774673e-04 1.0000052452087402e+00 4.4856427120976150e-04 9.4389176229014993e-04 
-3.3805239945650101e-04 -4.3745050788857043e-04 9.9999904632568359e-01 -9.9294458050280809e-04 
0.0000000000000000e+00 0.0000000000000000e+00 0.0000000000000000e+00 1.0000000000000000e+00 
Art-clockwise/0013.pcd
9.9999308586120605e-01 -2.1658354671671987e-04 1.9717353279702365e-04 -1.0059308260679245e-02 
2.1708101849071681e-04 9.9999767541885376e-01 1.4575503882952034e-04 7.1120820939540863e-04 
-2.0021344244014472e-04 -1.4516005467157811e-04 9.9999648332595825e-01 -9.5890800002962351e-04 
0.0000000000000000e+00 0.0000000000000000e+00 0.0000000000000000e+00 1.0000000000000000e+00 
Art-clockwise/0014.pcd
1.0000004768371582e+00 -5.2612023864639923e-05 6.9302841438911855e-05 -5.1406379789113998e-03 
5.3065938118379563e-05 1.0000096559524536e+00 -1.9192570107406937e-05 1.7207868222612888e-04 
-6.9055560743436217e-05 1.4262466720538214e-05 1.0000022649765015e+00 2.3054609482642263e-04 
0.0000000000000000e+00 0.0000000000000000e+00 0.0000000000000000e+00 1.0000000000000000e+00 
Art-clockwise/0015.pcd
1.0000120401382446e+00 -6.9673369580414146e-05 9.9801909527741373e-05 -6.6437851637601852e-03 
6.9792258727829903e-05 1.0000076293945312e+00 -2.3929263988975435e-05 2.4292679154314101e-04 
-1.0031936835730448e-04 1.9244851500843652e-05 1.0000052452087402e+00 8.2512924564071000e-05 
0.0000000000000000e+00 0.0000000000000000e+00 0.0000000000000000e+00 1.0000000000000000e+00 
Art-clockwise/0016.pcd
1.0000077486038208e+00 -6.0895301430718973e-05 7.7480013715103269e-05 -5.5071800015866756e-03 
6.1083701439201832e-05 1.0000103712081909e+00 -2.2179847292136401e-05 2.3735201102681458e-04 
-7.6616721344180405e-05 2.2916903617442586e-05 9.9999791383743286e-01 2.2710155462846160e-04 
0.0000000000000000e+00 0.0000000000000000e+00 0.0000000000000000e+00 1.0000000000000000e+00 
Art-clockwise/0017.pcd
1.0000089406967163e+00 -5.0854076107498258e-05 6.4529805968049914e-05 -5.2284291014075279e-03 
5.0444945372873917e-05 1.0000042915344238e+00 -2.5929090043064207e-05 1.1820662621175870e-04 
-6.3512263295706362e-05 2.4103514078888111e-05 1.0000025033950806e+00 3.5480136284604669e-04 
0.0000000000000000e+00 0.0000000000000000e+00 0.0000000000000000e+00 1.0000000000000000e+00 
Art-clockwise/0018.pcd
1.0000017881393433e+00 -4.5168344513513148e-05 6.5909851400647312e-05 -4.7791171818971634e-03 
4.5155167754273862e-05 1.0000059604644775e+00 -1.0255586857965682e-05 7.4945826781913638e-05 
-6.6203596361447126e-05 1.0998857760569081e-05 1.0000009536743164e+00 9.8209544376004487e-05 
0.0000000000000000e+00 0.0000000000000000e+00 0.0000000000000000e+00 1.0000000000000000e+00 
Art-clockwise/0019.pcd
1.0000102519989014e+00 -6.9122492277529091e-05 8.7351232650689781e-05 -7.0177032612264156e-03 
6.8852925323881209e-05 1.0000051259994507e+00 -4.8339297791244462e-05 2.3304947535507381e-04 
-8.6920386820565909e-05 4.6499375457642600e-05 1.0000020265579224e+00 6.4586004009470344e-04 
0.0000000000000000e+00 0.0000000000000000e+00 0.0000000000000000e+00 1.0000000000000000e+00 
Art-clockwise/0020.pcd
1.0000070333480835e+00 4.9757793021854013e-05 -1.6003106720745564e-03 5.1835263147950172e-03 
-4.9742553528631106e-05 1.0000000000000000e+00 4.4012496800860390e-05 -1.9567550043575466e-04 
1.5994606073945761e-03 -4.5287673856364563e-05 1.0000007152557373e+00 -9.1118214186280966e-04 
0.0000000000000000e+00 0.0000000000000000e+00 0.0000000000000000e+00 1.0000000000000000e+00 
Art-clockwise/0021.pcd
1.0000145435333252e+00 -4.2389787267893553e-04 2.8546885005198419e-04 -1.3838911429047585e-02 
4.2303884401917458e-04 1.0000145435333252e+00 3.9765323163010180e-04 9.6657843096181750e-04 
-2.8449209639802575e-04 -3.9192213444039226e-04 1.0000042915344238e+00 -1.0100962826982141e-03 
0.0000000000000000e+00 0.0000000000000000e+00 0.0000000000000000e+00 1.0000000000000000e+00 
Art-clockwise/0022.pcd
9.9999320507049561e-01 2.6180373970419168e-03 1.4682197943329811e-03 -1.3039409182965755e-02 
-2.6170534547418356e-03 9.9999749660491943e-01 -8.9818472042679787e-04 -1.5212506055831909e-02 
-1.4700741739943624e-03 8.9877925347536802e-04 9.9999630451202393e-01 -4.8103621229529381e-03 
0.0000000000000000e+00 0.0000000000000000e+00 0.0000000000000000e+00 1.0000000000000000e+00 
Art-clockwise/0023.pcd
1.0000058412551880e+00 1.2994081771466881e-04 -1.8797836673911661e-04 7.7258441597223282e-03 
-1.2926130148116499e-04 1.0000003576278687e+00 -3.9855462091509253e-05 -4.5929520274512470e-04 
1.8625619122758508e-04 3.8944690459175035e-05 1.0000034570693970e+00 1.0697231628000736e-03 
0.0000000000000000e+00 0.0000000000000000e+00 0.0000000000000000e+00 1.0000000000000000e+00 
Art-clockwise/0024.pcd
1.0000152587890625e+00 4.6035045670578256e-05 -6.0098354879301041e-05 5.1077422685921192e-03 
-4.6201839722925797e-05 1.0000016689300537e+00 2.2484020519186743e-05 -1.0352836397942156e-04 
6.0368820413714275e-05 -3.3000495022861287e-05 1.0000076293945312e+00 -3.8491695886477828e-04 
0.0000000000000000e+00 0.0000000000000000e+00 0.0000000000000000e+00 1.0000000000000000e+00 
Art-clockwise/0025.pcd
1.0000005960464478e+00 5.0065198593074456e-05 -1.5740393428131938e-03 5.0336634740233421e-03 
-5.0165763241238892e-05 9.9999421834945679e-01 7.1959773777052760e-05 -2.5232962798327208e-04 
1.5738268848508596e-03 -7.4869843956548721e-05 1.0000026226043701e+00 -1.4347280375659466e-03 
0.0000000000000000e+00 0.0000000000000000e+00 0.0000000000000000e+00 1.0000000000000000e+00 
Art-clockwise/0026.pcd
1.0000066757202148e+00 -1.8521594756748527e-04 2.5044201174750924e-04 -9.2785609886050224e-03 
1.8455306417308748e-04 1.0000032186508179e+00 9.7899406682699919e-05 5.8253156021237373e-04 
-2.4918449344113469e-04 -8.9919980382546782e-05 9.9999755620956421e-01 -1.4263658085837960e-03 
0.0000000000000000e+00 0.0000000000000000e+00 0.0000000000000000e+00 1.0000000000000000e+00 
Art-clockwise/0027.pcd
9.9999868869781494e-01 -4.9195881729247048e-05 7.1440263127442449e-05 -4.6842945739626884e-03 
4.9101086915470660e-05 9.9999958276748657e-01 -4.1568118831492029e-06 1.2179997429484501e-04 
-7.1892514824867249e-05 8.6024565462139435e-06 9.9999672174453735e-01 -7.9957528214436024e-05 
0.0000000000000000e+00 0.0000000000000000e+00 0.0000000000000000e+00 1.0000000000000000e+00 
Art-clockwise/0028.pcd
1.0000059604644775e+00 -3.9290829590754583e-05 4.6327244490385056e-05 -4.9204980023205280e-03 
3.8776353903813288e-05 9.9999749660491943e-01 -4.5569428039016202e-05 6.4557694713585079e-05 
-4.6945933718234301e-05 4.1125309508061036e-05 1.0000109672546387e+00 7.1931298589333892e-04 
0.0000000000000000e+00 0.0000000000000000e+00 0.0000000000000000e+00 1.0000000000000000e+00 
Art-clockwise/0029.pcd
1.0000180006027222e+00 -1.5203724615275860e-04 1.8230456043966115e-04 -1.0050396434962749e-02 
1.5075992268975824e-04 1.0000090599060059e+00 1.2682907254202291e-05 4.3768007890321314e-04 
-1.8086613272316754e-04 -3.1441340979654342e-06 1.0000059604644775e+00 1.2853044609073550e-04 
0.0000000000000000e+00 0.0000000000000000e+00 0.0000000000000000e+00 1.0000000000000000e+00 
Art-clockwise/0030.pcd
1.0000139474868774e+00 4.9551432312000543e-05 -1.5853501390665770e-03 5.0351843237876892e-03 
-5.0265902245882899e-05 1.0000141859054565e+00 6.4763793488964438e-05 -2.2945673845242709e-04 
1.5869481721892953e-03 -5.5686574341962114e-05 9.9999809265136719e-01 -1.0427865199744701e-03 
0.0000000000000000e+00 0.0000000000000000e+00 0.0000000000000000e+00 1.0000000000000000e+00 
Art-clockwise/0031.pcd
1.0000011920928955e+00 7.9027173342183232e-05 -1.0011730773840100e-04 7.2882464155554771e-03 
-8.0129721027333289e-05 1.0000015497207642e+00 2.7152500479132868e-05 -2.7241872157901525e-04 
1.0216942609986290e-04 -2.0389654309838079e-05 9.9999409914016724e-01 -2.8500278131105006e-04 
0.0000000000000000e+00 0.0000000000000000e+00 0.0000000000000000e+00 1.0000000000000000e+00 
Art-clockwise/0032.pcd
1.0000158548355103e+00 2.6250020600855350e-03 1.3212921330705285e-03 -9.9463015794754028e-03 
-2.6242472231388092e-03 1.0000035762786865e+00 -1.0924437083303928e-03 -1.5283654443919659e-02 
-1.3223814312368631e-03 1.0872384300455451e-03 1.0000063180923462e+00 -4.4995555654168129e-03 
0.0000000000000000e+00 0.0000000000000000e+00 0.0000000000000000e+00 1.0000000000000000e+00 
Art-clockwise/0033.pcd
1.0000069141387939e+00 -4.4834625441581011e-05 6.3609797507524490e-05 -4.5209117233753204e-03 
4.4766558858100325e-05 9.9999970197677612e-01 -1.4785481653234456e-05 1.1118330439785495e-04 
-6.3801839132793248e-05 1.4566236131940968e-05 1.0000021457672119e+00 8.8220091129187495e-05 
0.0000000000000000e+00 0.0000000000000000e+00 0.0000000000000000e+00 1.0000000000000000e+00 
Art-clockwise/0034.pcd
1.0000036954879761e+00 -2.2810119844507426e-05 3.3303880627499893e-05 -2.6164832524955273e-03 
2.2302550860331394e-05 1.0000005960464478e+00 -2.6585569230519468e-06 -3.8186740880519210e-08 
-3.1972474971553311e-05 8.5938418123987503e-06 9.9999946355819702e-01 6.2447681557387114e-05 
0.0000000000000000e+00 0.0000000000000000e+00 0.0000000000000000e+00 1.0000000000000000e+00 
Art-clockwise/0035.pcd
1.0000107288360596e+00 -5.5506279750261456e-06 6.2909780353948008e-06 -7.4461824260652065e-04 
5.7028019000426866e-06 1.0000044107437134e+00 -9.0004932644660585e-06 4.3089585233246908e-05 
-6.2962244555819780e-06 5.1226547839178238e-06 1.0000070333480835e+00 6.5681284468155354e-05 
0.0000000000000000e+00 0.0000000000000000e+00 0.0000000000000000e+00 1.0000000000000000e+00 
Art-clockwise/0036.pcd
1.0000135898590088e+00 -6.3426796259591356e-06 9.7381116574979387e-06 -9.0824055951088667e-04 
6.1181694945844356e-06 1.0000137090682983e+00 -3.4285767469555140e-07 -2.0122484784224071e-05 
-7.8623406807309948e-06 3.4895101634901948e-06 1.0000053644180298e+00 6.1420214478857815e-05 
0.0000000000000000e+00 0.0000000000000000e+00 0.0000000000000000e+00 1.0000000000000000e+00 
Art-clockwise/0037.pcd
1.0000004768371582e+00 3.3080668799811974e-06 -3.5919156289310195e-06 5.1913200877606869e-04 
-3.5493385439622216e-06 1.0000002384185791e+00 2.0114966901019216e-06 2.7292064260109328e-05 
3.7831798636034364e-06 -1.4827163568043034e-06 1.0000016689300537e+00 -7.4927367677446455e-05 
0.0000000000000000e+00 0.0000000000000000e+00 0.0000000000000000e+00 1.0000000000000000e+00 
Art-clockwise/0038.pcd
1.0000101327896118e+00 2.0508423403953202e-05 -2.3651951778447255e-05 3.0285441316664219e-03 
-2.1145582650206052e-05 1.0000065565109253e+00 1.5197701941360720e-05 8.2581282185856253e-05 
2.5541105060256086e-05 -1.4639298569818493e-05 1.0000042915344238e+00 -3.9290855056606233e-04 
0.0000000000000000e+00 0.0000000000000000e+00 0.0000000000000000e+00 1.0000000000000000e+00 
Art-clockwise/0039.pcd
9.9999773502349854e-01 -1.6861618860275485e-05 2.2747046386939473e-05 -2.7488560881465673e-03 
1.7491995095042512e-05 9.9999940395355225e-01 -2.2413614715333097e-05 -1.0647632734617218e-04 
-2.3076649085851386e-05 2.0536894226097502e-05 9.9999934434890747e-01 6.1653647571802139e-04 
0.0000000000000000e+00 0.0000000000000000e+00 0.0000000000000000e+00 1.0000000000000000e+00 
Art-clockwise/0040.pcd
1.0000188350677490e+00 -3.0372932087630033e-05 4.5558623241959140e-05 -3.3952859230339527e-03 
3.0602921469835564e-05 1.0000057220458984e+00 -1.3428522834146861e-05 3.2253541576210409e-05 
-4.4639764382736757e-05 7.2049174377752934e-06 1.0000132322311401e+00 1.0350575030315667e-04 
0.0000000000000000e+00 0.0000000000000000e+00 0.0000000000000000e+00 1.0000000000000000e+00 
Art-clockwise/0041.pcd
1.0000085830688477e+00 -4.0732960769673809e-05 5.3808424127055332e-05 -4.7603710554540157e-03 
4.0502593037672341e-05 1.0000007152557373e+00 -2.7909114578505978e-05 6.5276944951619953e-05 
-5.3425297664944082e-05 2.3169965061242692e-05 1.0000041723251343e+00 5.0220958655700088e-04 
0.0000000000000000e+00 0.0000000000000000e+00 0.0000000000000000e+00 1.0000000000000000e+00 
Art-clockwise/0042.pcd
1.0000090599060059e+00 -1.2118680751882493e-04 1.7719209427013993e-04 -7.0884819142520428e-03 
1.1993836960755289e-04 1.0000054836273193e+00 1.0984609616571106e-05 6.0762499924749136e-04 
-1.7519484390504658e-04 -2.5087767880904721e-06 1.0000007152557373e+00 -1.1954399524256587e-03 
0.0000000000000000e+00 0.0000000000000000e+00 0.0000000000000000e+00 1.0000000000000000e+00 
Art-clockwise/0043.pcd
1.0000100135803223e+00 3.1462423066841438e-05 -1.5645064413547516e-03 3.1318846158683300e-03 
-3.1578671041643247e-05 1.0000108480453491e+00 4.0751579945208505e-05 -1.1491763143567368e-04 
1.5648228581994772e-03 -3.6766530683962628e-05 1.0000036954879761e+00 -8.4679498104378581e-04 
0.0000000000000000e+00 0.0000000000000000e+00 0.0000000000000000e+00 1.0000000000000000e+00 
Art-clockwise/0044.pcd
1.0000216960906982e+00 2.7151847461936995e-05 -3.7642534152837470e-05 3.2125650905072689e-03 
-2.7941548978560604e-05 9.9999618530273438e-01 6.4660621319490019e-06 -6.6168839111924171e-05 
3.8026209949748591e-05 -1.5587011148454621e-05 1.0000131130218506e+00 -1.4888909936416894e-04 
0.0000000000000000e+00 0.0000000000000000e+00 0.0000000000000000e+00 1.0000000000000000e+00 
Art-clockwise/0045.pcd
1.0000033378601074e+00 4.0031442040344700e-05 -5.1985018217237666e-05 4.8613594844937325e-03 
-3.9430979086318985e-05 9.9999731779098511e-01 2.9870510843466036e-05 -6.0690435930155218e-05 
5.0662758440012112e-05 -3.4088880056515336e-05 1.0000050067901611e+00 -5.7869503507390618e-04 
0.0000000000000000e+00 0.0000000000000000e+00 0.0000000000000000e+00 1.0000000000000000e+00 
Art-clockwise/0046.pcd
9.9999922513961792e-01 4.5541986764874309e-05 -1.5663035446777940e-03 4.5611923560500145e-03 
-4.5547250920208171e-05 9.9999815225601196e-01 7.1226444561034441e-05 -2.7579715242609382e-04 
1.5667600091546774e-03 -7.3039169365074486e-05 1.0000022649765015e+00 -1.5986140351742506e-03 
0.0000000000000000e+00 0.0000000000000000e+00 0.0000000000000000e+00 1.0000000000000000e+00 
Art-clockwise/0047.pcd
1.0000137090682983e+00 2.9899078072048724e-05 -1.5643340302631259e-03 2.7776607312262058e-03 
-2.9952967452118173e-05 1.0000061988830566e+00 2.4063288947218098e-05 -1.1206833005417138e-04 
1.5636672032997012e-03 -2.4077220587059855e-05 1.0000065565109253e+00 -3.3181058824993670e-04 
0.0000000000000000e+00 0.0000000000000000e+00 0.0000000000000000e+00 1.0000000000000000e+00 
Art-clockwise/0048.pcd
1.0000075101852417e+00 5.3613407544617075e-06 -8.6686086433473974e-06 7.4889650568366051e-04 
-6.2024146245676093e-06 9.9999850988388062e-01 3.7314432574930834e-06 -5.8239576901542023e-05 
9.6399207905051298e-06 8.2690831959553179e-07 1.0000000000000000e+00 7.5134907092433423e-05 
0.0000000000000000e+00 0.0000000000000000e+00 0.0000000000000000e+00 1.0000000000000000e+00 
Art-clockwise/0049.pcd
1.0000045299530029e+00 -3.5223354643676430e-05 4.3669449951266870e-05 -4.4037685729563236e-03 
3.5470176953822374e-05 1.0000061988830566e+00 -3.1892144761513919e-05 2.9947414077469148e-05 
-4.2244868382113054e-05 3.4249187592649832e-05 1.0000009536743164e+00 5.9462495846673846e-04 
0.0000000000000000e+00 0.0000000000000000e+00 0.0000000000000000e+00 1.0000000000000000e+00 
Art-clockwise/0050.pcd
1.0000245571136475e+00 -2.6483276087674312e-05 4.0104649087879807e-05 -3.0718958005309105e-03 
2.6197840270469896e-05 1.0000046491622925e+00 -1.0720457794377580e-05 -7.4708450483740307e-06 
-3.9063295844243839e-05 8.5114934336161241e-06 1.0000085830688477e+00 1.3082051009405404e-04 
0.0000000000000000e+00 0.0000000000000000e+00 0.0000000000000000e+00 1.0000000000000000e+00 
Art-clockwise/0051.pcd
1.0000166893005371e+00 3.0214632715797052e-06 8.9021341409534216e-08 5.0471979193389416e-04 
-3.0583728403144050e-06 1.0000078678131104e+00 7.1786880653235130e-06 4.8660407628631219e-05 
7.6390074355003890e-07 -8.1604812294244766e-06 1.0000021457672119e+00 -2.8487647068686783e-04 
0.0000000000000000e+00 0.0000000000000000e+00 0.0000000000000000e+00 1.0000000000000000e+00 
Art-clockwise/0052.pcd
9.9999898672103882e-01 4.3061136238975450e-05 -1.5412273351103067e-03 4.3163397349417210e-03 
-4.2990814108634368e-05 9.9999809265136719e-01 7.8798286267556250e-05 -2.3579875414725393e-04 
1.5404659789055586e-03 -8.1041936937253922e-05 1.0000008344650269e+00 -2.1410437766462564e-03 
0.0000000000000000e+00 0.0000000000000000e+00 0.0000000000000000e+00 1.0000000000000000e+00 
Art-clockwise/0053.pcd
1.0000039339065552e+00 -3.2516734790988266e-04 2.4685059906914830e-04 -1.2138451449573040e-02 
3.2508489675819874e-04 1.0000050067901611e+00 2.8942167409695685e-04 8.9861912420019507e-04 
-2.4764903355389833e-04 -2.9016542248427868e-04 9.9999868869781494e-01 -9.7037572413682938e-04 
0.0000000000000000e+00 0.0000000000000000e+00 0.0000000000000000e+00 1.0000000000000000e+00 
Art-clockwise/0054.pcd
1.0000083446502686e+00 -3.3183485356858000e-05 5.4674779676133767e-05 -3.1595542095601559e-03 
3.2537562219658867e-05 1.0000021457672119e+00 -1.1556987828953424e-06 7.0213391154538840e-05 
-5.4288142564473674e-05 -6.1620022506758687e-07 1.0000041723251343e+00 -1.5601124323438853e-04 
0.0000000000000000e+00 0.0000000000000000e+00 0.0000000000000000e+00 1.0000000000000000e+00 
Art-clockwise/0055.pcd
1.0000036954879761e+00 -2.1643794752890244e-05 3.1195031624520198e-05 -2.8231122996658087e-03 
2.1737891074735671e-05 1.0000076293945312e+00 -4.6851914703438524e-06 -2.1360841856221668e-05 
-3.1536495953332633e-05 4.9147784011438489e-06 9.9999898672103882e-01 1.3862134073860943e-04 
0.0000000000000000e+00 0.0000000000000000e+00 0.0000000000000000e+00 1.0000000000000000e+00 
Art-clockwise/0056.pcd
1.0000007152557373e+00 -8.5632045738748275e-06 9.5549476100131869e-06 -8.7455031462013721e-04 
8.3157219705753960e-06 1.0000064373016357e+00 -1.2616373169294093e-05 1.0886633390327916e-04 
-8.4394578152569011e-06 1.0610252502374351e-05 9.9999475479125977e-01 8.8715925812721252e-05 
0.0000000000000000e+00 0.0000000000000000e+00 0.0000000000000000e+00 1.0000000000000000e+00 
Art-clockwise/0057.pcd
1.0000122785568237e+00 -5.5378222896251827e-06 7.7414169936673716e-06 -8.2577497232705355e-04 
4.5882161430199631e-06 9.9999403953552246e-01 -3.4717879771051230e-06 -7.2939896199386567e-05 
-6.5770459514169488e-06 -1.3062501125205017e-07 1.0000144243240356e+00 5.5700569646432996e-05 
0.0000000000000000e+00 0.0000000000000000e+00 0.0000000000000000e+00 1.0000000000000000e+00 
Art-clockwise/0058.pcd
1.0000060796737671e+00 -2.1263495000312105e-05 2.8468088203226216e-05 -2.8769662603735924e-03 
2.0420300643309020e-05 9.9999862909317017e-01 -8.6241425378830172e-06 -7.6064534368924797e-05 
-2.7284866519039497e-05 8.3393952081678435e-06 1.0000090599060059e+00 2.3629712813999504e-04 
0.0000000000000000e+00 0.0000000000000000e+00 0.0000000000000000e+00 1.0000000000000000e+00 
Art-clockwise/0059.pcd
1.0000149011611938e+00 -1.0324586583010387e-05 1.5891409930191003e-05 -1.2734968913719058e-03 
9.6601224868209101e-06 1.0000072717666626e+00 -3.7833135593245970e-06 1.0910878700087778e-05 
-1.4698826817038935e-05 1.0297521839675028e-05 1.0000007152557373e+00 8.3686856669373810e-05 
0.0000000000000000e+00 0.0000000000000000e+00 0.0000000000000000e+00 1.0000000000000000e+00 
Art-clockwise/0060.pcd
1.0000139474868774e+00 -4.2390522139612585e-05 5.2530318498611450e-05 -5.3223590366542339e-03 
4.1579525714041665e-05 1.0000044107437134e+00 -5.3653595387004316e-05 1.1752655700547621e-04 
-5.1633684051921591e-05 5.5272699682973325e-05 1.0000026226043701e+00 7.9088768688961864e-04 
0.0000000000000000e+00 0.0000000000000000e+00 0.0000000000000000e+00 1.0000000000000000e+00 
Art-clockwise/0061.pcd
1.0000132322311401e+00 5.2259609219618142e-05 -1.5952541725710034e-03 5.0848997198045254e-03 
-5.2181483624735847e-05 1.0000108480453491e+00 4.8112466174643487e-05 -2.2224849089980125e-04 
1.5964270569384098e-03 -4.6074826968833804e-05 1.0000011920928955e+00 -6.6110899206250906e-04 
0.0000000000000000e+00 0.0000000000000000e+00 0.0000000000000000e+00 1.0000000000000000e+00 
Art-clockwise/0062.pcd
1.0000122785568237e+00 4.3153944716323167e-05 -5.5671120207989588e-05 4.8561203293502331e-03 
-4.3179159547435120e-05 1.0000023841857910e+00 1.9457773305475712e-05 -8.8884131400845945e-05 
5.5237062042579055e-05 -2.5596640625735745e-05 1.0000118017196655e+00 -3.6446939338929951e-04 
0.0000000000000000e+00 0.0000000000000000e+00 0.0000000000000000e+00 1.0000000000000000e+00 
Art-clockwise/0063.pcd
1.0000395774841309e+00 5.1820639782818034e-05 -6.8227425799705088e-05 5.9343934990465641e-03 
-5.2461316954577342e-05 1.0000177621841431e+00 3.4017408324871212e-05 -1.4707195805385709e-04 
6.9542948040179908e-05 -3.7708177842432633e-05 1.0000159740447998e+00 -5.4866453865543008e-04 
0.0000000000000000e+00 0.0000000000000000e+00 0.0000000000000000e+00 1.0000000000000000e+00 
Art-clockwise/0064.pcd
1.0000038146972656e+00 -2.6669132057577372e-04 2.7506469632498920e-04 -1.1380441486835480e-02 
2.6728684315457940e-04 1.0000013113021851e+00 1.8631426792126149e-04 7.8333495184779167e-04 
-2.7628321549855173e-04 -1.8450392235536128e-04 9.9999970197677612e-01 -1.2894556857645512e-03 
0.0000000000000000e+00 0.0000000000000000e+00 0.0000000000000000e+00 1.0000000000000000e+00 
Art-clockwise/0065.pcd
9.9999535083770752e-01 -6.5648317104205489e-05 8.7873951997607946e-05 -5.6719710119068623e-03 
6.5606946009211242e-05 9.9999696016311646e-01 -1.4866090168652590e-05 2.1111716341692954e-04 
-9.0052293671760708e-05 1.6326044715242460e-05 9.9999439716339111e-01 2.8312480935710482e-05 
0.0000000000000000e+00 0.0000000000000000e+00 0.0000000000000000e+00 1.0000000000000000e+00 
Art-clockwise/0066.pcd
1.0000184774398804e+00 -2.9653110686922446e-05 4.0883754991227761e-05 -3.3419295214116573e-03 
2.8945643862243742e-05 1.0000156164169312e+00 -1.8893630112870596e-05 8.9100525656249374e-05 
-4.0137048927135766e-05 1.8868840925279073e-05 1.0000120401382446e+00 2.5074285804294050e-04 
0.0000000000000000e+00 0.0000000000000000e+00 0.0000000000000000e+00 1.0000000000000000e+00 
Art-clockwise/0067.pcd
1.0000139474868774e+00 1.3562226740759797e-05 2.7325040719006211e-05 1.3648638268932700e-03 
-1.2950928976351861e-05 9.9999833106994629e-01 6.2102168158162385e-05 1.2229051208123565e-04 
-2.6217525373795070e-05 -6.9339243054855615e-05 1.0000027418136597e+00 -1.6317405970767140e-03 
0.0000000000000000e+00 0.0000000000000000e+00 0.0000000000000000e+00 1.0000000000000000e+00 
Art-clockwise/0068.pcd
1.0000147819519043e+00 2.4384189600823447e-05 -3.3627271477598697e-05 2.8316006064414978e-03 
-2.4201497581088915e-05 1.0000045299530029e+00 6.1808435702914721e-07 -2.7624412268778542e-07 
3.3818861993495375e-05 -9.4192246251623146e-06 1.0000060796737671e+00 8.8980846157937776e-07 
0.0000000000000000e+00 0.0000000000000000e+00 0.0000000000000000e+00 1.0000000000000000e+00 
Art-clockwise/0069.pcd
9.9999749660491943e-01 -3.5899533941119444e-06 3.7450877243827563e-06 -6.1833945801481605e-04 
3.8561415749427397e-06 9.9999833106994629e-01 -1.8632304090715479e-06 -4.5154047256801277e-05 
-3.8518787732755300e-06 4.3051005604866077e-07 9.9999958276748657e-01 9.4286384410224855e-05 
0.0000000000000000e+00 0.0000000000000000e+00 0.0000000000000000e+00 1.0000000000000000e+00 
Art-clockwise/0070.pcd
1.0000146627426147e+00 1.5948511645547114e-05 -2.1718627976952121e-05 2.5811262894421816e-03 
-1.6657844753353857e-05 1.0000045299530029e+00 1.7161442883661948e-05 6.9738904130645096e-05 
2.1820696929353289e-05 -1.3139072507328819e-05 1.0000056028366089e+00 -4.5469816541299224e-04 
0.0000000000000000e+00 0.0000000000000000e+00 0.0000000000000000e+00 1.0000000000000000e+00 
Art-clockwise/0071.pcd
9.9999988079071045e-01 3.0616742151323706e-05 -1.5440225834026933e-03 3.0485335737466812e-03 
-3.0652154237031937e-05 1.0000034570693970e+00 7.1222901169676334e-05 -1.8444146553520113e-04 
1.5436011599376798e-03 -7.2130656917579472e-05 9.9999964237213135e-01 -1.6392137622460723e-03 
0.0000000000000000e+00 0.0000000000000000e+00 0.0000000000000000e+00 1.0000000000000000e+00 
Art-clockwise/0072.pcd
1.0000171661376953e+00 4.7750469093443826e-05 -1.5684429090470076e-03 4.8265601508319378e-03 
-4.7939116484485567e-05 1.0000060796737671e+00 6.7754757765214890e-05 -2.3305286595132202e-04 
1.5689312713220716e-03 -7.1916496381163597e-05 1.0000072717666626e+00 -1.5418197726830840e-03 
0.0000000000000000e+00 0.0000000000000000e+00 0.0000000000000000e+00 1.0000000000000000e+00 
Art-clockwise/0073.pcd
1.0000092983245850e+00 -1.6431089898105711e-04 2.1538886358030140e-04 -8.7271723896265030e-03 
1.6434455756098032e-04 1.0000047683715820e+00 7.2803093644324690e-05 5.5006955517455935e-04 
-2.1512692910619080e-04 -7.2944741987157613e-05 9.9999922513961792e-01 -1.0272257495671511e-03 
0.0000000000000000e+00 0.0000000000000000e+00 0.0000000000000000e+00 1.0000000000000000e+00 
Art-clockwise/0074.pcd
1.0000106096267700e+00 -2.9487989377230406e-04 2.3396057076752186e-04 -1.1599611490964890e-02 
2.9500862001441419e-04 1.0000096559524536e+00 2.4927890626713634e-04 7.4578693602234125e-04 
-2.3427912674378604e-04 -2.4494659737683833e-04 1.0000048875808716e+00 -3.9229894173331559e-04 
0.0000000000000000e+00 0.0000000000000000e+00 0.0000000000000000e+00 1.0000000000000000e+00 
Art-clockwise/0075.pcd
9.9999493360519409e-01 4.8587600758764893e-05 -1.5921988524496555e-03 4.9293236806988716e-03 
-4.8950369091471657e-05 1.0000061988830566e+00 5.6506887631257996e-05 -1.9294368394184858e-04 
1.5920496080070734e-03 -5.2095663704676554e-05 9.9999427795410156e-01 -9.5791940111666918e-04 
0.0000000000000000e+00 0.0000000000000000e+00 0.0000000000000000e+00 1.0000000000000000e+00 
Art-clockwise/0076.pcd
1.0000122785568237e+00 2.7168531232746318e-05 -1.5567607479169965e-03 2.7132856193929911e-03 
-2.8159691282780841e-05 1.0000140666961670e+00 4.3954503780696541e-05 -1.4699439634568989e-04 
1.5585416695103049e-03 -3.6453628126764670e-05 1.0000003576278687e+00 -7.4098788900300860e-04 
0.0000000000000000e+00 0.0000000000000000e+00 0.0000000000000000e+00 1.0000000000000000e+00 
Art-clockwise/0077.pcd
1.0000196695327759e+00 2.8474182727222797e-06 -5.5700174925732426e-06 5.4616905981674790e-04 
-4.2533406485745218e-06 1.0000020265579224e+00 9.5631196472822921e-07 -3.7661025999113917e-05 
5.9386416069173720e-06 5.1292367970745545e-06 1.0000170469284058e+00 6.2194994825404137e-05 
0.0000000000000000e+00 0.0000000000000000e+00 0.0000000000000000e+00 1.0000000000000000e+00 
Art-clockwise/0078.pcd
1.0000034570693970e+00 -2.0348647922219243e-06 9.0398168595129391e-07 -2.2413277474697679e-04 
2.0289830899855588e-06 1.0000065565109253e+00 -3.9898477552924305e-06 6.8206958530936390e-05 
-1.4688852161270916e-06 2.7289593163004611e-06 1.0000083446502686e+00 -3.4952252462971956e-05 
0.0000000000000000e+00 0.0000000000000000e+00 0.0000000000000000e+00 1.0000000000000000e+00 
Art-clockwise/0079.pcd
1.0000095367431641e+00 -3.0417400921578519e-05 4.2372783354949206e-05 -4.5434394851326942e-03 
3.0078865165705793e-05 1.0000051259994507e+00 -4.9211517762159929e-05 2.9915631785115693e-06 
-4.1194838559022173e-05 5.0713104428723454e-05 1.0000052452087402e+00 1.1020428501069546e-03 
0.0000000000000000e+00 0.0000000000000000e+00 0.0000000000000000e+00 1.0000000000000000e+00 
Art-clockwise/0080.pcd
1.0000051259994507e+00 1.1291814007563516e-04 -1.5640410128980875e-04 7.5547667220234871e-03 
-1.1347940017003566e-04 1.0000097751617432e+00 -9.8621676443144679e-06 -4.4065903057344258e-04 
1.5694201283622533e-04 1.6308207705151290e-05 1.0000016689300537e+00 6.4854818629100919e-04 
0.0000000000000000e+00 0.0000000000000000e+00 0.0000000000000000e+00 1.0000000000000000e+00 
Art-clockwise/0081.pcd
1.0000106096267700e+00 4.7442499635508284e-05 -1.5682355733588338e-03 4.8779146745800972e-03 
-4.7839108447078615e-05 1.0000033378601074e+00 7.2304159402847290e-05 -2.5641656247898936e-04 
1.5677585033699870e-03 -7.4690826295409352e-05 1.0000125169754028e+00 -1.6236546216532588e-03 
0.0000000000000000e+00 0.0000000000000000e+00 0.0000000000000000e+00 1.0000000000000000e+00 
Art-clockwise/0082.pcd
1.0000076293945312e+00 -1.4364358503371477e-04 1.9614410120993853e-04 -8.3281993865966797e-03 
1.4366547111421824e-04 1.0000116825103760e+00 4.6664157707709819e-05 5.1291909767314792e-04 
-1.9655530923046172e-04 -4.0794555388856679e-05 9.9999946355819702e-01 -1.0232625063508749e-03 
0.0000000000000000e+00 0.0000000000000000e+00 0.0000000000000000e+00 1.0000000000000000e+00 
Art-clockwise/0083.pcd
1.0000103712081909e+00 -1.1463558621471748e-05 2.2908006940269843e-05 -1.2516600545495749e-03 
1.1807719602074940e-05 1.0000013113021851e+00 2.4635305635456461e-06 -8.3720915426965803e-06 
-2.3691565729677677e-05 -3.1561178275296697e-06 1.0000036954879761e+00 -1.9032646378036588e-04 
0.0000000000000000e+00 0.0000000000000000e+00 0.0000000000000000e+00 1.0000000000000000e+00 
Art-clockwise/0084.pcd
1.0000097751617432e+00 -6.3408469941350631e-06 9.3948883659322746e-06 -1.0076054604724050e-03 
6.4867899709497578e-06 1.0000071525573730e+00 1.3884816780773690e-06 -4.3016225390601903e-05 
-8.8487604443798773e-06 -4.9093841880676337e-07 9.9999910593032837e-01 6.6487722506280988e-05 
0.0000000000000000e+00 0.0000000000000000e+00 0.0000000000000000e+00 1.0000000000000000e+00 
Art-clockwise/0085.pcd
9.9999946355819702e-01 -2.0791581846424378e-05 3.2313844712916762e-05 -3.1957761384546757e-03 
2.0960558686056174e-05 9.9999964237213135e-01 -3.1643496186006814e-05 -3.1093131838133559e-05 
-3.2554766221437603e-05 2.8796288461307995e-05 1.0000032186508179e+00 8.3462777547538280e-04 
0.0000000000000000e+00 0.0000000000000000e+00 0.0000000000000000e+00 1.0000000000000000e+00 
Art-clockwise/0086.pcd
1.0000078678131104e+00 4.4519212679006159e-05 -1.5908598434180021e-03 3.9035161025822163e-03 
-4.4845961383543909e-05 1.0000004768371582e+00 1.4915063729858957e-05 -6.1659375205636024e-05 
1.5905187465250492e-03 -1.5574212739011273e-05 1.0000140666961670e+00 -3.3029171754606068e-04 
0.0000000000000000e+00 0.0000000000000000e+00 0.0000000000000000e+00 1.0000000000000000e+00 
Art-clockwise/0087.pcd
1.0000066757202148e+00 -1.0529627616051584e-04 1.6502249054610729e-03 -1.0842657648026943e-02 
1.0571839811746031e-04 1.0000066757202148e+00 -6.6500164393801242e-05 5.1390507724136114e-04 
-1.6504426021128893e-03 6.9311921834014356e-05 9.9999743700027466e-01 1.6736480174586177e-03 
0.0000000000000000e+00 0.0000000000000000e+00 0.0000000000000000e+00 1.0000000000000000e+00 
Art-clockwise/0088.pcd
1.0000103712081909e+00 6.0119131376268342e-05 -2.8586975531652570e-04 4.8065525479614735e-03 
-6.0569767811102793e-05 1.0000070333480835e+00 3.1037194275995716e-05 -1.9083135703112930e-04 
2.8515569283626974e-04 -2.8976552130188793e-05 1.0000042915344238e+00 3.3241258934140205e-03 
0.0000000000000000e+00 0.0000000000000000e+00 0.0000000000000000e+00 1.0000000000000000e+00 
Art-clockwise/0089.pcd
1.0000218152999878e+00 -1.9458553288131952e-04 2.6693547260947526e-04 -1.0431248694658279e-02 
1.9397198047954589e-04 1.0000131130218506e+00 1.1436067870818079e-04 6.9521472323685884e-04 
-2.6574407820589840e-04 -1.1550363706192002e-04 1.0000168085098267e+00 -1.4723971253260970e-03 
0.0000000000000000e+00 0.0000000000000000e+00 0.0000000000000000e+00 1.0000000000000000e+00 
Art-clockwise/0090.pcd
1.0000007152557373e+00 -6.0890157328685746e-05 6.3899082306306809e-05 -6.8361270241439342e-03 
6.1162012571003288e-05 9.9999982118606567e-01 -1.9324996173963882e-05 1.2338922533672303e-04 
-6.3087034504860640e-05 1.8846494640456513e-05 9.9999696016311646e-01 4.9480673624202609e-04 
0.0000000000000000e+00 0.0000000000000000e+00 0.0000000000000000e+00 1.0000000000000000e+00 
Art-clockwise/0091.pcd
1.0000096559524536e+00 4.2689956899266690e-05 -2.5006800569826737e-05 4.8039113171398640e-03 
-4.3240524973953143e-05 1.0000082254409790e+00 5.5626089306315407e-05 2.2257814998738468e-04 
2.7483973099151626e-05 -5.0230104534421116e-05 1.0000089406967163e+00 -4.3259133235551417e-04 
0.0000000000000000e+00 0.0000000000000000e+00 0.0000000000000000e+00 1.0000000000000000e+00 
Art-clockwise/0092.pcd
1.0000129938125610e+00 2.4388633391936310e-05 -1.5918484423309565e-03 2.6712252292782068e-03 
-2.4028862753766589e-05 1.0000001192092896e+00 -2.4227767426054925e-05 1.3851719268132001e-04 
1.5906671760603786e-03 1.9886021618731320e-05 1.0000030994415283e+00 -4.1897801565937698e-06 
0.0000000000000000e+00 0.0000000000000000e+00 0.0000000000000000e+00 1.0000000000000000e+00 
Art-clockwise/0093.pcd
1.0000061988830566e+00 -1.1805172543972731e-03 -1.2272472959011793e-03 8.4638046100735664e-03 
1.1810028227046132e-03 1.0000014305114746e+00 -6.0383003437891603e-04 2.4792518466711044e-02 
1.2293641921132803e-03 6.0203066095709801e-04 1.0000020265579224e+00 2.1881308406591415e-02 
0.0000000000000000e+00 0.0000000000000000e+00 0.0000000000000000e+00 1.0000000000000000e+00 
Art-clockwise/0094.pcd
1.0000023841857910e+00 4.8733742005424574e-05 -1.2573016647365876e-05 5.1411790773272514e-03 
-4.8567373596597463e-05 1.0000075101852417e+00 3.9997197745833546e-05 3.0104361940175295e-04 
1.4103519788477570e-05 -3.9540460420539603e-05 1.0000041723251343e+00 2.5338886189274490e-04 
0.0000000000000000e+00 0.0000000000000000e+00 0.0000000000000000e+00 1.0000000000000000e+00 
Art-clockwise/0095.pcd
1.0000157356262207e+00 -8.5002939158584923e-06 -1.5223781701934058e-06 -7.2242686292156577e-04 
7.3858304858731572e-06 1.0000071525573730e+00 -5.2144227993267123e-06 1.2905776202387642e-05 
3.3971271022892324e-06 7.2562302193546202e-06 1.0000077486038208e+00 3.4952117857756093e-05 
0.0000000000000000e+00 0.0000000000000000e+00 0.0000000000000000e+00 1.0000000000000000e+00 
Art-clockwise/0096.pcd
1.0000178813934326e+00 -1.6638116212561727e-03 3.1261512776836753e-04 -2.3345910012722015e-02 
1.6629619058221579e-03 1.0000102519989014e+00 -1.8966593779623508e-04 2.3695740848779678e-02 
-3.1310552731156349e-04 1.9403526675887406e-04 1.0000047683715820e+00 2.5758119300007820e-03 
0.0000000000000000e+00 0.0000000000000000e+00 0.0000000000000000e+00 1.0000000000000000e+00 
Art-clockwise/0097.pcd
1.0000169277191162e+00 -1.7294115386903286e-03 2.1997083968017250e-04 -3.1001690775156021e-02 
1.7290640389546752e-03 1.0000152587890625e+00 -1.8825582810677588e-04 2.3896533995866776e-02 
-2.1823677525389940e-04 1.9364315085113049e-04 1.0000089406967163e+00 8.1651760265231133e-03 
0.0000000000000000e+00 0.0000000000000000e+00 0.0000000000000000e+00 1.0000000000000000e+00 
Art-clockwise/0098.pcd
1.0000067949295044e+00 -2.3118910030461848e-04 2.8056208975613117e-04 -1.1047913692891598e-02 
2.3139305994845927e-04 1.0000063180923462e+00 -2.1732642780989408e-03 2.6375576853752136e-02 
-2.7850479818880558e-04 2.1762459073215723e-03 1.0000019073486328e+00 1.1873915791511536e-02 
0.0000000000000000e+00 0.0000000000000000e+00 0.0000000000000000e+00 1.0000000000000000e+00 
Art-clockwise/0099.pcd
1.0000109672546387e+00 -6.5732827351894230e-05 1.2747667824442033e-05 -4.9517569132149220e-03 
6.4719970396254212e-05 1.0000123977661133e+00 -2.2321841242955998e-05 -4.5153970859246328e-05 
-1.1089831787103321e-05 3.2957097573671490e-05 1.0000032186508179e+00 -3.4899261663667858e-04 
0.0000000000000000e+00 0.0000000000000000e+00 0.0000000000000000e+00 1.0000000000000000e+00 
Art-clockwise/0100.pcd
