Art-clockwise-fast/0000.pcd
-1.7312546074390411e-01 -3.7522906064987183e-01 9.1062104701995850e-01 0.0000000000000000e+00 
3.4182137250900269e-01 8.4422093629837036e-01 4.1285476088523865e-01 0.0000000000000000e+00 
-9.2368054389953613e-01 3.8274541497230530e-01 -1.7894819378852844e-02 0.0000000000000000e+00 
0.0000000000000000e+00 0.0000000000000000e+00 0.0000000000000000e+00 1.0000000000000000e+00 
Art-clockwise-fast/0001.pcd
-8.6999580264091492e-02 2.3449681699275970e-01 9.6822518110275269e-01 -8.7591130286455154e-03 
7.2158354520797729e-01 6.8491590023040771e-01 -1.0104434192180634e-01 -1.4377746265381575e-04 
-6.8683725595474243e-01 6.8985682725906372e-01 -2.2879225015640259e-01 2.8668439481407404e-03 
0.0000000000000000e+00 0.0000000000000000e+00 0.0000000000000000e+00 1.0000000000000000e+00 
Art-clockwise-fast/0002.pcd
-2.0402304828166962e-01 -2.1473386883735657e-01 9.5513021945953369e-01 6.2962151132524014e-03 
4.5258924365043640e-01 8.4443444013595581e-01 2.8652340173721313e-01 3.6837083753198385e-03 
-8.6806529760360718e-01 4.9073618650436401e-01 -7.5096897780895233e-02 -4.8110093921422958e-03 
0.0000000000000000e+00 0.0000000000000000e+00 0.0000000000000000e+00 1.0000000000000000e+00 
Art-clockwise-fast/0003.pcd
2.2095379233360291e-01 4.0544798970222473e-01 -8.8700199127197266e-01 1.2818712741136551e-02 
-2.6545801758766174e-01 9.0014100074768066e-01 3.4532862901687622e-01 -1.5706935664638877e-03 
9.3846052885055542e-01 1.5915836393833160e-01 3.0652397871017456e-01 -8.7442025542259216e-03 
0.0000000000000000e+00 0.0000000000000000e+00 0.0000000000000000e+00 1.0000000000000000e+00 
Art-clockwise-fast/0004.pcd
-1.3382214307785034e-01 1.4708660542964935e-01 9.8001903295516968e-01 1.2226209975779057e-02 
6.7571473121643066e-01 7.3692137002944946e-01 -1.8331585451960564e-02 2.2240070393308997e-04 
-7.2490930557250977e-01 6.5977048873901367e-01 -1.9800804555416107e-01 -8.2088625058531761e-03 
0.0000000000000000e+00 0.0000000000000000e+00 0.0000000000000000e+00 1.0000000000000000e+00 
Art-clockwise-fast/0005.pcd
1.9091664254665375e-01 -7.4312597513198853e-01 6.4136463403701782e-01 1.0436578653752804e-02 
5.3169433027505875e-02 6.6024547815322876e-01 7.4917429685592651e-01 -1.1588979978114367e-03 
-9.8016673326492310e-01 -1.0892659425735474e-01 1.6556242108345032e-01 -6.8282536230981350e-03 
0.0000000000000000e+00 0.0000000000000000e+00 0.0000000000000000e+00 1.0000000000000000e+00 
Art-clockwise-fast/0006.pcd
-5.9355854988098145e-02 2.7554681897163391e-01 9.5947647094726562e-01 -7.6950709335505962e-03 
7.4123698472976685e-01 6.5596437454223633e-01 -1.4252811670303345e-01 -1.4758928446099162e-03 
-6.6862273216247559e-01 7.0271509885787964e-01 -2.4316893517971039e-01 2.0437547937035561e-03 
0.0000000000000000e+00 0.0000000000000000e+00 0.0000000000000000e+00 1.0000000000000000e+00 
Art-clockwise-fast/0007.pcd
3.7944132089614868e-01 -1.1094593256711960e-01 -9.1851830482482910e-01 -2.1594474092125893e-02 
-8.6019384860992432e-01 3.2327359914779663e-01 -3.9439657330513000e-01 -5.6196125224232674e-03 
3.4069743752479553e-01 9.3977469205856323e-01 2.7230452746152878e-02 2.7768018189817667e-03 
0.0000000000000000e+00 0.0000000000000000e+00 0.0000000000000000e+00 1.0000000000000000e+00 
Art-clockwise-fast/0008.pcd
5.8606374263763428e-01 -7.2304970026016235e-01 3.6568054556846619e-01 -3.1820107251405716e-02 
8.2566253840923309e-03 4.5661601424217224e-01 8.8962161540985107e-01 4.7791441902518272e-03 
-8.1022387742996216e-01 -5.1836073398590088e-01 2.7357673645019531e-01 -7.0221568457782269e-03 
0.0000000000000000e+00 0.0000000000000000e+00 0.0000000000000000e+00 1.0000000000000000e+00 
Art-clockwise-fast/0009.pcd
-6.9527581334114075e-02 -5.6465953588485718e-01 8.2237702608108521e-01 8.7282191962003708e-03 
2.0285519957542419e-01 7.9914391040802002e-01 5.6585866212844849e-01 -5.9652666095644236e-04 
-9.7672909498214722e-01 2.0616643130779266e-01 5.8981198817491531e-02 -9.9099837243556976e-03 
0.0000000000000000e+00 0.0000000000000000e+00 0.0000000000000000e+00 1.0000000000000000e+00 
Art-clockwise-fast/0010.pcd
2.0424288511276245e-01 5.0794863700866699e-01 8.3682274818420410e-01 1.0523982346057892e-02 
8.1054139137268066e-01 3.9158934354782104e-01 -4.3552199006080627e-01 1.4495500363409519e-03 
-5.4891473054885864e-01 7.6723265647888184e-01 -3.3173459768295288e-01 -8.0741951242089272e-03 
0.0000000000000000e+00 0.0000000000000000e+00 0.0000000000000000e+00 1.0000000000000000e+00 
Art-clockwise-fast/0011.pcd
1.5998840332031250e-01 7.9981774091720581e-02 -9.8387080430984497e-01 1.0325226932764053e-02 
-7.1572524309158325e-01 6.9580763578414917e-01 -5.9820771217346191e-02 -1.6132518649101257e-03 
6.7980504035949707e-01 7.1375483274459839e-01 1.6856724023818970e-01 -4.0712058544158936e-03 
0.0000000000000000e+00 0.0000000000000000e+00 0.0000000000000000e+00 1.0000000000000000e+00 
Art-clockwise-fast/0012.pcd
7.2705435752868652e-01 -9.3202464282512665e-02 -6.8024098873138428e-01 3.8200351409614086e-03 
-6.8653267621994019e-01 -1.1253999918699265e-01 -7.1835982799530029e-01 2.0967696036677808e-04 
-9.6033802255988121e-03 9.8926639556884766e-01 -1.4580878615379333e-01 -5.2970964461565018e-03 
0.0000000000000000e+00 0.0000000000000000e+00 0.0000000000000000e+00 1.0000000000000000e+00 
Art-clockwise-fast/0013.pcd
7.1443545818328857e-01 5.6272459030151367e-01 4.1584998369216919e-01 4.1357493028044701e-03 
5.6455636024475098e-01 -1.1249269545078278e-01 -8.1769138574600220e-01 8.9869217481464148e-04 
-4.1335463523864746e-01 8.1895679235458374e-01 -3.9805707335472107e-01 -2.6725865900516510e-03 
0.0000000000000000e+00 0.0000000000000000e+00 0.0000000000000000e+00 1.0000000000000000e+00 
Art-clockwise-fast/0014.pcd
9.5461320877075195e-01 2.1040260791778564e-01 -2.1090041100978851e-01 -6.1624879017472267e-03 
-1.2496776133775711e-01 -3.5982421040534973e-01 -9.2461979389190674e-01 -2.5746668688952923e-03 
-2.7042216062545776e-01 9.0898799896240234e-01 -3.1719613075256348e-01 8.6071895202621818e-04 
0.0000000000000000e+00 0.0000000000000000e+00 0.0000000000000000e+00 1.0000000000000000e+00 
Art-clockwise-fast/0015.pcd
8.6771380901336670e-01 1.3419670052826405e-02 -4.9688887596130371e-01 -1.7106911167502403e-02 
-4.7540149092674255e-01 -2.6953062415122986e-01 -8.3746969699859619e-01 -2.9787127859890461e-03 
-1.4516471326351166e-01 9.6289908885955811e-01 -2.2749532759189606e-01 3.8106951396912336e-03 
0.0000000000000000e+00 0.0000000000000000e+00 0.0000000000000000e+00 1.0000000000000000e+00 
Art-clockwise-fast/0016.pcd
9.5580762624740601e-01 2.5127863883972168e-01 -1.5261052548885345e-01 -3.0773462727665901e-02 
-5.3889296948909760e-02 -3.6055529117584229e-01 -9.3117898702621460e-01 -3.4296882804483175e-03 
-2.8900992870330811e-01 8.9825230836868286e-01 -3.3107995986938477e-01 3.6441090051084757e-03 
0.0000000000000000e+00 0.0000000000000000e+00 0.0000000000000000e+00 1.0000000000000000e+00 
Art-clockwise-fast/0017.pcd
8.2230848073959351e-01 -5.4708665609359741e-01 1.5645891427993774e-01 -3.0880032107234001e-02 
6.2478162348270416e-02 3.6010611057281494e-01 9.3080610036849976e-01 1.9920053891837597e-03 
-5.6558823585510254e-01 -7.5565451383590698e-01 3.3030393719673157e-01 -9.1949477791786194e-03 
0.0000000000000000e+00 0.0000000000000000e+00 0.0000000000000000e+00 1.0000000000000000e+00 
Art-clockwise-fast/0018.pcd
1.6546612977981567e-01 -7.3427700996398926e-01 6.5838742256164551e-01 1.6037074849009514e-02 
6.2054451555013657e-02 6.7401188611984253e-01 7.3610752820968628e-01 1.5055392868816853e-03 
-9.8426926136016846e-01 -8.0945640802383423e-02 1.5708804130554199e-01 -7.5612654909491539e-03 
0.0000000000000000e+00 0.0000000000000000e+00 0.0000000000000000e+00 1.0000000000000000e+00 
Art-clockwise-fast/0019.pcd
3.9239746332168579e-01 5.7950073480606079e-01 7.1427750587463379e-01 9.6577899530529976e-03 
7.7732920646667480e-01 2.0620444416999817e-01 -5.9433108568191528e-01 1.6784612089395523e-03 
-4.9171015620231628e-01 7.8845363855361938e-01 -3.6955407261848450e-01 -6.1409724876284599e-03 
0.0000000000000000e+00 0.0000000000000000e+00 0.0000000000000000e+00 1.0000000000000000e+00 
Art-clockwise-fast/0020.pcd
3.7499946355819702e-01 -1.1011806130409241e-01 -9.2046231031417847e-01 3.7540677003562450e-03 
-8.6017096042633057e-01 3.2889828085899353e-01 -3.8978382945060730e-01 5.6222407147288322e-04 
3.4565573930740356e-01 9.3791401386260986e-01 2.8614036738872528e-02 -2.3885108530521393e-03 
0.0000000000000000e+00 0.0000000000000000e+00 0.0000000000000000e+00 1.0000000000000000e+00 
Art-clockwise-fast/0021.pcd
6.2791389226913452e-01 -1.2667548656463623e-01 -7.6790511608123779e-01 2.6752506382763386e-03 
-7.7383697032928467e-01 3.7053267005831003e-03 -6.3337564468383789e-01 -9.5048733055591583e-04 
8.3077959716320038e-02 9.9193727970123291e-01 -9.5699921250343323e-02 -4.1752657853066921e-03 
0.0000000000000000e+00 0.0000000000000000e+00 0.0000000000000000e+00 1.0000000000000000e+00 
Art-clockwise-fast/0022.pcd
1.4326266944408417e-01 2.7774637937545776e-01 -9.4991248846054077e-01 9.6525065600872040e-04 
-4.7505155205726624e-01 8.6131173372268677e-01 1.8019460141658783e-01 -2.9565673321485519e-04 
8.6821651458740234e-01 4.2544168233871460e-01 2.5533673167228699e-01 -5.9721362777054310e-04 
0.0000000000000000e+00 0.0000000000000000e+00 0.0000000000000000e+00 1.0000000000000000e+00 
Art-clockwise-fast/0023.pcd
5.7745063304901123e-01 -1.3489378988742828e-01 -8.0519813299179077e-01 8.1358794122934341e-03 
-8.0574446916580200e-01 6.4845800399780273e-02 -5.8870619535446167e-01 1.6159339575096965e-03 
1.3162150979042053e-01 9.8872822523117065e-01 -7.1250043809413910e-02 -4.5651658438146114e-03 
0.0000000000000000e+00 0.0000000000000000e+00 0.0000000000000000e+00 1.0000000000000000e+00 
Art-clockwise-fast/0024.pcd
8.7676346302032471e-01 2.4403579533100128e-01 -4.1440615057945251e-01 7.6104965992271900e-03 
2.4196223914623260e-01 5.2084672451019287e-01 8.1863898038864136e-01 -4.8745684325695038e-03 
4.1562002897262573e-01 -8.1802523136138916e-01 3.9761227369308472e-01 -1.1664252728223801e-02 
0.0000000000000000e+00 0.0000000000000000e+00 0.0000000000000000e+00 1.0000000000000000e+00 
Art-clockwise-fast/0025.pcd
8.6273735761642456e-01 2.6449587941169739e-01 -4.3098595738410950e-01 -3.2780561596155167e-02 
2.4009463191032410e-01 5.3585708141326904e-01 8.0947059392929077e-01 1.5634857118129730e-03 
4.4503679871559143e-01 -8.0180150270462036e-01 3.9879143238067627e-01 5.7639358565211296e-03 
0.0000000000000000e+00 0.0000000000000000e+00 0.0000000000000000e+00 1.0000000000000000e+00 
Art-clockwise-fast/0026.pcd
3.2500308752059937e-01 5.6186580657958984e-01 7.6070648431777954e-01 -1.0939243249595165e-02 
7.9597288370132446e-01 2.7184692025184631e-01 -5.4085922241210938e-01 3.3054605592042208e-03 
-5.1068747043609619e-01 7.8128731250762939e-01 -3.5888138413429260e-01 3.7087784148752689e-03 
0.0000000000000000e+00 0.0000000000000000e+00 0.0000000000000000e+00 1.0000000000000000e+00 
Art-clockwise-fast/0027.pcd
9.1740578413009644e-01 1.7065250873565674e-01 -3.5947087407112122e-01 8.3618685603141785e-03 
2.4195839464664459e-01 4.7794586420059204e-01 8.4439712762832642e-01 1.3293561642058194e-04 
3.1590929627418518e-01 -8.6165022850036621e-01 3.9718067646026611e-01 -8.7502906098961830e-03 
0.0000000000000000e+00 0.0000000000000000e+00 0.0000000000000000e+00 1.0000000000000000e+00 
Art-clockwise-fast/0028.pcd
8.6509114503860474e-01 2.6158612966537476e-01 -4.2804807424545288e-01 -4.9506612122058868e-03 
2.4035686254501343e-01 5.3282964229583740e-01 8.1138634681701660e-01 8.1294598057866096e-03 
4.4031557440757751e-01 -8.0478441715240479e-01 3.9806354045867920e-01 -8.8848350569605827e-03 
0.0000000000000000e+00 0.0000000000000000e+00 0.0000000000000000e+00 1.0000000000000000e+00 
Art-clockwise-fast/0029.pcd
6.3670700788497925e-01 4.5342063903808594e-01 -6.2371474504470825e-01 -3.0444968491792679e-02 
1.5531635284423828e-01 7.1686893701553345e-01 6.7969268560409546e-01 -9.2056888388469815e-04 
7.5530713796615601e-01 -5.2963876724243164e-01 3.8601103425025940e-01 3.2879640348255634e-03 
0.0000000000000000e+00 0.0000000000000000e+00 0.0000000000000000e+00 1.0000000000000000e+00 
Art-clockwise-fast/0030.pcd
1.5548488497734070e-01 9.2854067683219910e-02 -9.8346656560897827e-01 -2.5091048330068588e-02 
-7.0278257131576538e-01 7.1004545688629150e-01 -4.4070247560739517e-02 -3.2747290097177029e-03 
6.9420754909515381e-01 6.9801241159439087e-01 1.7565605044364929e-01 2.3105046711862087e-03 
0.0000000000000000e+00 0.0000000000000000e+00 0.0000000000000000e+00 1.0000000000000000e+00 
Art-clockwise-fast/0031.pcd
-1.5824710950255394e-02 3.3053275942802429e-01 9.4367486238479614e-01 -1.1208737269043922e-02 
7.6570147275924683e-01 6.1095231771469116e-01 -2.0115263760089874e-01 2.1302704699337482e-03 
-6.4302331209182739e-01 7.1938377618789673e-01 -2.6275590062141418e-01 3.2993208151310682e-03 
0.0000000000000000e+00 0.0000000000000000e+00 0.0000000000000000e+00 1.0000000000000000e+00 
Art-clockwise-fast/0032.pcd
7.6848566532135010e-01 -6.0399836301803589e-01 2.1121336519718170e-01 -6.1770589090883732e-03 
4.3409679085016251e-02 3.7854844331741333e-01 9.2458230257034302e-01 -2.5292120408266783e-03 
-6.3839322328567505e-01 -7.0134991407394409e-01 3.1712564826011658e-01 2.7913050726056099e-03 
0.0000000000000000e+00 0.0000000000000000e+00 0.0000000000000000e+00 1.0000000000000000e+00 
Art-clockwise-fast/0033.pcd
9.7503352165222168e-01 -3.2903525978326797e-02 -2.1966582536697388e-01 -1.6828129068017006e-02 
2.1472291648387909e-01 3.9266175031661987e-01 8.9427793025970459e-01 -2.3662911262363195e-03 
5.6831303983926773e-02 -9.1910398006439209e-01 3.8992092013359070e-01 1.9645243883132935e-03 
0.0000000000000000e+00 0.0000000000000000e+00 0.0000000000000000e+00 1.0000000000000000e+00 
Art-clockwise-fast/0034.pcd
9.7946149110794067e-01 -9.6526898443698883e-02 -1.7702050507068634e-01 -9.8917894065380096e-03 
2.0051428675651550e-01 3.7417456507682800e-01 9.0542131662368774e-01 1.4886722201481462e-03 
-2.1161055192351341e-02 -9.2232161760330200e-01 3.8584509491920471e-01 1.5727472491562366e-03 
0.0000000000000000e+00 0.0000000000000000e+00 0.0000000000000000e+00 1.0000000000000000e+00 
Art-clockwise-fast/0035.pcd
5.5954688787460327e-01 -1.3580992817878723e-01 -8.1762325763702393e-01 -3.0998897273093462e-03 
-8.1531417369842529e-01 8.7105251848697662e-02 -5.7243245840072632e-01 -6.0664169723168015e-04 
1.4895397424697876e-01 9.8690360784530640e-01 -6.1994653195142746e-02 -5.1421241369098425e-04 
0.0000000000000000e+00 0.0000000000000000e+00 0.0000000000000000e+00 1.0000000000000000e+00 
Art-clockwise-fast/0036.pcd
9.5613533258438110e-01 2.3516015708446503e-01 -1.7475405335426331e-01 4.6910671517252922e-03 
-8.0945387482643127e-02 -3.6123549938201904e-01 -9.2898106575012207e-01 1.0419279569759965e-03 
-2.8157711029052734e-01 9.0234541893005371e-01 -3.2634738087654114e-01 -5.9774867258965969e-03 
0.0000000000000000e+00 0.0000000000000000e+00 0.0000000000000000e+00 1.0000000000000000e+00 
Art-clockwise-fast/0037.pcd
-1.8936084210872650e-01 -1.7088446766138077e-02 9.8178136348724365e-01 3.3297224435955286e-03 
5.7976645231246948e-01 8.0500626564025879e-01 1.2583221495151520e-01 -1.5047226333990693e-03 
-7.9248619079589844e-01 5.9303170442581177e-01 -1.4252726733684540e-01 -4.8510693013668060e-03 
0.0000000000000000e+00 0.0000000000000000e+00 0.0000000000000000e+00 1.0000000000000000e+00 
Art-clockwise-fast/0038.pcd
1.5839415788650513e-01 3.1950464844703674e-01 -9.3425321578979492e-01 5.7808356359601021e-03 
-4.1251346468925476e-01 8.8107591867446899e-01 2.3138114809989929e-01 -4.6722195111215115e-03 
8.9691138267517090e-01 3.4841781854629517e-01 2.7230325341224670e-01 -1.3359496369957924e-02 
0.0000000000000000e+00 0.0000000000000000e+00 0.0000000000000000e+00 1.0000000000000000e+00 
Art-clockwise-fast/0039.pcd
5.6116938591003418e-01 4.7977930307388306e-01 -6.7446744441986084e-01 -1.0684595908969641e-03 
1.0687196254730225e-01 7.6604604721069336e-01 6.3384276628494263e-01 6.0852337628602982e-03 
8.2077240943908691e-01 -4.2777052521705627e-01 3.7860426306724548e-01 8.3913456182926893e-04 
0.0000000000000000e+00 0.0000000000000000e+00 0.0000000000000000e+00 1.0000000000000000e+00 
Art-clockwise-fast/0040.pcd
7.1833187341690063e-01 -6.4638161659240723e-01 2.5726312398910522e-01 -1.2323764152824879e-02 
3.0455866828560829e-02 3.9865490794181824e-01 9.1659104824066162e-01 1.1222338303923607e-02 
-6.9503688812255859e-01 -6.5059131383895874e-01 3.0605563521385193e-01 -4.3148934491910040e-04 
0.0000000000000000e+00 0.0000000000000000e+00 0.0000000000000000e+00 1.0000000000000000e+00 
Art-clockwise-fast/0041.pcd
9.1433727741241455e-01 -4.0320619940757751e-01 3.7621360272169113e-02 -1.5446011908352375e-02 
1.1046080291271210e-01 3.3770570158958435e-01 9.3474870920181274e-01 -4.9316356889903545e-03 
-3.8960039615631104e-01 -8.5051763057708740e-01 3.5331448912620544e-01 -3.1192116439342499e-03 
0.0000000000000000e+00 0.0000000000000000e+00 0.0000000000000000e+00 1.0000000000000000e+00 
Art-clockwise-fast/0042.pcd
9.7700774669647217e-01 -5.1313742995262146e-02 -2.0694936811923981e-01 -1.5884410589933395e-02 
2.1047073602676392e-01 3.8733744621276855e-01 8.9759242534637451e-01 1.2403960339725018e-02 
3.4101188182830811e-02 -9.2050981521606445e-01 3.8923031091690063e-01 -7.0747849531471729e-03 
0.0000000000000000e+00 0.0000000000000000e+00 0.0000000000000000e+00 1.0000000000000000e+00 
Art-clockwise-fast/0043.pcd
3.7358242273330688e-01 5.7592070102691650e-01 7.2715973854064941e-01 -1.8588919192552567e-02 
7.8411424160003662e-01 2.2275516390800476e-01 -5.7926815748214722e-01 1.4443092979490757e-02 
-4.9558678269386292e-01 7.8657430410385132e-01 -3.6836716532707214e-01 4.2393598705530167e-03 
0.0000000000000000e+00 0.0000000000000000e+00 0.0000000000000000e+00 1.0000000000000000e+00 
Art-clockwise-fast/0044.pcd
9.6920400857925415e-01 -2.3131543397903442e-01 -8.4467940032482147e-02 4.3790865689516068e-02 
1.6328811645507812e-01 3.4692317247390747e-01 9.2355728149414062e-01 4.3037347495555878e-02 
-1.8432956933975220e-01 -9.0891277790069580e-01 3.7401342391967773e-01 -1.2724602594971657e-02 
0.0000000000000000e+00 0.0000000000000000e+00 0.0000000000000000e+00 1.0000000000000000e+00 
Art-clockwise-fast/0045.pcd
7.7999120950698853e-01 3.5897684097290039e-01 -5.1260083913803101e-01 -1.9850205630064011e-02 
2.2038649022579193e-01 6.0907113552093506e-01 7.6188379526138306e-01 1.1047055013477802e-02 
5.8570569753646851e-01 -7.0722943544387817e-01 3.9595362544059753e-01 -1.5609841793775558e-02 
0.0000000000000000e+00 0.0000000000000000e+00 0.0000000000000000e+00 1.0000000000000000e+00 
Art-clockwise-fast/0046.pcd
6.2661188840866089e-01 4.5750287175178528e-01 -6.3094472885131836e-01 -9.1645233333110809e-03 
1.4495262503623962e-01 7.2701418399810791e-01 6.7113816738128662e-01 5.7331342250108719e-02 
7.7044284343719482e-01 -5.0849980115890503e-01 3.8442891836166382e-01 -3.0879415571689606e-02 
0.0000000000000000e+00 0.0000000000000000e+00 0.0000000000000000e+00 1.0000000000000000e+00 
Art-clockwise-fast/0047.pcd
7.3531180620193481e-01 5.5444931983947754e-01 3.8974618911743164e-01 2.5678243488073349e-02 
5.4091322422027588e-01 -1.3363525271415710e-01 -8.3040100336074829e-01 6.4373560249805450e-02 
-4.0832656621932983e-01 8.2141530513763428e-01 -3.9817106723785400e-01 9.0186549350619316e-03 
0.0000000000000000e+00 0.0000000000000000e+00 0.0000000000000000e+00 1.0000000000000000e+00 
Art-clockwise-fast/0048.pcd
7.7942013740539551e-01 3.6063736677169800e-01 -5.1230049133300781e-01 2.1203871816396713e-02 
2.1909026801586151e-01 6.0918307304382324e-01 7.6216584444046021e-01 5.3682047873735428e-02 
5.8694994449615479e-01 -7.0628678798675537e-01 3.9579749107360840e-01 -1.1096427217125893e-02 
0.0000000000000000e+00 0.0000000000000000e+00 0.0000000000000000e+00 1.0000000000000000e+00 
Art-clockwise-fast/0049.pcd
7.3938316106796265e-01 3.9274120330810547e-01 -5.4690790176391602e-01 -2.5488307699561119e-02 
2.0080153644084930e-01 6.4665371179580688e-01 7.3588502407073975e-01 7.8565821051597595e-02 
6.4877367019653320e-01 -6.5058481693267822e-01 3.9465993642807007e-01 -1.2661701068282127e-02 
0.0000000000000000e+00 0.0000000000000000e+00 0.0000000000000000e+00 1.0000000000000000e+00 
Art-clockwise-fast/0050.pcd
-8.8266409933567047e-02 2.3192121088504791e-01 9.6871340274810791e-01 1.0408408008515835e-02 
7.1991235017776489e-01 6.8698185682296753e-01 -9.8874494433403015e-02 9.9813267588615417e-02 
-6.8842744827270508e-01 6.8866789340972900e-01 -2.2760315239429474e-01 2.4503650143742561e-02 
0.0000000000000000e+00 0.0000000000000000e+00 0.0000000000000000e+00 1.0000000000000000e+00 
Art-clockwise-fast/0051.pcd
5.6674283742904663e-01 4.8004147410392761e-01 -6.6958755254745483e-01 1.0298087261617184e-02 
1.0906731337308884e-01 7.6185226440429688e-01 6.3850224018096924e-01 1.1173218488693237e-01 
8.1664013862609863e-01 -4.3490004539489746e-01 3.7942028045654297e-01 6.3280090689659119e-03 
0.0000000000000000e+00 0.0000000000000000e+00 0.0000000000000000e+00 1.0000000000000000e+00 
Art-clockwise-fast/0052.pcd
2.8014165163040161e-01 -5.9097036719322205e-02 -9.5813870429992676e-01 1.4409391209483147e-02 
-8.4082126617431641e-01 4.6648392081260681e-01 -2.7461248636245728e-01 1.1730824410915375e-01 
4.6318465471267700e-01 8.8255327939987183e-01 8.0991357564926147e-02 -1.1971808271482587e-04 
0.0000000000000000e+00 0.0000000000000000e+00 0.0000000000000000e+00 1.0000000000000000e+00 
Art-clockwise-fast/0053.pcd
6.8749994039535522e-01 4.2920511960983276e-01 -5.8577328920364380e-01 1.8768576905131340e-02 
1.7918543517589569e-01 6.8143838644027710e-01 7.0960342884063721e-01 1.2732602655887604e-01 
7.0373117923736572e-01 -5.9281235933303833e-01 3.9157992601394653e-01 1.8702492117881775e-02 
0.0000000000000000e+00 0.0000000000000000e+00 0.0000000000000000e+00 1.0000000000000000e+00 
Art-clockwise-fast/0054.pcd
9.7675031423568726e-01 -1.7968951165676117e-01 -1.1702340096235275e-01 3.6982785910367966e-02 
1.7499546706676483e-01 3.5265216231346130e-01 9.1925323009490967e-01 1.2374584376811981e-01 
-1.2964792549610138e-01 -9.1726410388946533e-01 3.7657991051673889e-01 1.6838952898979187e-02 
0.0000000000000000e+00 0.0000000000000000e+00 0.0000000000000000e+00 1.0000000000000000e+00 
Art-clockwise-fast/0055.pcd
3.6669853329658508e-01 -7.6786184310913086e-01 5.2529788017272949e-01 1.1610453948378563e-02 
8.5577219724655151e-03 5.6738829612731934e-01 8.2341337203979492e-01 1.1931129544973373e-01 
-9.3031144142150879e-01 -2.9744836688041687e-01 2.1462944149971008e-01 1.2007202894892544e-04 
0.0000000000000000e+00 0.0000000000000000e+00 0.0000000000000000e+00 1.0000000000000000e+00 
Art-clockwise-fast/0056.pcd
2.0466838032007217e-02 3.6900290846824646e-01 9.2919433116912842e-01 1.7707325518131256e-02 
7.8014993667602539e-01 5.7533997297286987e-01 -2.4566277861595154e-01 1.3576939702033997e-01 
-6.2525391578674316e-01 7.2994399070739746e-01 -2.7610397338867188e-01 1.9859446212649345e-02 
0.0000000000000000e+00 0.0000000000000000e+00 0.0000000000000000e+00 1.0000000000000000e+00 
Art-clockwise-fast/0057.pcd
-2.0076097920536995e-02 -6.1555355787277222e-01 7.8783357143402100e-01 2.8432050719857216e-02 
1.5442995727062225e-01 7.7662914991378784e-01 6.1073148250579834e-01 1.6051816940307617e-01 
-9.8778253793716431e-01 1.3420125842094421e-01 7.9117648303508759e-02 -1.0808580555021763e-02 
0.0000000000000000e+00 0.0000000000000000e+00 0.0000000000000000e+00 1.0000000000000000e+00 
Art-clockwise-fast/0058.pcd
7.3821461200714111e-01 -6.3073211908340454e-01 2.3919355869293213e-01 3.1662122346460819e-03 
3.1593754887580872e-02 3.8652744889259338e-01 9.2172992229461670e-01 1.7206549644470215e-01 
-6.7382276058197021e-01 -6.7288058996200562e-01 3.0527061223983765e-01 -1.4457574114203453e-02 
0.0000000000000000e+00 0.0000000000000000e+00 0.0000000000000000e+00 1.0000000000000000e+00 
Art-clockwise-fast/0059.pcd
3.9445024728775024e-01 4.8823612928390503e-01 -7.7848267555236816e-01 2.9790392145514488e-03 
-2.7624841779470444e-02 8.5309362411499023e-01 5.2103239297866821e-01 2.0112791657447815e-01 
9.1845285892486572e-01 -1.8407544493675232e-01 3.5008582472801208e-01 -5.0787976942956448e-03 
0.0000000000000000e+00 0.0000000000000000e+00 0.0000000000000000e+00 1.0000000000000000e+00 
Art-clockwise-fast/0060.pcd
5.8530491590499878e-01 4.7183766961097717e-01 -6.5938889980316162e-01 -4.0468410588800907e-03 
1.2729303538799286e-01 7.4968475103378296e-01 6.4944058656692505e-01 2.2162880003452301e-01 
8.0168235301971436e-01 -4.6329665184020996e-01 3.7771159410476685e-01 6.1704311519861221e-03 
0.0000000000000000e+00 0.0000000000000000e+00 0.0000000000000000e+00 1.0000000000000000e+00 
Art-clockwise-fast/0061.pcd
9.0336489677429199e-01 1.9900652766227722e-01 -3.7990841269493103e-01 1.3449156656861305e-02 
2.4486984312534332e-01 4.8791673779487610e-01 8.3784216642379761e-01 2.1694317460060120e-01 
3.5243818163871765e-01 -8.4983038902282715e-01 3.9190128445625305e-01 -9.1969771310687065e-03 
0.0000000000000000e+00 0.0000000000000000e+00 0.0000000000000000e+00 1.0000000000000000e+00 
Art-clockwise-fast/0062.pcd
6.7358732223510742e-01 -6.7769324779510498e-01 2.9500812292098999e-01 9.0991323813796043e-03 
1.9635761156678200e-02 4.1540461778640747e-01 9.0943199396133423e-01 2.3658838868141174e-01 
-7.3898738622665405e-01 -6.0664945840835571e-01 2.9305726289749146e-01 1.3186098076403141e-02 
0.0000000000000000e+00 0.0000000000000000e+00 0.0000000000000000e+00 1.0000000000000000e+00 
Art-clockwise-fast/0063.pcd
-1.8240541219711304e-01 8.8693965226411819e-03 9.8317271471023560e-01 1.4245009049773216e-02 
5.9705126285552979e-01 7.9547452926635742e-01 1.0359256714582443e-01 2.5212907791137695e-01 
-7.8128582239151001e-01 6.0591614246368408e-01 -1.4981019496917725e-01 2.0729592069983482e-02 
0.0000000000000000e+00 0.0000000000000000e+00 0.0000000000000000e+00 1.0000000000000000e+00 
Art-clockwise-fast/0064.pcd
1.7564997076988220e-02 -6.5215551853179932e-01 7.5788789987564087e-01 3.2137654721736908e-02 
1.3279487192630768e-01 7.5280916690826416e-01 6.4470738172531128e-01 2.5796151161193848e-01 
-9.9099200963973999e-01 8.9319095015525818e-02 9.9825710058212280e-02 9.6718342974781990e-03 
0.0000000000000000e+00 0.0000000000000000e+00 0.0000000000000000e+00 1.0000000000000000e+00 
Art-clockwise-fast/0065.pcd
6.9529664516448975e-01 -6.6341620683670044e-01 2.7650669217109680e-01 2.6667065918445587e-02 
2.4176036939024925e-02 4.0608581900596619e-01 9.1351509094238281e-01 2.6297971606254578e-01 
-7.1865302324295044e-01 -6.2816900014877319e-01 2.9825147986412048e-01 5.5654306197538972e-04 
0.0000000000000000e+00 0.0000000000000000e+00 0.0000000000000000e+00 1.0000000000000000e+00 
Art-clockwise-fast/0066.pcd
9.4527202844619751e-01 9.7965359687805176e-02 -3.1122353672981262e-01 1.2438960373401642e-02 
2.3802436888217926e-01 4.4533824920654297e-01 8.6313754320144653e-01 2.7373304963111877e-01 
2.2451855242252350e-01 -8.8984221220016479e-01 3.9721068739891052e-01 -4.8994803801178932e-03 
0.0000000000000000e+00 0.0000000000000000e+00 0.0000000000000000e+00 1.0000000000000000e+00 
Art-clockwise-fast/0067.pcd
1.3142082095146179e-01 1.2599448859691620e-01 -9.8337519168853760e-01 7.9849466681480408e-02 
-6.5126854181289673e-01 7.5876927375793457e-01 1.0305574163794518e-02 2.7265888452529907e-01 
7.4585545063018799e-01 6.3684606552124023e-01 1.9487266242504120e-01 -9.1944629093632102e-04 
0.0000000000000000e+00 0.0000000000000000e+00 0.0000000000000000e+00 1.0000000000000000e+00 
Art-clockwise-fast/0068.pcd
9.1602325439453125e-01 1.7478427290916443e-01 -3.6109465360641479e-01 4.0690358728170395e-02 
2.4374766647815704e-01 4.7236114740371704e-01 8.4703391790390015e-01 2.6446005702018738e-01 
3.1561893224716187e-01 -8.6447185277938843e-01 3.9121302962303162e-01 1.5770556638017297e-03 
0.0000000000000000e+00 0.0000000000000000e+00 0.0000000000000000e+00 1.0000000000000000e+00 
Art-clockwise-fast/0069.pcd
8.3121776580810547e-01 3.0712637305259705e-01 -4.6350768208503723e-01 4.1288029402494431e-02 
2.3875376582145691e-01 5.5564564466476440e-01 7.9639810323715210e-01 2.7219131588935852e-01 
4.9749332666397095e-01 -7.7430915832519531e-01 3.9095932245254517e-01 9.7279921174049377e-03 
0.0000000000000000e+00 0.0000000000000000e+00 0.0000000000000000e+00 1.0000000000000000e+00 
Art-clockwise-fast/0070.pcd
9.7693741321563721e-01 -1.7169071733951569e-01 -1.2727811932563782e-01 2.5645725429058075e-02 
1.8146656453609467e-01 3.5188496112823486e-01 9.1829019784927368e-01 2.7678874135017395e-01 
-1.1677594482898712e-01 -9.1947835683822632e-01 3.7532278895378113e-01 2.1802237257361412e-02 
0.0000000000000000e+00 0.0000000000000000e+00 0.0000000000000000e+00 1.0000000000000000e+00 
Art-clockwise-fast/0071.pcd
-2.0350567996501923e-01 -2.7745732665061951e-01 9.3895506858825684e-01 -2.1731231361627579e-02 
4.0791279077529907e-01 8.4777176380157471e-01 3.3892801403999329e-01 3.6626046895980835e-01 
-8.9179503917694092e-01 4.4955587387084961e-01 -5.0897736102342606e-02 2.3511718958616257e-02 
0.0000000000000000e+00 0.0000000000000000e+00 0.0000000000000000e+00 1.0000000000000000e+00 
Art-clockwise-fast/0072.pcd
4.7153833508491516e-01 -7.6175945997238159e-01 4.4458246231079102e-01 -5.1902376115322113e-02 
-2.1328933071345091e-03 5.0296562910079956e-01 8.6430710554122925e-01 2.7656087279319763e-01 
-8.7373554706573486e-01 -4.2094156146049500e-01 2.4313749372959137e-01 2.6309769600629807e-03 
0.0000000000000000e+00 0.0000000000000000e+00 0.0000000000000000e+00 1.0000000000000000e+00 
Art-clockwise-fast/0073.pcd
7.5027585029602051e-01 3.8235473632812500e-01 -5.3939616680145264e-01 -1.9552889280021191e-03 
2.1362818777561188e-01 6.3191181421279907e-01 7.4502104520797729e-01 3.0342039465904236e-01 
6.3014179468154907e-01 -6.7188608646392822e-01 3.8920682668685913e-01 -1.1937305331230164e-02 
0.0000000000000000e+00 0.0000000000000000e+00 0.0000000000000000e+00 1.0000000000000000e+00 
Art-clockwise-fast/0074.pcd
1.7671400308609009e-01 3.4980583190917969e-01 -9.2000663280487061e-01 2.6990361511707306e-03 
-3.6008033156394958e-01 8.9289587736129761e-01 2.7032548189163208e-01 2.9684576392173767e-01 
9.1652941703796387e-01 2.8448727726936340e-01 2.8118559718132019e-01 -5.6770353694446385e-05 
0.0000000000000000e+00 0.0000000000000000e+00 0.0000000000000000e+00 1.0000000000000000e+00 
Art-clockwise-fast/0075.pcd
6.7402893304824829e-01 4.4058915972709656e-01 -5.9338390827178955e-01 1.4923596382141113e-01 
1.9138954579830170e-01 6.7113184928894043e-01 7.1619349718093872e-01 3.6400958895683289e-01 
6.9691246747970581e-01 -6.0655421018600464e-01 3.8190406560897827e-01 1.3759613037109375e-02 
0.0000000000000000e+00 0.0000000000000000e+00 0.0000000000000000e+00 1.0000000000000000e+00 
Art-clockwise-fast/0076.pcd
6.6485667228698730e-01 4.5002722740173340e-01 -5.9667652845382690e-01 1.5259252488613129e-01 
1.9449095427989960e-01 6.6592812538146973e-01 7.2021138668060303e-01 2.7323415875434875e-01 
7.0302903652191162e-01 -6.0631650686264038e-01 3.7083482742309570e-01 2.2090384736657143e-03 
0.0000000000000000e+00 0.0000000000000000e+00 0.0000000000000000e+00 1.0000000000000000e+00 
Art-clockwise-fast/0077.pcd
8.2456755638122559e-01 -5.4522699117660522e-01 1.5118244290351868e-01 7.0881791412830353e-02 
6.2971606850624084e-02 3.5401827096939087e-01 9.3311685323715210e-01 2.5802040100097656e-01 
-5.6631559133529663e-01 -7.5720405578613281e-01 3.2540887594223022e-01 2.4730613455176353e-02 
0.0000000000000000e+00 0.0000000000000000e+00 0.0000000000000000e+00 1.0000000000000000e+00 
Art-clockwise-fast/0078.pcd
2.1279974281787872e-01 -7.4659609794616699e-01 6.3033723831176758e-01 7.4035890400409698e-02 
5.9376917779445648e-02 6.5374058485031128e-01 7.5439786911010742e-01 3.3722382783889771e-01 
-9.7658628225326538e-01 -1.1858592182397842e-01 1.7942173779010773e-01 3.4174874424934387e-02 
0.0000000000000000e+00 0.0000000000000000e+00 0.0000000000000000e+00 1.0000000000000000e+00 
Art-clockwise-fast/0079.pcd
2.7974519133567810e-01 5.3340291976928711e-01 7.9833680391311646e-01 1.1047807335853577e-01 
7.9874145984649658e-01 3.3187818527221680e-01 -5.0185346603393555e-01 3.7826514244079590e-01 
-5.3806793689727783e-01 7.6869022846221924e-01 -3.4574711322784424e-01 1.1213612742722034e-02 
0.0000000000000000e+00 0.0000000000000000e+00 0.0000000000000000e+00 1.0000000000000000e+00 
Art-clockwise-fast/0080.pcd
1.1559241265058517e-01 -7.0430034399032593e-01 7.0050108432769775e-01 1.1392229050397873e-01 
6.8824991583824158e-02 7.0937079191207886e-01 7.0146030187606812e-01 2.4425467848777771e-01 
-9.9250417947769165e-01 -2.2232625633478165e-02 1.1966771632432938e-01 -1.1910056695342064e-02 
0.0000000000000000e+00 0.0000000000000000e+00 0.0000000000000000e+00 1.0000000000000000e+00 
Art-clockwise-fast/0081.pcd
8.4556269645690918e-01 -5.1842337846755981e-01 1.2754181027412415e-01 2.4033827707171440e-02 
7.7249899506568909e-02 3.5518965125083923e-01 9.3159508705139160e-01 2.7175354957580566e-01 
-5.2826666831970215e-01 -7.7787572145462036e-01 3.4038832783699036e-01 3.5349410027265549e-02 
0.0000000000000000e+00 0.0000000000000000e+00 0.0000000000000000e+00 1.0000000000000000e+00 
Art-clockwise-fast/0082.pcd
9.0409481525421143e-01 -4.2321038246154785e-01 5.9485185891389847e-02 2.9270546510815620e-02 
1.0272653400897980e-01 3.5035729408264160e-01 9.3097019195556641e-01 3.5214012861251831e-01 
-4.1265577077865601e-01 -8.3656358718872070e-01 3.6037117242813110e-01 4.4984792475588620e-04 
0.0000000000000000e+00 0.0000000000000000e+00 0.0000000000000000e+00 1.0000000000000000e+00 
Art-clockwise-fast/0083.pcd
3.0059534311294556e-01 3.0440472066402435e-02 -9.5369994640350342e-01 -1.6431229189038277e-02 
-8.6249011754989624e-01 4.4226086139678955e-01 -2.4624462425708771e-01 3.5621628165245056e-01 
4.5775610208511353e-01 8.8855850696563721e-01 -4.0768980979919434e-03 8.5409677028656006e-01 
0.0000000000000000e+00 0.0000000000000000e+00 0.0000000000000000e+00 1.0000000000000000e+00 
Art-clockwise-fast/0084.pcd
5.6326693296432495e-01 4.7722926735877991e-01 -6.7456853389739990e-01 1.6832908149808645e-03 
1.3364809751510620e-01 7.5316429138183594e-01 6.4412528276443481e-01 2.6734730601310730e-01 
8.1868922710418701e-01 -4.5006594061851501e-01 3.5653981566429138e-01 -6.0709323734045029e-02 
0.0000000000000000e+00 0.0000000000000000e+00 0.0000000000000000e+00 1.0000000000000000e+00 
Art-clockwise-fast/0085.pcd
8.0551934242248535e-01 3.3308210968971252e-01 -4.9010327458381653e-01 1.1746770702302456e-02 
2.2847126424312592e-01 5.8855283260345459e-01 7.7550077438354492e-01 3.5387128591537476e-01 
5.4676192998886108e-01 -7.3666143417358398e-01 3.9799478650093079e-01 -1.2290712445974350e-02 
0.0000000000000000e+00 0.0000000000000000e+00 0.0000000000000000e+00 1.0000000000000000e+00 
Art-clockwise-fast/0086.pcd
8.2883697748184204e-01 -5.3646343946456909e-01 1.5892425179481506e-01 6.0319174081087112e-02 
6.7434489727020264e-02 3.7771141529083252e-01 9.2346304655075073e-01 3.0282020568847656e-01 
-5.5655676126480103e-01 -7.5394088029861450e-01 3.4901750087738037e-01 7.2583869099617004e-02 
0.0000000000000000e+00 0.0000000000000000e+00 0.0000000000000000e+00 1.0000000000000000e+00 
Art-clockwise-fast/0087.pcd
-2.3865483701229095e-01 -1.8877612054347992e-01 9.5338678359985352e-01 -7.6544500887393951e-02 
4.6357387304306030e-01 8.3997672796249390e-01 2.8203505277633667e-01 3.6507150530815125e-01 
-8.6123633384704590e-01 5.0121140480041504e-01 -7.4575707316398621e-02 8.6849279701709747e-02 
0.0000000000000000e+00 0.0000000000000000e+00 0.0000000000000000e+00 1.0000000000000000e+00 
Art-clockwise-fast/0088.pcd
-1.5040558576583862e-01 -4.4639897346496582e-01 8.8209718465805054e-01 3.6645911633968353e-02 
2.8965145349502563e-01 8.3319544792175293e-01 4.7103825211524963e-01 3.0271244049072266e-01 
-9.4513124227523804e-01 3.2667317986488342e-01 3.3411374315619469e-03 4.6859220601618290e-03 
0.0000000000000000e+00 0.0000000000000000e+00 0.0000000000000000e+00 1.0000000000000000e+00 
Art-clockwise-fast/0089.pcd
4.0935498476028442e-01 -7.6136279106140137e-01 5.0273823738098145e-01 5.9364840388298035e-02 
3.4430392086505890e-02 5.6352090835571289e-01 8.2537966966629028e-01 3.2049071788787842e-01 
-9.1172736883163452e-01 -3.2056751847267151e-01 2.5689721107482910e-01 3.3427491784095764e-02 
0.0000000000000000e+00 0.0000000000000000e+00 0.0000000000000000e+00 1.0000000000000000e+00 
Art-clockwise-fast/0090.pcd
5.5825603008270264e-01 -7.3062407970428467e-01 3.9318609237670898e-01 1.4033912681043148e-02 
1.7155423760414124e-02 4.8411568999290466e-01 8.7483960390090942e-01 3.6965623497962952e-01 
-8.2511371374130249e-01 -4.8729199171066284e-01 2.8582847118377686e-01 1.6677318140864372e-02 
0.0000000000000000e+00 0.0000000000000000e+00 0.0000000000000000e+00 1.0000000000000000e+00 
Art-clockwise-fast/0091.pcd
7.3033249378204346e-01 5.6821388006210327e-01 3.7957137823104858e-01 -3.9971947669982910e-02 
5.3473627567291260e-01 -1.2916333973407745e-01 -8.3510321378707886e-01 4.2471769452095032e-01 
-4.1052585840225220e-01 8.2382613420486450e-01 -3.9050242304801941e-01 2.0652484148740768e-02 
0.0000000000000000e+00 0.0000000000000000e+00 0.0000000000000000e+00 1.0000000000000000e+00 
Art-clockwise-fast/0092.pcd
7.0517325401306152e-01 4.2392757534980774e-01 -5.6842595338821411e-01 1.2815839052200317e-01 
2.0419026911258698e-01 6.4595168828964233e-01 7.3556578159332275e-01 3.5638350248336792e-01 
6.7060714960098267e-01 -6.3985538482666016e-01 3.7529850006103516e-01 2.2437646985054016e-02 
0.0000000000000000e+00 0.0000000000000000e+00 0.0000000000000000e+00 1.0000000000000000e+00 
Art-clockwise-fast/0093.pcd
9.3428647518157959e-01 -3.5707992315292358e-01 2.3892659693956375e-02 1.9722680747509003e-01 
1.0187897831201553e-01 3.3073496818542480e-01 9.3817174434661865e-01 3.4009519219398499e-01 
-3.7642687559127808e-01 -8.5998094081878662e-01 3.4316819906234741e-01 -2.6462413370609283e-02 
0.0000000000000000e+00 0.0000000000000000e+00 0.0000000000000000e+00 1.0000000000000000e+00 
Art-clockwise-fast/0094.pcd
9.4365364313125610e-01 2.9651352763175964e-01 -1.5233907103538513e-01 -3.9079781621694565e-02 
-2.9781512916088104e-02 -3.8289365172386169e-01 -9.2330354452133179e-01 4.1162016987800598e-01 
-2.9449558258056641e-01 8.8511729240417480e-01 -3.5816818475723267e-01 9.4066061079502106e-02 
0.0000000000000000e+00 0.0000000000000000e+00 0.0000000000000000e+00 1.0000000000000000e+00 
Art-clockwise-fast/0095.pcd
6.4925056695938110e-01 4.6721884608268738e-01 -6.0165226459503174e-01 2.6467871665954590e-01 
1.9058170914649963e-01 6.6331166028976440e-01 7.2353416681289673e-01 4.2871966958045959e-01 
6.9965547323226929e-01 -6.0863530635833740e-01 3.7180852890014648e-01 -3.5165883600711823e-02 
0.0000000000000000e+00 0.0000000000000000e+00 0.0000000000000000e+00 1.0000000000000000e+00 
Art-clockwise-fast/0096.pcd
1.7640632390975952e-01 2.5510650873184204e-01 -9.5141625404357910e-01 6.4361847937107086e-02 
-5.9856450557708740e-01 7.9387271404266357e-01 1.0651402175426483e-01 3.0928608775138855e-01 
7.9529118537902832e-01 5.7716822624206543e-01 1.8196129798889160e-01 5.8880496025085449e-01 
0.0000000000000000e+00 0.0000000000000000e+00 0.0000000000000000e+00 1.0000000000000000e+00 
Art-clockwise-fast/0097.pcd
5.8567816019058228e-01 4.9139907956123352e-01 -6.4621305465698242e-01 1.9359546899795532e-01 
1.4870981872081757e-01 7.1702432632446289e-01 6.8095821142196655e-01 3.7316173315048218e-01 
7.6714885234832764e-01 -5.1761621236801147e-01 3.7614226341247559e-01 -6.3201799988746643e-02 
0.0000000000000000e+00 0.0000000000000000e+00 0.0000000000000000e+00 1.0000000000000000e+00 
Art-clockwise-fast/0098.pcd
9.6217137575149536e-01 5.8927867561578751e-02 -2.6745694875717163e-01 -4.8382949084043503e-02 
2.1191217005252838e-01 4.5421284437179565e-01 8.6530983448028564e-01 3.8836932182312012e-01 
2.0174717903137207e-01 -8.8618028163909912e-01 4.1621667146682739e-01 5.0684653222560883e-02 
