Art-counter/0000.pcd
9.8982536792755127e-01 -1.4228753745555878e-01 0.0000000000000000e+00 0.0000000000000000e+00 
1.4228753745555878e-01 9.8982536792755127e-01 -0.0000000000000000e+00 0.0000000000000000e+00 
0.0000000000000000e+00 0.0000000000000000e+00 1.0000000000000000e+00 0.0000000000000000e+00 
0.0000000000000000e+00 0.0000000000000000e+00 0.0000000000000000e+00 1.0000000000000000e+00 
Art-counter/0001.pcd
9.9999529123306274e-01 -9.5995592346298508e-06 1.1240465937589761e-05 -1.0095043107867241e-03 
8.5810534073971212e-06 9.9999755620956421e-01 -1.5097248251549900e-05 7.7473829151131213e-05 
-1.2331828656897414e-05 1.6784973922767676e-05 1.0000048875808716e+00 -1.4139544873614796e-05 
0.0000000000000000e+00 0.0000000000000000e+00 0.0000000000000000e+00 1.0000000000000000e+00 
Art-counter/0002.pcd
9.9999988079071045e-01 -6.9080051616765559e-06 5.1762667681032326e-06 -7.9604098573327065e-04 
6.2498397710442077e-06 1.0000014305114746e+00 -1.2088264156773221e-05 8.4634928498417139e-05 
-8.0642976172384806e-06 1.3775286788586527e-05 1.0000193119049072e+00 -8.0569087003823370e-05 
0.0000000000000000e+00 0.0000000000000000e+00 0.0000000000000000e+00 1.0000000000000000e+00 
Art-counter/0003.pcd
1.0000128746032715e+00 1.4241079043131322e-04 -6.5783387981355190e-05 1.3991758227348328e-02 
-1.4264805940911174e-04 1.0000112056732178e+00 2.9362842906266451e-04 -4.9214449245482683e-04 
6.9678608269896358e-05 -2.9566368903033435e-04 1.0000026226043701e+00 -6.0259725432842970e-04 
0.0000000000000000e+00 0.0000000000000000e+00 0.0000000000000000e+00 1.0000000000000000e+00 
Art-counter/0004.pcd
1.0000118017196655e+00 5.6789931841194630e-04 -3.7259413511492312e-04 4.8109039664268494e-02 
-5.6682585272938013e-04 1.0000122785568237e+00 9.9781085737049580e-04 -1.9976717885583639e-03 
3.7398724816739559e-04 -9.9825952202081680e-04 1.0000056028366089e+00 4.8226231592707336e-04 
0.0000000000000000e+00 0.0000000000000000e+00 0.0000000000000000e+00 1.0000000000000000e+00 
Art-counter/0005.pcd
1.0000077486038208e+00 6.7952956305816770e-04 -2.7850587503053248e-04 4.7632779926061630e-02 
-6.7963730543851852e-04 1.0000007152557373e+00 1.1855119373649359e-03 -1.6891931882128119e-03 
2.8127658879384398e-04 -1.1849272996187210e-03 1.0000008344650269e+00 -3.0579359736293554e-04 
0.0000000000000000e+00 0.0000000000000000e+00 0.0000000000000000e+00 1.0000000000000000e+00 
Art-counter/0006.pcd
1.0000028610229492e+00 3.2579255639575422e-04 5.4638308938592672e-04 1.2478215619921684e-02 
-3.2543463748879731e-04 1.0000026226043701e+00 1.7797581676859409e-05 -6.0051755281165242e-04 
-5.4682517657056451e-04 -1.7691076209302992e-05 1.0000036954879761e+00 4.6609058044850826e-03 
0.0000000000000000e+00 0.0000000000000000e+00 0.0000000000000000e+00 1.0000000000000000e+00 
Art-counter/0007.pcd
1.0000085830688477e+00 8.3253893535584211e-05 -1.6280181007459760e-03 6.5178107470273972e-03 
-8.2723512605298311e-05 1.0000064373016357e+00 2.2699906548950821e-04 -3.8701109588146210e-04 
1.6317105619236827e-03 -2.2801473096478730e-04 9.9999713897705078e-01 -2.4390500038862228e-03 
0.0000000000000000e+00 0.0000000000000000e+00 0.0000000000000000e+00 1.0000000000000000e+00 
Art-counter/0008.pcd
1.0000118017196655e+00 -4.1363210766576231e-04 2.5148564600385725e-04 -4.0676400065422058e-02 
4.1298408177681267e-04 1.0000059604644775e+00 -8.2452798960730433e-04 2.1536336280405521e-03 
-2.4882730212993920e-04 8.2448805915191770e-04 1.0000071525573730e+00 2.4116702843457460e-04 
0.0000000000000000e+00 0.0000000000000000e+00 0.0000000000000000e+00 1.0000000000000000e+00 
Art-counter/0009.pcd
1.0000051259994507e+00 -6.7752331960946321e-04 7.1506871609017253e-04 -7.5652286410331726e-02 
6.7800370743498206e-04 1.0000054836273193e+00 -1.0395587887614965e-03 3.4178830683231354e-03 
-7.1339914575219154e-04 1.0401756735518575e-03 1.0000003576278687e+00 1.7700514290481806e-03 
0.0000000000000000e+00 0.0000000000000000e+00 0.0000000000000000e+00 1.0000000000000000e+00 
Art-counter/0010.pcd
1.0000048875808716e+00 -5.8620702475309372e-04 3.1117815524339676e-04 -4.3809399008750916e-02 
5.8687798446044326e-04 1.0000021457672119e+00 -1.1999272974207997e-03 1.6874541761353612e-03 
-3.0956615228205919e-04 1.1997733963653445e-03 9.9999731779098511e-01 6.8678817478939891e-04 
0.0000000000000000e+00 0.0000000000000000e+00 0.0000000000000000e+00 1.0000000000000000e+00 
Art-counter/0011.pcd
1.0000073909759521e+00 -5.8063282631337643e-04 4.4555193744599819e-04 -5.6681383401155472e-02 
5.8127223746851087e-04 1.0000058412551880e+00 -1.0054293088614941e-03 1.4551560161635280e-03 
-4.4353955308906734e-04 1.0045579401776195e-03 1.0000029802322388e+00 3.0338868964463472e-04 
0.0000000000000000e+00 0.0000000000000000e+00 0.0000000000000000e+00 1.0000000000000000e+00 
Art-counter/0012.pcd
1.0000073909759521e+00 8.2713399024214596e-05 -1.6222061822190881e-03 6.7235948517918587e-03 
-8.2100705185439438e-05 1.0000054836273193e+00 2.1429153275676072e-04 -3.7118757609277964e-04 
1.6253881622105837e-03 -2.1600870240945369e-04 1.0000038146972656e+00 -1.9697339739650488e-03 
0.0000000000000000e+00 0.0000000000000000e+00 0.0000000000000000e+00 1.0000000000000000e+00 
Art-counter/0013.pcd
1.0000056028366089e+00 4.9228454008698463e-04 -2.6091022300533950e-04 3.7178546190261841e-02 
-4.9186468822881579e-04 1.0000066757202148e+00 9.1678614262491465e-04 -2.3367053363472223e-03 
2.6208398048765957e-04 -9.1638305457308888e-04 1.0000065565109253e+00 -1.4025076234247535e-04 
0.0000000000000000e+00 0.0000000000000000e+00 0.0000000000000000e+00 1.0000000000000000e+00 
Art-counter/0014.pcd
1.0000070333480835e+00 5.3819565800949931e-04 -3.2803160138428211e-04 4.5979499816894531e-02 
-5.3802237380295992e-04 1.0000032186508179e+00 8.9481542818248272e-04 -1.7229706281796098e-03 
3.3000358962453902e-04 -8.9520332403481007e-04 1.0000032186508179e+00 -3.2681698212400079e-04 
0.0000000000000000e+00 0.0000000000000000e+00 0.0000000000000000e+00 1.0000000000000000e+00 
Art-counter/0015.pcd
1.0000061988830566e+00 4.8134927055798471e-04 -3.7421865272335708e-04 4.7067575156688690e-02 
-4.8120622523128986e-04 1.0000034570693970e+00 7.6765427365899086e-04 -1.8788248999044299e-03 
3.7654751213267446e-04 -7.6744268881157041e-04 1.0000015497207642e+00 -2.2994430037215352e-04 
0.0000000000000000e+00 0.0000000000000000e+00 0.0000000000000000e+00 1.0000000000000000e+00 
Art-counter/0016.pcd
1.0000045299530029e+00 5.5351061746478081e-04 -2.0081990805920213e-04 4.8339851200580597e-02 
-5.5407389299944043e-04 9.9999976158142090e-01 8.9139729971066117e-04 -2.1903479937463999e-03 
2.0524222054518759e-04 -8.9204357936978340e-04 9.9999606609344482e-01 5.6409189710393548e-04 
0.0000000000000000e+00 0.0000000000000000e+00 0.0000000000000000e+00 1.0000000000000000e+00 
Art-counter/0017.pcd
9.9999946355819702e-01 4.8248362145386636e-04 -2.6135117514058948e-04 3.4236483275890350e-02 
-4.8227922525256872e-04 1.0000040531158447e+00 9.4302609795704484e-04 -2.2674750071018934e-03 
2.6236052508465946e-04 -9.4194215489551425e-04 1.0000008344650269e+00 -5.6996586499735713e-04 
0.0000000000000000e+00 0.0000000000000000e+00 0.0000000000000000e+00 1.0000000000000000e+00 
Art-counter/0018.pcd
9.9999904632568359e-01 6.5127846937684808e-06 -4.5693532229051925e-06 8.9471676619723439e-04 
-6.4989649217750411e-06 1.0000005960464478e+00 1.1725883268809412e-05 -2.2755015379516408e-05 
3.9088381527108140e-06 -1.1533762517501600e-05 9.9999964237213135e-01 -1.4170339454722125e-05 
0.0000000000000000e+00 0.0000000000000000e+00 0.0000000000000000e+00 1.0000000000000000e+00 
Art-counter/0019.pcd
1.0000052452087402e+00 -4.8655786667950451e-04 3.2379166805185378e-04 -3.9758559316396713e-02 
4.8628074000589550e-04 1.0000033378601074e+00 -9.0720568550750613e-04 1.9492038991302252e-03 
-3.2169616315513849e-04 9.0745196212083101e-04 1.0000027418136597e+00 1.6591339954175055e-04 
0.0000000000000000e+00 0.0000000000000000e+00 0.0000000000000000e+00 1.0000000000000000e+00 
Art-counter/0020.pcd
1.0000106096267700e+00 -4.8576158587820828e-04 5.6669599143788218e-04 -6.3587322831153870e-02 
4.8509112093597651e-04 9.9999970197677612e-01 -8.2217232557013631e-04 1.6943890368565917e-03 
-5.6303670862689614e-04 8.2375935744494200e-04 1.0000047683715820e+00 1.4921504771336913e-03 
0.0000000000000000e+00 0.0000000000000000e+00 0.0000000000000000e+00 1.0000000000000000e+00 
Art-counter/0021.pcd
1.0000040531158447e+00 -2.6738103770185262e-05 2.6684541808208451e-05 -2.6517678052186966e-03 
2.6518568120081909e-05 1.0000064373016357e+00 -3.6235731386113912e-05 7.4158342613372952e-05 
-2.3165661332313903e-05 3.5661672882270068e-05 9.9999910593032837e-01 -6.5357737184967846e-05 
0.0000000000000000e+00 0.0000000000000000e+00 0.0000000000000000e+00 1.0000000000000000e+00 
Art-counter/0022.pcd
1.0000045299530029e+00 -6.5711406023183372e-06 6.1842038121540099e-06 -8.4860995411872864e-04 
6.8440876930253580e-06 1.0000048875808716e+00 -1.4255769201554358e-05 3.2612755603622645e-05 
-4.5465453695214819e-06 1.2218851225043181e-05 9.9999594688415527e-01 1.3633622438646853e-04 
0.0000000000000000e+00 0.0000000000000000e+00 0.0000000000000000e+00 1.0000000000000000e+00 
Art-counter/0023.pcd
1.0000091791152954e+00 -7.6436153904069215e-06 1.0806877980940044e-05 -1.1424268595874310e-03 
7.4071967901545577e-06 1.0000075101852417e+00 -1.7287557056988589e-05 1.0931511496892199e-04 
-1.1366029866621830e-05 1.8086539057549089e-05 1.0000070333480835e+00 1.3654524809680879e-04 
0.0000000000000000e+00 0.0000000000000000e+00 0.0000000000000000e+00 1.0000000000000000e+00 
Art-counter/0024.pcd
1.0000131130218506e+00 -8.6491454567294568e-06 1.2418903679645155e-05 -9.6205517183989286e-04 
7.8021266745054163e-06 1.0000003576278687e+00 -1.4549651496054139e-05 9.4843082479201257e-05 
-9.6033509180415422e-06 1.5311818060581572e-05 1.0000053644180298e+00 -9.2808892077300698e-05 
0.0000000000000000e+00 0.0000000000000000e+00 0.0000000000000000e+00 1.0000000000000000e+00 
Art-counter/0025.pcd
1.0000042915344238e+00 8.5629417299060151e-06 -8.0742502177599818e-06 9.3138270312920213e-04 
-9.5286432042485103e-06 9.9999600648880005e-01 2.0655215848819353e-05 -3.3747244287951617e-06 
8.7288117356365547e-06 -1.8425156667944975e-05 1.0000088214874268e+00 -2.6738503947854042e-04 
0.0000000000000000e+00 0.0000000000000000e+00 0.0000000000000000e+00 1.0000000000000000e+00 
Art-counter/0026.pcd
1.0000172853469849e+00 8.7001490101101808e-06 -7.2708676270849537e-06 9.2937267618253827e-04 
-9.8857335615321063e-06 1.0000054836273193e+00 1.6883581338333897e-05 -1.9167580830981024e-05 
1.0349015610700008e-05 -1.7901338651427068e-05 1.0000045299530029e+00 -4.9445585318608209e-05 
0.0000000000000000e+00 0.0000000000000000e+00 0.0000000000000000e+00 1.0000000000000000e+00 
Art-counter/0027.pcd
1.0000023841857910e+00 -8.9877294158213772e-06 1.0999104233633261e-05 -8.9315103832632303e-04 
6.6056986725016031e-06 9.9999332427978516e-01 -1.5017441000964027e-05 3.5244280297774822e-05 
-6.3785355450818315e-06 1.6314232198055834e-05 9.9999755620956421e-01 1.2696871999651194e-04 
0.0000000000000000e+00 0.0000000000000000e+00 0.0000000000000000e+00 1.0000000000000000e+00 
Art-counter/0028.pcd
1.0000022649765015e+00 -2.3130976842367090e-05 2.0150571799604222e-05 -2.4692423176020384e-03 
2.3425516701536253e-05 1.0000044107437134e+00 -4.8145022446988150e-05 7.3016824899241328e-05 
-1.8942357201012783e-05 4.4730295485351235e-05 9.9999701976776123e-01 3.6236469168215990e-04 
0.0000000000000000e+00 0.0000000000000000e+00 0.0000000000000000e+00 1.0000000000000000e+00 
Art-counter/0029.pcd
1.0000000000000000e+00 -5.3422845667228103e-04 8.2336005289107561e-04 -7.5619645416736603e-02 
5.3454487351700664e-04 9.9999791383743286e-01 -9.5106038497760892e-04 1.8968596123158932e-03 
-8.1704265903681517e-04 9.5028977375477552e-04 9.9998843669891357e-01 3.4971637651324272e-03 
0.0000000000000000e+00 0.0000000000000000e+00 0.0000000000000000e+00 1.0000000000000000e+00 
Art-counter/0030.pcd
1.0000115633010864e+00 3.3552406239323318e-04 -4.0130762499757111e-04 4.7827702015638351e-02 
-3.3513570087961853e-04 1.0000150203704834e+00 5.8552681002765894e-04 -2.7177163865417242e-03 
4.0592942968942225e-04 -5.8670598082244396e-04 1.0000015497207642e+00 -8.6845859186723828e-04 
0.0000000000000000e+00 0.0000000000000000e+00 0.0000000000000000e+00 1.0000000000000000e+00 
Art-counter/0031.pcd
1.0000053644180298e+00 6.6296663135290146e-04 -5.2563607459887862e-04 5.0211329013109207e-02 
-6.6207622876390815e-04 1.0000054836273193e+00 1.2691156007349491e-03 -3.9880340918898582e-03 
5.2769057219848037e-04 -1.2687272392213345e-03 1.0000030994415283e+00 -1.9306910689920187e-03 
0.0000000000000000e+00 0.0000000000000000e+00 0.0000000000000000e+00 1.0000000000000000e+00 
Art-counter/0032.pcd
9.9999433755874634e-01 4.6849893406033516e-03 -3.0596484430134296e-04 7.1402110159397125e-02 
-4.6826936304569244e-03 9.9997073411941528e-01 7.0898286066949368e-03 -2.6326321065425873e-02 
3.4038300509564579e-04 -7.0887678302824497e-03 9.9997657537460327e-01 -1.3464540243148804e-02 
0.0000000000000000e+00 0.0000000000000000e+00 0.0000000000000000e+00 1.0000000000000000e+00 
Art-counter/0033.pcd
1.0000061988830566e+00 3.8943850086070597e-04 -1.5089605585671961e-04 2.7905898168683052e-02 
-3.8829440018162131e-04 1.0000145435333252e+00 7.7507743844762444e-04 -1.5321555547416210e-03 
1.5449036436621100e-04 -7.7701482223346829e-04 1.0000014305114746e+00 8.5442705312743783e-04 
0.0000000000000000e+00 0.0000000000000000e+00 0.0000000000000000e+00 1.0000000000000000e+00 
Art-counter/0034.pcd
1.0000064373016357e+00 4.1897495975717902e-04 -3.5204502637498081e-04 4.4822219759225845e-02 
-4.1962935938499868e-04 1.0000010728836060e+00 7.4190256418660283e-04 -2.0938341040164232e-03 
3.5814169677905738e-04 -7.4190186569467187e-04 1.0000009536743164e+00 -5.4399337386712432e-04 
0.0000000000000000e+00 0.0000000000000000e+00 0.0000000000000000e+00 1.0000000000000000e+00 
Art-counter/0035.pcd
1.0000065565109253e+00 9.6680569185991772e-06 1.5303721738746390e-06 8.0254260683432221e-04 
-1.0307921002095100e-05 1.0000040531158447e+00 2.5701136110001244e-05 2.4017454052227549e-05 
2.1035530153312720e-06 -2.4186603695852682e-05 1.0000011920928955e+00 -2.2217804507818073e-04 
0.0000000000000000e+00 0.0000000000000000e+00 0.0000000000000000e+00 1.0000000000000000e+00 
Art-counter/0036.pcd
1.0000102519989014e+00 -9.0758512669708580e-06 1.0466031881151139e-06 -1.0333252139389515e-03 
8.7340158643200994e-06 1.0000102519989014e+00 -8.5715291788801551e-06 2.6674373657442629e-05 
-2.5844124138529878e-06 1.0310447578376625e-05 1.0000070333480835e+00 -1.7247944197151810e-04 
0.0000000000000000e+00 0.0000000000000000e+00 0.0000000000000000e+00 1.0000000000000000e+00 
Art-counter/0037.pcd
1.0000069141387939e+00 1.9650980902952142e-05 -2.2318365154205821e-05 2.4838228709995747e-03 
-2.0307976228650659e-05 1.0000034570693970e+00 3.7271893233992159e-05 -6.1202903452794999e-05 
2.3468166546081193e-05 -3.6611429095501080e-05 1.0000013113021851e+00 -2.2655107022728771e-04 
0.0000000000000000e+00 0.0000000000000000e+00 0.0000000000000000e+00 1.0000000000000000e+00 
Art-counter/0038.pcd
1.0000087022781372e+00 4.7083839308470488e-04 -1.7215557454619557e-04 3.3593352884054184e-02 
-4.7069200081750751e-04 1.0000098943710327e+00 9.2611456057056785e-04 -1.9551371224224567e-03 
1.7591631331015378e-04 -9.2851358931511641e-04 1.0000020265579224e+00 2.0618160488083959e-04 
0.0000000000000000e+00 0.0000000000000000e+00 0.0000000000000000e+00 1.0000000000000000e+00 
Art-counter/0039.pcd
1.0000092983245850e+00 4.7429307596758008e-04 -1.9725918537005782e-04 3.3876076340675354e-02 
-4.7401312622241676e-04 1.0000067949295044e+00 8.4622297435998917e-04 -2.5224827695637941e-03 
1.9828435324598104e-04 -8.4669591160491109e-04 1.0000030994415283e+00 -3.0986356432549655e-04 
0.0000000000000000e+00 0.0000000000000000e+00 0.0000000000000000e+00 1.0000000000000000e+00 
Art-counter/0040.pcd
1.0000114440917969e+00 -2.3966023582033813e-04 -5.8658537454903126e-04 -1.0023775510489941e-02 
2.4004855367820710e-04 1.0000096559524536e+00 -7.6411284680943936e-05 5.1429035374894738e-04 
5.8613368310034275e-04 7.4724695878103375e-05 1.0000036954879761e+00 -6.0670780949294567e-03 
0.0000000000000000e+00 0.0000000000000000e+00 0.0000000000000000e+00 1.0000000000000000e+00 
Art-counter/0041.pcd
1.0000090599060059e+00 8.1159334513358772e-05 -1.6173019539564848e-03 6.6192052327096462e-03 
-8.0215279012918472e-05 1.0000044107437134e+00 2.0767173555213958e-04 -3.2135378569364548e-04 
1.6206704312935472e-03 -2.0914534979965538e-04 1.0000021457672119e+00 -1.9120562355965376e-03 
0.0000000000000000e+00 0.0000000000000000e+00 0.0000000000000000e+00 1.0000000000000000e+00 
Art-counter/0042.pcd
1.0000089406967163e+00 2.5482338969595730e-04 6.6157930996268988e-04 9.8248301073908806e-03 
-2.5451491819694638e-04 1.0000065565109253e+00 1.4531597116729245e-05 -5.0596875371411443e-04 
-6.6156557295471430e-04 -1.5745061318739317e-05 1.0000004768371582e+00 5.6944014504551888e-03 
0.0000000000000000e+00 0.0000000000000000e+00 0.0000000000000000e+00 1.0000000000000000e+00 
Art-counter/0043.pcd
1.0000110864639282e+00 -4.6132731949910522e-04 6.4109690720215440e-04 -7.0560343563556671e-02 
4.6175194438546896e-04 1.0000081062316895e+00 -7.8769901301711798e-04 2.6493617333471775e-03 
-6.3939712708815932e-04 7.8570609912276268e-04 9.9999916553497314e-01 9.8028650972992182e-04 
0.0000000000000000e+00 0.0000000000000000e+00 0.0000000000000000e+00 1.0000000000000000e+00 
Art-counter/0044.pcd
1.0000115633010864e+00 -2.9403430744423531e-05 2.6581550628179684e-05 -2.9103234410285950e-03 
2.8249680326553062e-05 1.0000047683715820e+00 -5.2164930821163580e-05 1.3307579501997679e-04 
-2.1621975974994712e-05 5.1442486437736079e-05 1.0000011920928955e+00 1.4208583161234856e-04 
0.0000000000000000e+00 0.0000000000000000e+00 0.0000000000000000e+00 1.0000000000000000e+00 
Art-counter/0045.pcd
9.9999755620956421e-01 -2.9360353437368758e-05 3.2335639843950048e-05 -2.9169372282922268e-03 
2.8341008146526292e-05 9.9999237060546875e-01 -6.0283433413133025e-05 1.3463708455674350e-04 
-3.1015795684652403e-05 6.1921513406559825e-05 9.9999827146530151e-01 4.5528952614404261e-04 
0.0000000000000000e+00 0.0000000000000000e+00 0.0000000000000000e+00 1.0000000000000000e+00 
Art-counter/0046.pcd
1.0000061988830566e+00 -5.9638911625370383e-04 5.1600032020360231e-04 -4.4980224221944809e-02 
5.9697637334465981e-04 1.0000070333480835e+00 -7.8931852476671338e-04 2.0150220952928066e-03 
-5.1432341570034623e-04 7.8923953697085381e-04 1.0000014305114746e+00 5.6491955183446407e-04 
0.0000000000000000e+00 0.0000000000000000e+00 0.0000000000000000e+00 1.0000000000000000e+00 
Art-counter/0047.pcd
1.0000054836273193e+00 4.7260257997550070e-04 -1.5783777053002268e-04 3.8308955729007721e-02 
-4.7332397662103176e-04 1.0000016689300537e+00 8.7834434816613793e-04 -2.1316090133041143e-03 
1.6060778580140322e-04 -8.7875418830662966e-04 1.0000013113021851e+00 9.5015554688870907e-04 
0.0000000000000000e+00 0.0000000000000000e+00 0.0000000000000000e+00 1.0000000000000000e+00 
Art-counter/0048.pcd
1.0000053644180298e+00 5.1285087829455733e-04 -3.5704590845853090e-04 4.3913647532463074e-02 
-5.1185762276872993e-04 1.0000048875808716e+00 9.6862413920462132e-04 -2.1245211828500032e-03 
3.5924176336266100e-04 -9.6958200447261333e-04 1.0000007152557373e+00 -3.5652687074616551e-04 
0.0000000000000000e+00 0.0000000000000000e+00 0.0000000000000000e+00 1.0000000000000000e+00 
Art-counter/0049.pcd
9.9999988079071045e-01 4.3854059185832739e-04 -2.8340818244032562e-04 3.9426367729902267e-02 
-4.3864737381227314e-04 9.9999624490737915e-01 7.9685350647196174e-04 -2.1365308202803135e-03 
2.8693830245174468e-04 -7.9739210195839405e-04 9.9999821186065674e-01 -3.1069028773345053e-04 
0.0000000000000000e+00 0.0000000000000000e+00 0.0000000000000000e+00 1.0000000000000000e+00 
Art-counter/0050.pcd
1.0000140666961670e+00 4.1139099630527198e-04 -1.1058003292419016e-04 2.8667928650975227e-02 
-4.1157341911457479e-04 1.0000087022781372e+00 7.8681856393814087e-04 -1.5405688900500536e-03 
1.1357587936799973e-04 -7.8808923717588186e-04 1.0000028610229492e+00 1.1959117837250233e-03 
0.0000000000000000e+00 0.0000000000000000e+00 0.0000000000000000e+00 1.0000000000000000e+00 
Art-counter/0051.pcd
1.0000007152557373e+00 4.2534092790447176e-04 -3.5939371446147561e-04 4.6484049409627914e-02 
-4.2521787690930068e-04 9.9999713897705078e-01 8.3077879389747977e-04 -2.3277907166630030e-03 
3.6093071685172617e-04 -8.3093083230778575e-04 1.0000022649765015e+00 -4.6624816604889929e-04 
0.0000000000000000e+00 0.0000000000000000e+00 0.0000000000000000e+00 1.0000000000000000e+00 
Art-counter/0052.pcd
1.0000010728836060e+00 3.5412664146861061e-05 -4.8604811127006542e-06 3.0105188488960266e-03 
-3.5478762583807111e-05 1.0000013113021851e+00 6.7216562456451356e-05 -1.2557045556604862e-04 
6.6106476879213005e-06 -6.7587112425826490e-05 9.9999779462814331e-01 2.3640510335098952e-04 
0.0000000000000000e+00 0.0000000000000000e+00 0.0000000000000000e+00 1.0000000000000000e+00 
Art-counter/0053.pcd
1.0000104904174805e+00 3.7300999974831939e-04 -3.2237271079793572e-04 1.2818217277526855e-02 
-3.7336995592340827e-04 1.0000066757202148e+00 -1.2601415801327676e-04 -6.3106487505137920e-04 
3.2175617525354028e-04 1.2472923845052719e-04 1.0000066757202148e+00 6.4563390333205462e-04 
0.0000000000000000e+00 0.0000000000000000e+00 0.0000000000000000e+00 1.0000000000000000e+00 
Art-counter/0054.pcd
9.9999964237213135e-01 -6.9047283614054322e-04 -7.5986242154613137e-04 3.6446228623390198e-02 
6.8845099303871393e-04 9.9999481439590454e-01 -1.8834646325558424e-03 1.3174310326576233e-02 
7.6649629045277834e-04 1.8819844117388129e-03 9.9999439716339111e-01 -1.0607188567519188e-02 
0.0000000000000000e+00 0.0000000000000000e+00 0.0000000000000000e+00 1.0000000000000000e+00 
Art-counter/0055.pcd
1.0000025033950806e+00 4.8796915507409722e-05 -3.5991230106446892e-05 4.4688740745186806e-03 
-4.7477515181526542e-05 1.0000078678131104e+00 1.1297962919343263e-04 -1.3274421507958323e-04 
3.7669578887289390e-05 -1.1418795475037768e-04 1.0000004768371582e+00 -7.7027681982144713e-04 
0.0000000000000000e+00 0.0000000000000000e+00 0.0000000000000000e+00 1.0000000000000000e+00 
Art-counter/0056.pcd
1.0000156164169312e+00 7.1567257691640407e-05 -1.6100317006930709e-03 5.0753951072692871e-03 
-7.1512149588670582e-05 1.0000083446502686e+00 1.9396225980017334e-04 -2.8934853617101908e-04 
1.6135477926582098e-03 -1.9513170991558582e-04 9.9999940395355225e-01 -1.7437016358599067e-03 
0.0000000000000000e+00 0.0000000000000000e+00 0.0000000000000000e+00 1.0000000000000000e+00 
Art-counter/0057.pcd
1.0000042915344238e+00 -6.8780861329287291e-04 1.2549530947580934e-03 -2.9094884172081947e-02 
6.8902701605111361e-04 1.0000015497207642e+00 -1.0758975986391306e-03 5.7562941219657660e-04 
-1.2533471453934908e-03 1.0748051572591066e-03 9.9999988079071045e-01 3.8477466441690922e-03 
0.0000000000000000e+00 0.0000000000000000e+00 0.0000000000000000e+00 1.0000000000000000e+00 
Art-counter/0058.pcd
1.0000100135803223e+00 -3.8970302557572722e-04 -6.8101979559287429e-04 -1.4661790803074837e-02 
3.8971286267042160e-04 1.0000039339065552e+00 1.9846402210532688e-05 6.5708201145753264e-04 
6.8179587833583355e-04 -2.0988722098991275e-05 1.0000057220458984e+00 -4.5746709220111370e-03 
0.0000000000000000e+00 0.0000000000000000e+00 0.0000000000000000e+00 1.0000000000000000e+00 
Art-counter/0059.pcd
1.0000121593475342e+00 -5.1085470477119088e-04 1.7968429892789572e-04 -3.0345685780048370e-02 
5.1067396998405457e-04 1.0000041723251343e+00 -8.6407584603875875e-04 1.5460649738088250e-03 
-1.7536795348860323e-04 8.6266809375956655e-04 1.0000021457672119e+00 -4.8553632950643077e-05 
0.0000000000000000e+00 0.0000000000000000e+00 0.0000000000000000e+00 1.0000000000000000e+00 
Art-counter/0060.pcd
9.9999833106994629e-01 2.7201557531952858e-03 3.9947699406184256e-04 -4.6547181904315948e-02 
-2.7203781064599752e-03 9.9999433755874634e-01 1.9190393504686654e-04 1.9754357635974884e-02 
-3.9889410254545510e-04 -1.9266757590230554e-04 9.9999928474426270e-01 1.5389512991532683e-03 
0.0000000000000000e+00 0.0000000000000000e+00 0.0000000000000000e+00 1.0000000000000000e+00 
Art-counter/0061.pcd
1.0000160932540894e+00 -3.6128069041296840e-04 -9.8800158593803644e-04 5.3169287741184235e-02 
3.5836646566167474e-04 1.0000047683715820e+00 -2.0672706887125969e-03 1.5582185238599777e-02 
9.9280301947146654e-04 2.0658413413912058e-03 1.0000033378601074e+00 -1.4245103113353252e-02 
0.0000000000000000e+00 0.0000000000000000e+00 0.0000000000000000e+00 1.0000000000000000e+00 
Art-counter/0062.pcd
1.0000019073486328e+00 7.4972695438191295e-04 -2.7121661696583033e-04 9.1801658272743225e-03 
-7.4950332054868340e-04 9.9999934434890747e-01 -5.3836611186852679e-05 2.6875875890254974e-02 
2.7056832914240658e-04 5.4167823691386729e-05 1.0000066757202148e+00 -8.8075818493962288e-03 
0.0000000000000000e+00 0.0000000000000000e+00 0.0000000000000000e+00 1.0000000000000000e+00 
Art-counter/0063.pcd
1.0000078678131104e+00 -1.8410270567983389e-03 3.7131248973309994e-04 2.5237251538783312e-03 
1.8410674529150128e-03 1.0000014305114746e+00 2.2578341304324567e-04 1.4271966181695461e-02 
-3.7427587085403502e-04 -2.2503591026179492e-04 1.0000022649765015e+00 -5.1578036509454250e-03 
0.0000000000000000e+00 0.0000000000000000e+00 0.0000000000000000e+00 1.0000000000000000e+00 
Art-counter/0064.pcd
1.0000041723251343e+00 2.6827727560885251e-04 -6.6694221459329128e-05 2.2582113742828369e-02 
-2.6810128474608064e-04 1.0000013113021851e+00 5.1470473408699036e-04 -1.1542452266439795e-03 
6.8113455199636519e-05 -5.1598623394966125e-04 1.0000038146972656e+00 8.5123570170253515e-04 
0.0000000000000000e+00 0.0000000000000000e+00 0.0000000000000000e+00 1.0000000000000000e+00 
Art-counter/0065.pcd
1.0000065565109253e+00 1.0563487885519862e-03 -6.5076164901256561e-04 4.1589234024286270e-02 
-1.0563100222498178e-03 1.0000007152557373e+00 1.6678099927958101e-04 3.0655359849333763e-02 
6.5194815397262573e-04 -1.6521356883458793e-04 1.0000008344650269e+00 -1.4224362559616566e-02 
0.0000000000000000e+00 0.0000000000000000e+00 0.0000000000000000e+00 1.0000000000000000e+00 
Art-counter/0066.pcd
1.0000131130218506e+00 3.7582375807687640e-04 -1.1418989161029458e-03 6.3094414770603180e-02 
-3.7637216155417264e-04 1.0000097751617432e+00 -8.4990152390673757e-04 1.9750120118260384e-02 
1.1434388579800725e-03 8.4875331958755851e-04 1.0000076293945312e+00 -1.7443258315324783e-02 
0.0000000000000000e+00 0.0000000000000000e+00 0.0000000000000000e+00 1.0000000000000000e+00 
Art-counter/0067.pcd
1.0000146627426147e+00 1.8134242855012417e-03 -5.1925284788012505e-04 7.1277894079685211e-02 
-1.8142635235562921e-03 1.0000063180923462e+00 1.4951823977753520e-03 2.9450349509716034e-02 
5.2263174438849092e-04 -1.4968876494094729e-03 1.0000090599060059e+00 -1.4361701905727386e-02 
0.0000000000000000e+00 0.0000000000000000e+00 0.0000000000000000e+00 1.0000000000000000e+00 
Art-counter/0068.pcd
1.0000005960464478e+00 1.1956321541219950e-03 -5.0721183652058244e-04 3.7274673581123352e-02 
-1.1959993280470371e-03 9.9999856948852539e-01 -5.6366639910265803e-04 4.5548930764198303e-02 
5.0532515160739422e-04 5.6424498325213790e-04 1.0000025033950806e+00 -6.4747161231935024e-03 
0.0000000000000000e+00 0.0000000000000000e+00 0.0000000000000000e+00 1.0000000000000000e+00 
Art-counter/0069.pcd
9.9999976158142090e-01 -4.8360426444560289e-04 -1.5863197622820735e-03 3.7145111709833145e-02 
4.8729422269389033e-04 1.0000010728836060e+00 2.2110193967819214e-03 4.4974289834499359e-02 
1.5842274297028780e-03 -2.2116263862699270e-03 1.0000027418136597e+00 -1.6283983131870627e-03 
0.0000000000000000e+00 0.0000000000000000e+00 0.0000000000000000e+00 1.0000000000000000e+00 
Art-counter/0070.pcd
1.0000178813934326e+00 1.8686618423089385e-03 -7.2231789818033576e-04 3.0972087755799294e-02 
-1.8682434456422925e-03 1.0000121593475342e+00 1.1138868285343051e-04 5.2851937711238861e-02 
7.2405714308843017e-04 -1.1111899948446080e-04 1.0000065565109253e+00 7.4490238912403584e-03 
0.0000000000000000e+00 0.0000000000000000e+00 0.0000000000000000e+00 1.0000000000000000e+00 
Art-counter/0071.pcd
9.9998766183853149e-01 5.9467526152729988e-03 1.0708047775551677e-03 -9.1856215149164200e-03 
-5.9496215544641018e-03 9.9997889995574951e-01 2.8084055520594120e-03 2.9056113213300705e-02 
-1.0529976570978761e-03 -2.8167241252958775e-03 9.9999737739562988e-01 1.1113708605989814e-03 
0.0000000000000000e+00 0.0000000000000000e+00 0.0000000000000000e+00 1.0000000000000000e+00 
Art-counter/0072.pcd
9.9998205900192261e-01 6.3147773034870625e-03 9.2009396757930517e-04 -4.2829341255128384e-03 
-6.3173514790832996e-03 9.9998027086257935e-01 2.9800795018672943e-03 2.9745766893029213e-02 
-9.0203800937160850e-04 -2.9858665075153112e-03 9.9999594688415527e-01 -4.3823678424814716e-05 
0.0000000000000000e+00 0.0000000000000000e+00 0.0000000000000000e+00 1.0000000000000000e+00 
Art-counter/0073.pcd
9.9999201297760010e-01 5.4584620520472527e-03 1.0940823995042592e-04 7.7348952181637287e-03 
-5.4585966281592846e-03 9.9999034404754639e-01 2.1813674829900265e-03 4.0249377489089966e-02 
-9.5076698926277459e-05 -2.1828683093190193e-03 9.9999797344207764e-01 -3.1215732451528311e-03 
0.0000000000000000e+00 0.0000000000000000e+00 0.0000000000000000e+00 1.0000000000000000e+00 
Art-counter/0074.pcd
9.9998468160629272e-01 8.1475600600242615e-03 6.2010774854570627e-04 1.8442086875438690e-02 
-8.1485593691468239e-03 9.9997913837432861e-01 1.6165702836588025e-03 5.9366818517446518e-02 
-6.0525728622451425e-04 -1.6227617161348462e-03 1.0000038146972656e+00 1.4346062671393156e-03 
0.0000000000000000e+00 0.0000000000000000e+00 0.0000000000000000e+00 1.0000000000000000e+00 
Art-counter/0075.pcd
9.9996632337570190e-01 8.1896279007196426e-03 5.5814371444284916e-04 2.0330104976892471e-02 
-8.1897480413317680e-03 9.9997293949127197e-01 1.4272441621869802e-03 5.9257782995700836e-02 
-5.4579711286351085e-04 -1.4321982162073255e-03 1.0000011920928955e+00 4.7995912609621882e-04 
0.0000000000000000e+00 0.0000000000000000e+00 0.0000000000000000e+00 1.0000000000000000e+00 
Art-counter/0076.pcd
9.9997723102569580e-01 8.3515010774135590e-03 3.1630432931706309e-04 2.4724833667278290e-02 
-8.3519769832491875e-03 9.9997198581695557e-01 9.3845941592007875e-04 6.1266351491212845e-02 
-3.0571490060538054e-04 -9.4228930538520217e-04 1.0000001192092896e+00 -1.1487769661471248e-03 
0.0000000000000000e+00 0.0000000000000000e+00 0.0000000000000000e+00 1.0000000000000000e+00 
Art-counter/0077.pcd
9.9995368719100952e-01 1.0249181650578976e-02 5.3152110194787383e-04 2.8146849945187569e-02 
-1.0249617509543896e-02 9.9995577335357666e-01 1.2118748854845762e-03 7.4868634343147278e-02 
-5.1894987700507045e-04 -1.2160342885181308e-03 9.9999737739562988e-01 3.3885778975673020e-04 
0.0000000000000000e+00 0.0000000000000000e+00 0.0000000000000000e+00 1.0000000000000000e+00 
Art-counter/0078.pcd
9.9995827674865723e-01 1.0813446715474129e-02 5.6219642283394933e-04 2.9377106577157974e-02 
-1.0814515873789787e-02 9.9994707107543945e-01 1.7310584662482142e-03 7.7673733234405518e-02 
-5.4377701599150896e-04 -1.7417168710380793e-03 1.0000044107437134e+00 -2.8993736486881971e-04 
0.0000000000000000e+00 0.0000000000000000e+00 0.0000000000000000e+00 1.0000000000000000e+00 
Art-counter/0079.pcd
9.9993032217025757e-01 1.2225870974361897e-02 4.4748085201717913e-04 3.0858883634209633e-02 
-1.2225359678268433e-02 9.9993109703063965e-01 -1.3764461036771536e-03 8.4273777902126312e-02 
-4.6408505295403302e-04 1.3701418647542596e-03 9.9999654293060303e-01 3.9219264872372150e-03 
0.0000000000000000e+00 0.0000000000000000e+00 0.0000000000000000e+00 1.0000000000000000e+00 
Art-counter/0080.pcd
9.9993151426315308e-01 1.2815252877771854e-02 -4.3797248508781195e-04 2.8344037011265755e-02 
-1.2815027497708797e-02 9.9992620944976807e-01 4.3525776709429920e-04 9.1643445193767548e-02 
4.4282010640017688e-04 -4.3012568494305015e-04 1.0000032186508179e+00 5.6280298158526421e-03 
0.0000000000000000e+00 0.0000000000000000e+00 0.0000000000000000e+00 1.0000000000000000e+00 
Art-counter/0081.pcd
9.9991583824157715e-01 1.3583510182797909e-02 9.2171417782083154e-04 3.9785567671060562e-02 
-1.3584535568952560e-02 9.9991047382354736e-01 1.1819523060694337e-03 9.6833504736423492e-02 
-9.0646685566753149e-04 -1.1940974509343505e-03 1.0000001192092896e+00 4.4515025801956654e-03 
0.0000000000000000e+00 0.0000000000000000e+00 0.0000000000000000e+00 1.0000000000000000e+00 
Art-counter/0082.pcd
9.9990886449813843e-01 1.3755881227552891e-02 1.4287634985521436e-03 4.1554328054189682e-02 
-1.3759014196693897e-02 9.9990296363830566e-01 1.9612552132457495e-03 9.8072312772274017e-02 
-1.4012820320203900e-03 -1.9804313778877258e-03 9.9999445676803589e-01 4.7349692322313786e-03 
0.0000000000000000e+00 0.0000000000000000e+00 0.0000000000000000e+00 1.0000000000000000e+00 
Art-counter/0083.pcd
9.9994713068008423e-01 1.0678350925445557e-02 8.3045143401250243e-04 2.7313783764839172e-02 
-1.0678160004317760e-02 9.9994933605194092e-01 2.8963814838789403e-04 1.1361478269100189e-01 
-8.2750071305781603e-04 -2.9736323631368577e-04 9.9999809265136719e-01 5.5410224013030529e-03 
0.0000000000000000e+00 0.0000000000000000e+00 0.0000000000000000e+00 1.0000000000000000e+00 
Art-counter/0084.pcd
9.9993550777435303e-01 1.1746622622013092e-02 1.3913501752540469e-03 3.2652340829372406e-02 
-1.1747349984943867e-02 9.9993121623992920e-01 -1.7304565699305385e-04 1.2449496984481812e-01 
-1.3933905865997076e-03 1.5780536341480911e-04 1.0000054836273193e+00 1.3031050562858582e-02 
0.0000000000000000e+00 0.0000000000000000e+00 0.0000000000000000e+00 1.0000000000000000e+00 
Art-counter/0085.pcd
9.9993532896041870e-01 1.1855950579047203e-02 1.5712047461420298e-03 3.5677593201398849e-02 
-1.1857207864522934e-02 9.9993771314620972e-01 5.8240001089870930e-04 1.2418388575315475e-01 
-1.5650473069399595e-03 -5.9952179435640574e-04 1.0000032186508179e+00 1.2419930659234524e-02 
0.0000000000000000e+00 0.0000000000000000e+00 0.0000000000000000e+00 1.0000000000000000e+00 
Art-counter/0086.pcd
9.9994611740112305e-01 1.0513900779187679e-02 1.4605158939957619e-03 3.1177340075373650e-02 
-1.0511576198041439e-02 9.9994629621505737e-01 -1.1018827790394425e-03 1.1695602536201477e-01 
-1.4731555711477995e-03 1.0847195517271757e-03 1.0000092983245850e+00 1.9139508949592710e-03 
0.0000000000000000e+00 0.0000000000000000e+00 0.0000000000000000e+00 1.0000000000000000e+00 
Art-counter/0087.pcd
9.9996858835220337e-01 8.4961848333477974e-03 -3.9271640707738698e-04 4.1675325483083725e-02 
-8.4975492209196091e-03 9.9996298551559448e-01 -4.8239924944937229e-03 1.4020839333534241e-01 
3.5113643389195204e-04 4.8273024149239063e-03 9.9999058246612549e-01 1.3126092962920666e-02 
0.0000000000000000e+00 0.0000000000000000e+00 0.0000000000000000e+00 1.0000000000000000e+00 
Art-counter/0088.pcd
9.9995666742324829e-01 9.4365468248724937e-03 -8.1386926467530429e-05 3.8678392767906189e-02 
-9.4355354085564613e-03 9.9996381998062134e-01 -3.0607376247644424e-03 1.4139676094055176e-01 
4.9545938964001834e-05 3.0610980466008186e-03 9.9999737739562988e-01 1.0033826343715191e-02 
0.0000000000000000e+00 0.0000000000000000e+00 0.0000000000000000e+00 1.0000000000000000e+00 
Art-counter/0089.pcd
9.9998426437377930e-01 6.0211904346942902e-03 -1.7166499674203806e-05 1.6757793724536896e-02 
-6.0205701738595963e-03 9.9998235702514648e-01 3.5685102920979261e-03 1.4785227179527283e-01 
3.7945170333841816e-05 -3.5681368317455053e-03 9.9999958276748657e-01 1.9968601409345865e-03 
0.0000000000000000e+00 0.0000000000000000e+00 0.0000000000000000e+00 1.0000000000000000e+00 
Art-counter/0090.pcd
9.9999189376831055e-01 3.8727789651602507e-03 -3.1000433955341578e-03 1.9108947366476059e-02 
-3.8751750253140926e-03 9.9999976158142090e-01 -9.4078166875988245e-04 1.3714331388473511e-01 
3.0949499923735857e-03 9.5296639483422041e-04 1.0000030994415283e+00 6.0494304634630680e-03 
0.0000000000000000e+00 0.0000000000000000e+00 0.0000000000000000e+00 1.0000000000000000e+00 
Art-counter/0091.pcd
9.9998354911804199e-01 4.7402619384229183e-03 -3.0648829415440559e-03 3.3057726919651031e-02 
-4.7445516102015972e-03 9.9999195337295532e-01 -1.3964104000478983e-03 1.6883172094821930e-01 
3.0588374938815832e-03 1.4112506760284305e-03 9.9999678134918213e-01 1.0118578560650349e-02 
0.0000000000000000e+00 0.0000000000000000e+00 0.0000000000000000e+00 1.0000000000000000e+00 
Art-counter/0092.pcd
9.9996590614318848e-01 8.2763954997062683e-03 -1.6042665811255574e-04 3.9150621742010117e-02 
-8.2744779065251350e-03 9.9993872642517090e-01 8.0811483785510063e-03 1.5863572061061859e-01 
2.2751820506528020e-04 -8.0788349732756615e-03 9.9996811151504517e-01 6.0415733605623245e-03 
0.0000000000000000e+00 0.0000000000000000e+00 0.0000000000000000e+00 1.0000000000000000e+00 
Art-counter/0093.pcd
9.9998706579208374e-01 5.3856316953897476e-03 1.3624880230054259e-03 3.0049679800868034e-02 
-5.3879027254879475e-03 9.9999320507049561e-01 1.7736038425937295e-03 1.5403933823108673e-01 
-1.3523699017241597e-03 -1.7807971453294158e-03 9.9999666213989258e-01 4.1928063146770000e-03 
0.0000000000000000e+00 0.0000000000000000e+00 0.0000000000000000e+00 1.0000000000000000e+00 
Art-counter/0094.pcd
9.9997746944427490e-01 7.8909797593951225e-03 8.0602208618074656e-04 4.8629131168127060e-02 
-7.8874276950955391e-03 9.9997162818908691e-01 -3.8752604741603136e-03 1.5612591803073883e-01 
-8.3773868391290307e-04 3.8688499480485916e-03 9.9999809265136719e-01 1.3156247325241566e-02 
0.0000000000000000e+00 0.0000000000000000e+00 0.0000000000000000e+00 1.0000000000000000e+00 
Art-counter/0095.pcd
9.9998110532760620e-01 6.4588217064738274e-03 3.1350911594927311e-03 5.8554168790578842e-02 
-6.4719370566308498e-03 9.9997949600219727e-01 4.2376797646284103e-03 1.6374310851097107e-01 
-3.1077584717422724e-03 -4.2573804967105389e-03 9.9999141693115234e-01 5.9560465160757303e-04 
0.0000000000000000e+00 0.0000000000000000e+00 0.0000000000000000e+00 1.0000000000000000e+00 
Art-counter/0096.pcd
9.9998742341995239e-01 6.9206389598548412e-03 3.1388192437589169e-03 4.0331311523914337e-02 
-6.9368435069918633e-03 9.9997168779373169e-01 5.1473975181579590e-03 1.6379120945930481e-01 
-3.1036024447530508e-03 -5.1682032644748688e-03 9.9998527765274048e-01 5.3398609161376953e-03 
0.0000000000000000e+00 0.0000000000000000e+00 0.0000000000000000e+00 1.0000000000000000e+00 
Art-counter/0097.pcd
9.9995112419128418e-01 9.6675399690866470e-03 3.4312244970351458e-03 1.9655376672744751e-02 
-9.6553759649395943e-03 9.9995201826095581e-01 -3.4986503887921572e-03 1.4930330216884613e-01 
-3.4642310347408056e-03 3.4653430338948965e-03 9.9999004602432251e-01 1.4706332236528397e-02 
0.0000000000000000e+00 0.0000000000000000e+00 0.0000000000000000e+00 1.0000000000000000e+00 
Art-counter/0098.pcd
9.9994492530822754e-01 1.0440199635922909e-02 3.0084382742643356e-03 3.3044628798961639e-02 
-1.0443877428770065e-02 9.9994939565658569e-01 1.3648614985868335e-03 1.5378166735172272e-01 
-2.9951876495033503e-03 -1.3964157551527023e-03 9.9999767541885376e-01 4.7247814945876598e-03 
0.0000000000000000e+00 0.0000000000000000e+00 0.0000000000000000e+00 1.0000000000000000e+00 
Art-counter/0099.pcd
9.9996292591094971e-01 7.4032796546816826e-03 3.3965567126870155e-03 3.8904134184122086e-02 
-7.4200318194925785e-03 9.9995887279510498e-01 5.1023787818849087e-03 1.6547185182571411e-01 
-3.3583689946681261e-03 -5.1273298449814320e-03 9.9997770786285400e-01 7.2928913868963718e-03 
0.0000000000000000e+00 0.0000000000000000e+00 0.0000000000000000e+00 1.0000000000000000e+00 
Art-counter/0100.pcd
9.9996608495712280e-01 8.6635164916515350e-03 5.2150036935927346e-05 2.7562029659748077e-02 
-8.6627593263983727e-03 9.9995636940002441e-01 -5.4957200773060322e-03 1.5876489877700806e-01 
