Art-counter-fast/0000.pcd
9.9960714578628540e-01 -2.8027737513184547e-02 0.0000000000000000e+00 0.0000000000000000e+00 
2.8027737513184547e-02 9.9960714578628540e-01 -0.0000000000000000e+00 0.0000000000000000e+00 
0.0000000000000000e+00 0.0000000000000000e+00 1.0000000000000000e+00 0.0000000000000000e+00 
0.0000000000000000e+00 0.0000000000000000e+00 0.0000000000000000e+00 1.0000000000000000e+00 
Art-counter-fast/0001.pcd
1.0000017881393433e+00 -6.0078682145103812e-04 8.9677586220204830e-04 -7.9123668372631073e-02 
6.0190202202647924e-04 1.0000009536743164e+00 -1.2427533511072397e-03 1.8431991338729858e-03 
-8.9399679563939571e-04 1.2434209929779172e-03 1.0000013113021851e+00 2.4180277250707150e-03 
0.0000000000000000e+00 0.0000000000000000e+00 0.0000000000000000e+00 1.0000000000000000e+00 
Art-counter-fast/0002.pcd
1.0000015497207642e+00 1.2919353139295708e-05 -1.5637520846212283e-05 1.0977635392919183e-03 
-1.2500348020694219e-05 1.0000067949295044e+00 4.0276278014061972e-05 -7.3123068432323635e-05 
1.8162614651373588e-05 -4.1861840145429596e-05 9.9999862909317017e-01 -4.5308200060389936e-04 
0.0000000000000000e+00 0.0000000000000000e+00 0.0000000000000000e+00 1.0000000000000000e+00 
Art-counter-fast/0003.pcd
1.0000034570693970e+00 5.6037132162600756e-04 -4.1681935545057058e-04 5.1296025514602661e-02 
-5.5981619516387582e-04 1.0000036954879761e+00 1.1923981364816427e-03 -7.1457133162766695e-04 
4.1902740485966206e-04 -1.1923435376957059e-03 1.0000019073486328e+00 -1.0484027734491974e-04 
0.0000000000000000e+00 0.0000000000000000e+00 0.0000000000000000e+00 1.0000000000000000e+00 
Art-counter-fast/0004.pcd
1.0000047683715820e+00 5.4632878163829446e-04 -4.0239837835542858e-04 4.9593295902013779e-02 
-5.4586934857070446e-04 1.0000070333480835e+00 1.0771282250061631e-03 -1.3316615950316191e-03 
4.0307143353857100e-04 -1.0768065694719553e-03 1.0000048875808716e+00 -4.6523469791281968e-05 
0.0000000000000000e+00 0.0000000000000000e+00 0.0000000000000000e+00 1.0000000000000000e+00 
Art-counter-fast/0005.pcd
1.0000104904174805e+00 9.1268343385308981e-04 -9.7829382866621017e-04 5.0990421324968338e-02 
-9.1240933397784829e-04 1.0000094175338745e+00 9.3061025836504996e-05 -1.6425144858658314e-03 
9.8099489696323872e-04 -9.2891394160687923e-05 9.9999982118606567e-01 -1.7340906197205186e-03 
0.0000000000000000e+00 0.0000000000000000e+00 0.0000000000000000e+00 1.0000000000000000e+00 
Art-counter-fast/0006.pcd
1.0000077486038208e+00 -2.3043352121021599e-04 -5.2584451623260975e-04 -9.8473345860838890e-03 
2.3005547700449824e-04 1.0000009536743164e+00 -7.3975388659164310e-05 4.2168761137872934e-04 
5.2821921417489648e-04 7.3605675424914807e-05 9.9999970197677612e-01 -6.1389794573187828e-03 
0.0000000000000000e+00 0.0000000000000000e+00 0.0000000000000000e+00 1.0000000000000000e+00 
Art-counter-fast/0007.pcd
1.0000058412551880e+00 7.0933449023868889e-05 -1.6036705346778035e-03 4.9240081571042538e-03 
-7.0808469899930060e-05 1.0000039339065552e+00 2.0938474335707724e-04 -2.7425389271229506e-04 
1.6050493577495217e-03 -2.0894464978482574e-04 9.9999821186065674e-01 -1.6698290128260851e-03 
0.0000000000000000e+00 0.0000000000000000e+00 0.0000000000000000e+00 1.0000000000000000e+00 
Art-counter-fast/0008.pcd
1.0000191926956177e+00 5.1462266128510237e-04 -5.9981521917507052e-04 5.1390808075666428e-02 
-5.1429541781544685e-04 1.0000175237655640e+00 9.5319916727021337e-04 -1.2181275524199009e-03 
6.0351518914103508e-04 -9.5388496993109584e-04 9.9999880790710449e-01 -1.1896139476448298e-03 
0.0000000000000000e+00 0.0000000000000000e+00 0.0000000000000000e+00 1.0000000000000000e+00 
Art-counter-fast/0009.pcd
1.0000051259994507e+00 4.5785316615365446e-04 -3.7185652763582766e-04 4.5423395931720734e-02 
-4.5783986570313573e-04 1.0000014305114746e+00 9.2476088320836425e-04 -1.8330138409510255e-03 
3.7376201362349093e-04 -9.2509668320417404e-04 1.0000026226043701e+00 -5.9063306252937764e-05 
0.0000000000000000e+00 0.0000000000000000e+00 0.0000000000000000e+00 1.0000000000000000e+00 
Art-counter-fast/0010.pcd
9.9999856948852539e-01 -9.5637069534859620e-06 1.1636022463790141e-05 -9.9029415287077427e-04 
9.7761467259260826e-06 1.0000050067901611e+00 -2.7263447918812744e-05 8.0742262070998549e-05 
-9.5009654614841565e-06 2.7974216209258884e-05 9.9999541044235229e-01 2.4188970564864576e-04 
0.0000000000000000e+00 0.0000000000000000e+00 0.0000000000000000e+00 1.0000000000000000e+00 
Art-counter-fast/0011.pcd
1.0000023841857910e+00 -2.9142996936570853e-05 3.7182799133006483e-05 -2.9755525756627321e-03 
2.9202330551925115e-05 1.0000097751617432e+00 -7.1327747718896717e-05 1.7492892220616341e-04 
-3.6129746149526909e-05 7.1491136623080820e-05 1.0000030994415283e+00 5.4922193521633744e-04 
0.0000000000000000e+00 0.0000000000000000e+00 0.0000000000000000e+00 1.0000000000000000e+00 
Art-counter-fast/0012.pcd
1.0000114440917969e+00 -7.6689838897436857e-04 1.8902473675552756e-04 -3.0985314399003983e-02 
7.6674384763464332e-04 1.0000131130218506e+00 -2.5844422634691000e-04 1.8981189932674170e-03 
-1.8793169874697924e-04 2.5867114891298115e-04 1.0000021457672119e+00 -1.0790231171995401e-03 
0.0000000000000000e+00 0.0000000000000000e+00 0.0000000000000000e+00 1.0000000000000000e+00 
Art-counter-fast/0013.pcd
1.0000135898590088e+00 4.7621262638131157e-05 -4.1002083889907226e-05 4.1133216582238674e-03 
-4.8194327973760664e-05 1.0000051259994507e+00 1.0713201481848955e-04 -3.2540768734179437e-04 
4.6365792513824999e-05 -1.0804084740811959e-04 9.9999666213989258e-01 -4.1104404954239726e-04 
0.0000000000000000e+00 0.0000000000000000e+00 0.0000000000000000e+00 1.0000000000000000e+00 
Art-counter-fast/0014.pcd
1.0000059604644775e+00 3.6177581932861358e-05 -4.9565824156161398e-05 2.9321687761694193e-03 
-3.6310655559645966e-05 1.0000070333480835e+00 7.5417607149574906e-05 -1.4628308417741209e-04 
5.2207455155439675e-05 -7.5757336162496358e-05 1.0000000000000000e+00 -4.6798097901046276e-04 
0.0000000000000000e+00 0.0000000000000000e+00 0.0000000000000000e+00 1.0000000000000000e+00 
Art-counter-fast/0015.pcd
1.0000008344650269e+00 2.9087297662044875e-05 -2.1173913410166278e-05 2.6807310059666634e-03 
-2.9053291655145586e-05 1.0000022649765015e+00 5.2498267905320972e-05 -1.2995865836273879e-04 
2.0700021195807494e-05 -5.1605307817226276e-05 1.0000054836273193e+00 -3.9370879676425830e-05 
0.0000000000000000e+00 0.0000000000000000e+00 0.0000000000000000e+00 1.0000000000000000e+00 
Art-counter-fast/0016.pcd
1.0000126361846924e+00 1.6708008479326963e-03 7.3258072370663285e-04 -5.7479638606309891e-02 
-1.6724708257243037e-03 1.0000030994415283e+00 2.1171157713979483e-03 2.2358458489179611e-02 
-7.2626833571121097e-04 -2.1192340645939112e-03 9.9999684095382690e-01 8.4518734365701675e-04 
0.0000000000000000e+00 0.0000000000000000e+00 0.0000000000000000e+00 1.0000000000000000e+00 
Art-counter-fast/0017.pcd
1.0000017881393433e+00 4.5871856855228543e-04 2.3837827611714602e-03 1.0108308866620064e-02 
-4.6603643568232656e-04 1.0000044107437134e+00 3.2358355820178986e-03 3.1928885728120804e-02 
-2.3840647190809250e-03 -3.2369680702686310e-03 9.9999099969863892e-01 -6.4504784531891346e-03 
0.0000000000000000e+00 0.0000000000000000e+00 0.0000000000000000e+00 1.0000000000000000e+00 
Art-counter-fast/0018.pcd
1.0000035762786865e+00 2.2406957577914000e-03 2.9089898453094065e-04 -2.9925856739282608e-02 
-2.2415141575038433e-03 9.9999994039535522e-01 3.1213371548801661e-03 1.8200181424617767e-02 
-2.8222909895703197e-04 -3.1218174844980240e-03 9.9999362230300903e-01 2.6866895495913923e-04 
0.0000000000000000e+00 0.0000000000000000e+00 0.0000000000000000e+00 1.0000000000000000e+00 
Art-counter-fast/0019.pcd
9.9999815225601196e-01 2.0781385246664286e-03 1.8852343782782555e-03 -4.8059835098683834e-03 
-2.0836691837757826e-03 1.0000048875808716e+00 3.2161613926291466e-03 1.5676347538828850e-02 
-1.8786344444379210e-03 -3.2204708550125360e-03 9.9999547004699707e-01 3.0103262979537249e-03 
0.0000000000000000e+00 0.0000000000000000e+00 0.0000000000000000e+00 1.0000000000000000e+00 
Art-counter-fast/0020.pcd
9.9998283386230469e-01 6.3297552987933159e-03 7.4133562156930566e-04 2.2464990615844727e-03 
-6.3306256197392941e-03 9.9998629093170166e-01 1.1447679717093706e-03 -6.8805960472673178e-04 
-7.3492882074788213e-04 -1.1498505482450128e-03 1.0000079870223999e+00 -1.0475547984242439e-02 
0.0000000000000000e+00 0.0000000000000000e+00 0.0000000000000000e+00 1.0000000000000000e+00 
Art-counter-fast/0021.pcd
9.9999451637268066e-01 2.4112970568239689e-03 -6.5902661299332976e-04 8.5042491555213928e-03 
-2.4125594645738602e-03 9.9999952316284180e-01 -2.2542218212038279e-03 4.8245605081319809e-02 
6.5256527159363031e-04 2.2559852804988623e-03 9.9999892711639404e-01 2.9261573217809200e-03 
0.0000000000000000e+00 0.0000000000000000e+00 0.0000000000000000e+00 1.0000000000000000e+00 
Art-counter-fast/0022.pcd
1.0000034570693970e+00 5.0982103857677430e-05 -1.6252878122031689e-03 4.7583836130797863e-03 
-5.0519025535322726e-05 1.0000106096267700e+00 1.6089035489130765e-04 -3.5938815562985837e-04 
1.6246780287474394e-03 -1.6026601952034980e-04 1.0000045299530029e+00 -1.5814672224223614e-03 
0.0000000000000000e+00 0.0000000000000000e+00 0.0000000000000000e+00 1.0000000000000000e+00 
Art-counter-fast/0023.pcd
9.9998694658279419e-01 5.9846425428986549e-03 2.7429554029367864e-04 1.2324511073529720e-02 
-5.9853815473616123e-03 9.9998629093170166e-01 2.8205008711665869e-03 2.6008022949099541e-02 
-2.5913037825375795e-04 -2.8219521045684814e-03 1.0000067949295044e+00 2.2755276877433062e-03 
0.0000000000000000e+00 0.0000000000000000e+00 0.0000000000000000e+00 1.0000000000000000e+00 
Art-counter-fast/0024.pcd
9.9998140335083008e-01 6.9660916924476624e-03 5.3088733693584800e-04 1.8255716189742088e-02 
-6.9680749438703060e-03 9.9997192621231079e-01 3.1935591250658035e-03 2.7998244389891624e-02 
-5.0715694669634104e-04 -3.1977170147001743e-03 9.9998694658279419e-01 1.2662579538300633e-03 
0.0000000000000000e+00 0.0000000000000000e+00 0.0000000000000000e+00 1.0000000000000000e+00 
Art-counter-fast/0025.pcd
9.9997311830520630e-01 7.2640441358089447e-03 4.5618347940035164e-04 1.6730349510908127e-02 
-7.2623044252395630e-03 9.9997049570083618e-01 -3.2447644043713808e-03 5.4694220423698425e-02 
-4.8068296746350825e-04 3.2407678663730621e-03 9.9999636411666870e-01 8.0241933465003967e-03 
0.0000000000000000e+00 0.0000000000000000e+00 0.0000000000000000e+00 1.0000000000000000e+00 
Art-counter-fast/0026.pcd
9.9997562170028687e-01 8.1595722585916519e-03 3.7096481537446380e-04 3.0140766873955727e-02 
-8.1592220813035965e-03 9.9997550249099731e-01 -6.9209223147481680e-04 5.9815153479576111e-02 
-3.7611945299431682e-04 6.9052539765834808e-04 1.0000016689300537e+00 1.8464120803400874e-03 
0.0000000000000000e+00 0.0000000000000000e+00 0.0000000000000000e+00 1.0000000000000000e+00 
Art-counter-fast/0027.pcd
9.9996250867843628e-01 1.0040547698736191e-02 3.4191730082966387e-04 2.0837107673287392e-02 
-1.0041682980954647e-02 9.9995976686477661e-01 2.5446221698075533e-03 5.3591769188642502e-02 
-3.1440070597454906e-04 -2.5456680450588465e-03 1.0000007152557373e+00 -2.9953743796795607e-03 
0.0000000000000000e+00 0.0000000000000000e+00 0.0000000000000000e+00 1.0000000000000000e+00 
Art-counter-fast/0028.pcd
9.9996203184127808e-01 9.5469346269965172e-03 -1.1831668962258846e-04 2.8125762939453125e-02 
-9.5472019165754318e-03 9.9995988607406616e-01 -4.1874792077578604e-04 7.1853034198284149e-02 
1.1431291932240129e-04 4.2231660336256027e-04 1.0000022649765015e+00 9.2190923169255257e-03 
0.0000000000000000e+00 0.0000000000000000e+00 0.0000000000000000e+00 1.0000000000000000e+00 
Art-counter-fast/0029.pcd
9.9993610382080078e-01 1.1518276296555996e-02 1.9990355940535665e-04 3.3170439302921295e-02 
-1.1518851853907108e-02 9.9993038177490234e-01 2.8159264475107193e-03 5.8490838855504990e-02 
-1.6783141472842544e-04 -2.8195844497531652e-03 9.9999964237213135e-01 1.0547685815254226e-04 
0.0000000000000000e+00 0.0000000000000000e+00 0.0000000000000000e+00 1.0000000000000000e+00 
Art-counter-fast/0030.pcd
9.9992614984512329e-01 1.2601198628544807e-02 2.6105635333806276e-04 3.8076225668191910e-02 
-1.2601934373378754e-02 9.9992758035659790e-01 1.3919069897383451e-03 7.7400892972946167e-02 
-2.4310457229148597e-04 -1.3955392641946673e-03 1.0000065565109253e+00 5.2079125307500362e-03 
0.0000000000000000e+00 0.0000000000000000e+00 0.0000000000000000e+00 1.0000000000000000e+00 
Art-counter-fast/0031.pcd
9.9991500377655029e-01 1.3746343553066254e-02 8.0532608990324661e-06 3.2951820641756058e-02 
-1.3746408745646477e-02 9.9989867210388184e-01 -4.8376466147601604e-03 8.1957466900348663e-02 
-7.4364732427056879e-05 4.8361136578023434e-03 9.9999409914016724e-01 9.2199882492423058e-03 
0.0000000000000000e+00 0.0000000000000000e+00 0.0000000000000000e+00 1.0000000000000000e+00 
Art-counter-fast/0032.pcd
9.9992161989212036e-01 1.3349772430956364e-02 2.4090828082989901e-04 3.8809128105640411e-02 
-1.3349439948797226e-02 9.9991697072982788e-01 -2.6063332334160805e-03 9.5740325748920441e-02 
-2.7382522239349782e-04 2.6018018834292889e-03 1.0000002384185791e+00 8.0784447491168976e-03 
0.0000000000000000e+00 0.0000000000000000e+00 0.0000000000000000e+00 1.0000000000000000e+00 
Art-counter-fast/0033.pcd
9.9991595745086670e-01 1.3479759916663170e-02 2.2234981879591942e-03 3.7371624261140823e-02 
-1.3483427464962006e-02 9.9991828203201294e-01 1.5994030982255936e-03 1.0198636353015900e-01 
-2.2009310778230429e-03 -1.6280455747619271e-03 9.9999964237213135e-01 1.8174184951931238e-03 
0.0000000000000000e+00 0.0000000000000000e+00 0.0000000000000000e+00 1.0000000000000000e+00 
Art-counter-fast/0034.pcd
9.9990838766098022e-01 1.4086931943893433e-02 2.1266750991344452e-03 5.0378665328025818e-02 
-1.4086343348026276e-02 9.9990910291671753e-01 -3.2769865356385708e-04 1.1416610330343246e-01 
-2.1332397591322660e-03 2.9754391289316118e-04 1.0000072717666626e+00 4.5877266675233841e-03 
0.0000000000000000e+00 0.0000000000000000e+00 0.0000000000000000e+00 1.0000000000000000e+00 
Art-counter-fast/0035.pcd
9.9989855289459229e-01 1.4536034315824509e-02 2.3993046488612890e-03 4.2167637497186661e-02 
-1.4528241008520126e-02 9.9989467859268188e-01 -3.1884342897683382e-03 1.1855089664459229e-01 
-2.4450358469039202e-03 3.1536950264126062e-03 9.9999248981475830e-01 5.9849922545254230e-03 
0.0000000000000000e+00 0.0000000000000000e+00 0.0000000000000000e+00 1.0000000000000000e+00 
Art-counter-fast/0036.pcd
9.9993795156478882e-01 1.2626904994249344e-02 2.1889018826186657e-03 4.2049936950206757e-02 
-1.2624203227460384e-02 9.9992316961288452e-01 -1.7112694913521409e-03 1.3096050918102264e-01 
-2.2093397565186024e-03 1.6778744757175446e-03 1.0000051259994507e+00 1.2002392672002316e-02 
0.0000000000000000e+00 0.0000000000000000e+00 0.0000000000000000e+00 1.0000000000000000e+00 
Art-counter-fast/0037.pcd
9.9994331598281860e-01 1.0834270156919956e-02 2.7647675015032291e-03 3.2530438154935837e-02 
-1.0830983519554138e-02 9.9994421005249023e-01 -1.1234539560973644e-03 1.5624251961708069e-01 
-2.7770265005528927e-03 1.0919847991317511e-03 9.9999994039535522e-01 5.5612069554626942e-03 
0.0000000000000000e+00 0.0000000000000000e+00 0.0000000000000000e+00 1.0000000000000000e+00 
Art-counter-fast/0038.pcd
9.9997836351394653e-01 8.2694329321384430e-03 7.2413479210808873e-04 3.8714647293090820e-02 
-8.2691768184304237e-03 9.9998331069946289e-01 -1.2302513641770929e-04 1.6300848126411438e-01 
-7.2527595330029726e-04 1.1932173947570845e-04 1.0000032186508179e+00 2.9158052057027817e-03 
0.0000000000000000e+00 0.0000000000000000e+00 0.0000000000000000e+00 1.0000000000000000e+00 
Art-counter-fast/0039.pcd
9.9998921155929565e-01 5.1239714957773685e-03 -1.8234782619401813e-03 3.7943288683891296e-02 
-5.1296893507242203e-03 9.9998861551284790e-01 -3.0850872863084078e-03 1.9829940795898438e-01 
1.8088695360347629e-03 3.0956938862800598e-03 9.9999481439590454e-01 5.0696483813226223e-03 
0.0000000000000000e+00 0.0000000000000000e+00 0.0000000000000000e+00 1.0000000000000000e+00 
Art-counter-fast/0040.pcd
9.9998128414154053e-01 6.6237850114703178e-03 -3.3250190317630768e-03 4.7655310481786728e-02 
-6.6233654506504536e-03 9.9998205900192261e-01 2.5284750154241920e-04 2.2613324224948883e-01 
3.3269478008151054e-03 -2.2927780810277909e-04 1.0000028610229492e+00 4.3533919379115105e-03 
0.0000000000000000e+00 0.0000000000000000e+00 0.0000000000000000e+00 1.0000000000000000e+00 
Art-counter-fast/0041.pcd
9.9996203184127808e-01 8.3909407258033752e-03 -3.3565880730748177e-03 5.5670555680990219e-02 
-8.3742327988147736e-03 9.9994874000549316e-01 4.9713216722011566e-03 2.2184345126152039e-01 
3.3984011970460415e-03 -4.9446290358901024e-03 9.9998748302459717e-01 3.5032785963267088e-03 
0.0000000000000000e+00 0.0000000000000000e+00 0.0000000000000000e+00 1.0000000000000000e+00 
Art-counter-fast/0042.pcd
9.9998724460601807e-01 6.9314329884946346e-03 -1.5314649790525436e-03 5.0635002553462982e-02 
-6.9319210015237331e-03 9.9998044967651367e-01 -3.3445950248278677e-04 2.4388302862644196e-01 
1.5298402868211269e-03 3.4546703682281077e-04 1.0000021457672119e+00 1.4361905865371227e-02 
0.0000000000000000e+00 0.0000000000000000e+00 0.0000000000000000e+00 1.0000000000000000e+00 
Art-counter-fast/0043.pcd
9.9997287988662720e-01 8.4250196814537048e-03 1.8636317690834403e-03 6.3396453857421875e-02 
-8.4320735186338425e-03 9.9996185302734375e-01 3.8196414243429899e-03 2.6030248403549194e-01 
-1.8308350117877126e-03 -3.8347414229065180e-03 9.9999356269836426e-01 8.7314415723085403e-03 
0.0000000000000000e+00 0.0000000000000000e+00 0.0000000000000000e+00 1.0000000000000000e+00 
Art-counter-fast/0044.pcd
9.9997234344482422e-01 7.8684845939278603e-03 3.7306570447981358e-03 5.3960356861352921e-02 
-7.8774215653538704e-03 9.9997830390930176e-01 2.2738038096576929e-03 2.7540528774261475e-01 
-3.7115630693733692e-03 -2.3031614255160093e-03 9.9999475479125977e-01 1.4600550755858421e-02 
0.0000000000000000e+00 0.0000000000000000e+00 0.0000000000000000e+00 1.0000000000000000e+00 
Art-counter-fast/0045.pcd
9.9999731779098511e-01 2.4478523992002010e-03 4.3146722018718719e-03 2.5440229102969170e-02 
-2.4582834448665380e-03 1.0000044107437134e+00 2.3343397770076990e-03 2.3763237893581390e-01 
-4.3098893947899342e-03 -2.3447040002793074e-03 9.9998801946640015e-01 1.5239101834595203e-02 
0.0000000000000000e+00 0.0000000000000000e+00 0.0000000000000000e+00 1.0000000000000000e+00 
Art-counter-fast/0046.pcd
9.9999165534973145e-01 3.9899540133774281e-03 4.3918117880821228e-03 5.9712696820497513e-02 
-3.9910282939672470e-03 1.0000025033950806e+00 1.5765646821819246e-04 2.6142084598541260e-01 
-4.3920390307903290e-03 -1.7218498396687210e-04 9.9999344348907471e-01 1.2899912893772125e-02 
0.0000000000000000e+00 0.0000000000000000e+00 0.0000000000000000e+00 1.0000000000000000e+00 
Art-counter-fast/0047.pcd
9.9999719858169556e-01 -2.2951136343181133e-03 1.8336651846766472e-03 4.2648479342460632e-02 
2.2839410230517387e-03 9.9998164176940918e-01 6.1079915612936020e-03 2.2705923020839691e-01 
-1.8493831157684326e-03 -6.1037624254822731e-03 9.9998307228088379e-01 1.5154892578721046e-02 
0.0000000000000000e+00 0.0000000000000000e+00 0.0000000000000000e+00 1.0000000000000000e+00 
Art-counter-fast/0048.pcd
1.0000004768371582e+00 -6.5671518677845597e-04 -1.2333844788372517e-03 3.0852358788251877e-02 
6.4500962616875768e-04 9.9995946884155273e-01 -9.8575539886951447e-03 2.7360841631889343e-01 
1.2390441261231899e-03 9.8566468805074692e-03 9.9995332956314087e-01 2.0197218284010887e-02 
0.0000000000000000e+00 0.0000000000000000e+00 0.0000000000000000e+00 1.0000000000000000e+00 
Art-counter-fast/0049.pcd
9.9998515844345093e-01 -5.8911326341331005e-03 -3.5883386153727770e-03 3.4447602927684784e-02 
5.8599957264959812e-03 9.9995279312133789e-01 -8.4675103425979614e-03 2.7945977449417114e-01 
3.6357396747916937e-03 8.4469970315694809e-03 9.9995893239974976e-01 2.0549837499856949e-02 
0.0000000000000000e+00 0.0000000000000000e+00 0.0000000000000000e+00 1.0000000000000000e+00 
Art-counter-fast/0050.pcd
9.9998307228088379e-01 -7.3005231097340584e-03 2.0567479077726603e-04 4.9403175711631775e-02 
7.2980588302016258e-03 9.9992537498474121e-01 1.0688538663089275e-02 2.5839194655418396e-01 
-2.8312546783126891e-04 -1.0686925612390041e-02 9.9994981288909912e-01 2.2357767447829247e-02 
0.0000000000000000e+00 0.0000000000000000e+00 0.0000000000000000e+00 1.0000000000000000e+00 
Art-counter-fast/0051.pcd
9.9995118379592896e-01 -1.0442442260682583e-02 6.0157151892781258e-04 4.8964489251375198e-02 
1.0437586344778538e-02 9.9992054700851440e-01 8.0002695322036743e-03 2.2789041697978973e-01 
-6.8717508111149073e-04 -7.9934429377317429e-03 9.9997073411941528e-01 8.2203699275851250e-03 
0.0000000000000000e+00 0.0000000000000000e+00 0.0000000000000000e+00 1.0000000000000000e+00 
Art-counter-fast/0052.pcd
9.9998271465301514e-01 -7.3207174427807331e-03 2.2000232711434364e-03 3.9813995361328125e-02 
7.3521370068192482e-03 9.9987667798995972e-01 -1.4550382271409035e-02 2.5641837716102600e-01 
-2.0947954617440701e-03 1.4565891586244106e-02 9.9989670515060425e-01 1.6711225733160973e-02 
0.0000000000000000e+00 0.0000000000000000e+00 0.0000000000000000e+00 1.0000000000000000e+00 
Art-counter-fast/0053.pcd
9.9996429681777954e-01 -9.4607286155223846e-03 -1.1954187357332557e-04 3.1827479600906372e-02 
9.4592357054352760e-03 9.9991935491561890e-01 -9.1856485232710838e-03 3.0253115296363831e-01 
2.0403537200763822e-04 9.1839255765080452e-03 9.9996101856231689e-01 1.5963250771164894e-02 
0.0000000000000000e+00 0.0000000000000000e+00 0.0000000000000000e+00 1.0000000000000000e+00 
Art-counter-fast/0054.pcd
9.9996995925903320e-01 -8.8239489123225212e-03 -8.7479775538668036e-04 5.7479176670312881e-02 
8.8339643552899361e-03 9.9989801645278931e-01 1.1944491416215897e-02 2.1157447993755341e-01 
7.6870096381753683e-04 -1.1952035129070282e-02 9.9993097782135010e-01 -1.7059767618775368e-02 
0.0000000000000000e+00 0.0000000000000000e+00 0.0000000000000000e+00 1.0000000000000000e+00 
Art-counter-fast/0055.pcd
1.0000008344650269e+00 -4.0480792522430420e-03 1.2187269749119878e-03 7.2913534939289093e-02 
4.0350672788918018e-03 9.9994450807571411e-01 1.0575694032013416e-02 1.7535389959812164e-01 
-1.2624636292457581e-03 -1.0570746846497059e-02 9.9995070695877075e-01 -2.4067252874374390e-02 
0.0000000000000000e+00 0.0000000000000000e+00 0.0000000000000000e+00 1.0000000000000000e+00 
Art-counter-fast/0056.pcd
9.9999505281448364e-01 -5.6382878683507442e-03 7.6832358899991959e-05 6.5990954637527466e-02 
5.6379549205303192e-03 9.9998629093170166e-01 3.7883541081100702e-03 1.6656120121479034e-01 
-9.8885473562404513e-05 -3.7878942675888538e-03 9.9999827146530151e-01 -1.2097070924937725e-02 
0.0000000000000000e+00 0.0000000000000000e+00 0.0000000000000000e+00 1.0000000000000000e+00 
Art-counter-fast/0057.pcd
9.9998492002487183e-01 -5.9250392951071262e-03 -2.8319270350039005e-03 5.8343149721622467e-02 
5.9088501147925854e-03 9.9997228384017944e-01 -5.7003502734005451e-03 2.1775959432125092e-01 
2.8659056406468153e-03 5.6824213825166225e-03 9.9998426437377930e-01 -2.7077397680841386e-04 
0.0000000000000000e+00 0.0000000000000000e+00 0.0000000000000000e+00 1.0000000000000000e+00 
Art-counter-fast/0058.pcd
9.9996405839920044e-01 -8.9084785431623459e-03 1.1991795618087053e-03 4.9616582691669464e-02 
8.9052738621830940e-03 9.9995744228363037e-01 2.1093250252306461e-03 2.3596464097499847e-01 
-1.2156647862866521e-03 -2.0989282056689262e-03 9.9999821186065674e-01 1.1521601118147373e-02 
0.0000000000000000e+00 0.0000000000000000e+00 0.0000000000000000e+00 1.0000000000000000e+00 
Art-counter-fast/0059.pcd
9.9995011091232300e-01 -1.0529132559895515e-02 2.0720737520605326e-03 4.4821035116910934e-02 
1.0515693575143814e-02 9.9992972612380981e-01 6.2491819262504578e-03 2.1717610955238342e-01 
-2.1378549281507730e-03 -6.2267291359603405e-03 9.9998193979263306e-01 6.7614591680467129e-03 
0.0000000000000000e+00 0.0000000000000000e+00 0.0000000000000000e+00 1.0000000000000000e+00 
Art-counter-fast/0060.pcd
9.9990367889404297e-01 -1.4575032517313957e-02 2.6710057863965631e-04 1.7004890367388725e-02 
1.4576695859432220e-02 9.9989241361618042e-01 -5.1911114715039730e-03 3.2867109775543213e-01 
-1.9251123012509197e-04 5.1948609761893749e-03 9.9999320507049561e-01 1.8750257790088654e-02 
0.0000000000000000e+00 0.0000000000000000e+00 0.0000000000000000e+00 1.0000000000000000e+00 
Art-counter-fast/0061.pcd
9.9988579750061035e-01 -1.5647124499082565e-02 1.3126247795298696e-03 2.0286161452531815e-02 
1.5652302652597427e-02 9.9987411499023438e-01 -4.1678589768707752e-03 2.9861146211624146e-01 
-1.2470970395952463e-03 4.1878614574670792e-03 9.9999159574508667e-01 8.5687525570392609e-03 
0.0000000000000000e+00 0.0000000000000000e+00 0.0000000000000000e+00 1.0000000000000000e+00 
Art-counter-fast/0062.pcd
9.9991530179977417e-01 -1.3706057332456112e-02 1.9620801322162151e-03 3.8288760930299759e-02 
1.3683203607797623e-02 9.9985420703887939e-01 1.1117769405245781e-02 2.6397281885147095e-01 
-2.1136049181222916e-03 -1.1089947074651718e-02 9.9994242191314697e-01 -1.2495720293372869e-03 
0.0000000000000000e+00 0.0000000000000000e+00 0.0000000000000000e+00 1.0000000000000000e+00 
Art-counter-fast/0063.pcd
9.9992799758911133e-01 -1.2349041178822517e-02 1.9644047133624554e-03 2.3707404732704163e-02 
1.2322343885898590e-02 9.9984443187713623e-01 1.3270009309053421e-02 2.5803807377815247e-01 
-2.1281549707055092e-03 -1.3244547881186008e-02 9.9991458654403687e-01 6.7171030677855015e-03 
0.0000000000000000e+00 0.0000000000000000e+00 0.0000000000000000e+00 1.0000000000000000e+00 
Art-counter-fast/0064.pcd
9.9988031387329102e-01 -1.5838548541069031e-02 -8.1092503387480974e-04 4.4008130207657814e-03 
1.5837479382753372e-02 9.9987971782684326e-01 -1.2578167952597141e-03 2.8965154290199280e-01 
8.3175575127825141e-04 1.2446001637727022e-03 1.0000014305114746e+00 3.7585958838462830e-02 
0.0000000000000000e+00 0.0000000000000000e+00 0.0000000000000000e+00 1.0000000000000000e+00 
Art-counter-fast/0065.pcd
9.9991679191589355e-01 -1.3652733527123928e-02 7.0357683580368757e-04 1.2083830311894417e-02 
1.3651341199874878e-02 9.9991410970687866e-01 1.8741359235718846e-03 3.9425164461135864e-01 
-7.2818598710000515e-04 -1.8640840426087379e-03 1.0000002384185791e+00 7.9610999673604965e-03 
0.0000000000000000e+00 0.0000000000000000e+00 0.0000000000000000e+00 1.0000000000000000e+00 
Art-counter-fast/0066.pcd
9.9994975328445435e-01 -9.7693428397178650e-03 4.9643409438431263e-03 1.5601190738379955e-02 
9.7390152513980865e-03 9.9994260072708130e-01 6.1081699095666409e-03 4.3982028961181641e-01 
-5.0224731676280499e-03 -6.0599492862820625e-03 9.9997448921203613e-01 -3.3909066114574671e-03 
0.0000000000000000e+00 0.0000000000000000e+00 0.0000000000000000e+00 1.0000000000000000e+00 
Art-counter-fast/0067.pcd
9.9992215633392334e-01 -1.3395859859883785e-02 1.5395525842905045e-03 -1.0616573272272944e-03 
1.3381642289459705e-02 9.9988037347793579e-01 8.7685398757457733e-03 4.2847320437431335e-01 
-1.6570520820096135e-03 -8.7472656741738319e-03 9.9996501207351685e-01 5.3417761810123920e-03 
0.0000000000000000e+00 0.0000000000000000e+00 0.0000000000000000e+00 1.0000000000000000e+00 
Art-counter-fast/0068.pcd
9.9989825487136841e-01 -1.3872447423636913e-02 -4.8610242083668709e-03 -1.0853156447410583e-02 
1.3924616388976574e-02 9.9985671043395996e-01 1.0679236613214016e-02 4.3741536140441895e-01 
4.7126635909080505e-03 -1.0745665989816189e-02 9.9993211030960083e-01 -2.1998293232172728e-03 
0.0000000000000000e+00 0.0000000000000000e+00 0.0000000000000000e+00 1.0000000000000000e+00 
Art-counter-fast/0069.pcd
9.9989688396453857e-01 -1.3352284207940102e-02 -6.2362123280763626e-03 -1.1294659227132797e-02 
1.3416042551398277e-02 9.9986195564270020e-01 1.0296843014657497e-02 4.4411003589630127e-01 
6.0980198904871941e-03 -1.0379599407315254e-02 9.9993151426315308e-01 8.5873957723379135e-03 
0.0000000000000000e+00 0.0000000000000000e+00 0.0000000000000000e+00 1.0000000000000000e+00 
Art-counter-fast/0070.pcd
9.9989861249923706e-01 -1.2023806571960449e-02 -8.8874148204922676e-03 2.5469224783591926e-04 
1.1996134184300900e-02 9.9993294477462769e-01 -3.1825583428144455e-03 4.4405928254127502e-01 
8.9252945035696030e-03 3.0755978077650070e-03 9.9995774030685425e-01 1.5424405224621296e-02 
0.0000000000000000e+00 0.0000000000000000e+00 0.0000000000000000e+00 1.0000000000000000e+00 
Art-counter-fast/0071.pcd
9.9995529651641846e-01 -4.7168368473649025e-03 -8.7849944829940796e-03 2.0704211201518774e-03 
4.6377149410545826e-03 9.9995261430740356e-01 -9.0272566303610802e-03 3.7677767872810364e-01 
8.8265584781765938e-03 8.9862486347556114e-03 9.9992448091506958e-01 1.7121905460953712e-02 
0.0000000000000000e+00 0.0000000000000000e+00 0.0000000000000000e+00 1.0000000000000000e+00 
Art-counter-fast/0072.pcd
9.9999296665191650e-01 -1.5991423279047012e-03 -6.3923778943717480e-03 1.5879079699516296e-02 
1.6050065169110894e-03 1.0000118017196655e+00 9.2990661505609751e-04 4.2149832844734192e-01 
6.3900416716933250e-03 -9.4036426162347198e-04 9.9998319149017334e-01 1.8241198733448982e-02 
0.0000000000000000e+00 0.0000000000000000e+00 0.0000000000000000e+00 1.0000000000000000e+00 
Art-counter-fast/0073.pcd
9.9998462200164795e-01 -4.3736612424254417e-03 -5.2146785892546177e-03 2.7720557991415262e-03 
4.3396144174039364e-03 9.9997550249099731e-01 -6.5649645403027534e-03 4.1048911213874817e-01 
5.2446667104959488e-03 6.5420530736446381e-03 9.9996894598007202e-01 4.1621461510658264e-02 
0.0000000000000000e+00 0.0000000000000000e+00 0.0000000000000000e+00 1.0000000000000000e+00 
Art-counter-fast/0074.pcd
9.9999666213989258e-01 -4.9112094566226006e-03 -2.2778841666877270e-03 1.3665296137332916e-02 
4.8869582824409008e-03 9.9994045495986938e-01 -1.0619477368891239e-02 4.2781201004981995e-01 
2.3295448627322912e-03 1.0607698000967503e-02 9.9994462728500366e-01 4.4511105865240097e-02 
0.0000000000000000e+00 0.0000000000000000e+00 0.0000000000000000e+00 1.0000000000000000e+00 
Art-counter-fast/0075.pcd
9.9999213218688965e-01 -5.4964213632047176e-03 1.3156521599739790e-03 2.0350167527794838e-02 
5.5073597468435764e-03 9.9996221065521240e-01 -8.1258341670036316e-03 4.2731079459190369e-01 
-1.2719032820314169e-03 8.1327715888619423e-03 9.9997037649154663e-01 2.2252507507801056e-02 
0.0000000000000000e+00 0.0000000000000000e+00 0.0000000000000000e+00 1.0000000000000000e+00 
Art-counter-fast/0076.pcd
9.9999147653579712e-01 -2.6707716751843691e-03 3.2153232023119926e-03 2.5082832202315331e-02 
2.6788460090756416e-03 9.9999499320983887e-01 -2.3164278827607632e-03 4.7216439247131348e-01 
-3.2097762450575829e-03 2.3247420322149992e-03 9.9999237060546875e-01 1.7049159854650497e-02 
0.0000000000000000e+00 0.0000000000000000e+00 0.0000000000000000e+00 1.0000000000000000e+00 
Art-counter-fast/0077.pcd
1.0000005960464478e+00 -4.3208259157836437e-03 2.6960736140608788e-03 2.0520484074950218e-02 
4.2839283123612404e-03 9.9990904331207275e-01 1.3403230346739292e-02 4.5482537150382996e-01 
-2.7539578732103109e-03 -1.3391626067459583e-02 9.9990898370742798e-01 1.0311625897884369e-02 
0.0000000000000000e+00 0.0000000000000000e+00 0.0000000000000000e+00 1.0000000000000000e+00 
Art-counter-fast/0078.pcd
9.9997973442077637e-01 -7.5891134329140186e-03 1.5395758673548698e-03 1.6648028045892715e-02 
7.5758746825158596e-03 9.9994355440139771e-01 8.9803570881485939e-03 4.3209701776504517e-01 
-1.6090529970824718e-03 -8.9681968092918396e-03 9.9996048212051392e-01 7.0488150231540203e-03 
0.0000000000000000e+00 0.0000000000000000e+00 0.0000000000000000e+00 1.0000000000000000e+00 
Art-counter-fast/0079.pcd
9.9999767541885376e-01 -4.2477925308048725e-03 1.7451224848628044e-03 1.9846234470605850e-02 
4.2569357901811600e-03 9.9998861551284790e-01 -4.8079728148877621e-03 4.4114711880683899e-01 
-1.7256583087146282e-03 4.8157833516597748e-03 9.9998784065246582e-01 2.7202857658267021e-02 
0.0000000000000000e+00 0.0000000000000000e+00 0.0000000000000000e+00 1.0000000000000000e+00 
Art-counter-fast/0080.pcd
9.9998778104782104e-01 -7.7316006645560265e-03 1.6021648189052939e-03 4.2022718116641045e-03 
7.7363299205899239e-03 9.9998855590820312e-01 -2.4097072891891003e-03 3.8729807734489441e-01 
-1.5836298698559403e-03 2.4229409173130989e-03 1.0000045299530029e+00 1.9572053104639053e-02 
0.0000000000000000e+00 0.0000000000000000e+00 0.0000000000000000e+00 1.0000000000000000e+00 
Art-counter-fast/0081.pcd
9.9999636411666870e-01 -5.3748898208141327e-03 7.9937564441934228e-04 2.1193703636527061e-02 
5.3828181698918343e-03 9.9993687868118286e-01 -1.0660763829946518e-02 4.3800714612007141e-01 
-7.4176525231450796e-04 1.0665272362530231e-02 9.9994575977325439e-01 2.0829765126109123e-02 
0.0000000000000000e+00 0.0000000000000000e+00 0.0000000000000000e+00 1.0000000000000000e+00 
Art-counter-fast/0082.pcd
1.0000058412551880e+00 3.5074052866548300e-03 1.2846033787354827e-03 4.6012945473194122e-02 
-3.5168190952390432e-03 9.9997323751449585e-01 7.5375000014901161e-03 4.7371879220008850e-01 
-1.2600381160154939e-03 -7.5414590537548065e-03 9.9997663497924805e-01 1.2835432775318623e-02 
0.0000000000000000e+00 0.0000000000000000e+00 0.0000000000000000e+00 1.0000000000000000e+00 
Art-counter-fast/0083.pcd
1.0000129938125610e+00 -4.4389589675120078e-06 1.4987830072641373e-03 4.4655464589595795e-02 
-2.0034167391713709e-05 9.9988770484924316e-01 1.5638150274753571e-02 3.8723453879356384e-01 
-1.4962609857320786e-03 -1.5637286007404327e-02 9.9988162517547607e-01 4.4599786633625627e-04 
0.0000000000000000e+00 0.0000000000000000e+00 0.0000000000000000e+00 1.0000000000000000e+00 
Art-counter-fast/0084.pcd
1.0000137090682983e+00 5.4110445489641279e-05 6.2126864213496447e-04 4.6801999211311340e-02 
-5.8244018873665482e-05 9.9999463558197021e-01 4.6322522684931755e-03 4.3095833063125610e-01 
-6.2125880504027009e-04 -4.6323258429765701e-03 9.9999356269836426e-01 -2.0192603114992380e-03 
0.0000000000000000e+00 0.0000000000000000e+00 0.0000000000000000e+00 1.0000000000000000e+00 
Art-counter-fast/0085.pcd
1.0000046491622925e+00 -1.9741884898394346e-03 -4.4161116238683462e-04 4.1181270033121109e-02 
1.9730702042579651e-03 1.0000048875808716e+00 -4.9933680566027761e-04 3.4099406003952026e-01 
4.4460751814767718e-04 4.9964594654738903e-04 1.0000014305114746e+00 4.2839022353291512e-03 
0.0000000000000000e+00 0.0000000000000000e+00 0.0000000000000000e+00 1.0000000000000000e+00 
Art-counter-fast/0086.pcd
1.0000026226043701e+00 3.9091375656425953e-03 -6.9688376970589161e-04 4.2107064276933670e-02 
-3.9121531881392002e-03 9.9999010562896729e-01 -4.3635070323944092e-03 4.1917639970779419e-01 
6.7937560379505157e-04 4.3665110133588314e-03 9.9999219179153442e-01 1.6181981191039085e-02 
0.0000000000000000e+00 0.0000000000000000e+00 0.0000000000000000e+00 1.0000000000000000e+00 
Art-counter-fast/0087.pcd
9.9999737739562988e-01 -5.1032807677984238e-03 -2.7719191275537014e-03 3.6147695034742355e-02 
5.1173004321753979e-03 9.9998122453689575e-01 5.3500575013458729e-03 3.7816551327705383e-01 
2.7447652537375689e-03 -5.3639365360140800e-03 9.9998784065246582e-01 -1.0316182859241962e-02 
0.0000000000000000e+00 0.0000000000000000e+00 0.0000000000000000e+00 1.0000000000000000e+00 
Art-counter-fast/0088.pcd
1.0000104904174805e+00 -1.4405584661290050e-03 -1.3690047198906541e-03 3.9170511066913605e-02 
1.4361435314640403e-03 9.9999910593032837e-01 -1.6669144388288260e-03 4.2712029814720154e-01 
1.3707568868994713e-03 1.6635287320241332e-03 1.0000070333480835e+00 9.0703498572111130e-03 
0.0000000000000000e+00 0.0000000000000000e+00 0.0000000000000000e+00 1.0000000000000000e+00 
Art-counter-fast/0089.pcd
1.0000019073486328e+00 -6.5776525298133492e-04 1.7684848280623555e-03 4.0054846554994583e-02 
6.6000584047287703e-04 1.0000036954879761e+00 -1.1539335828274488e-03 4.1498488187789917e-01 
-1.7682943725958467e-03 1.1554746888577938e-03 1.0000002384185791e+00 3.0261941254138947e-02 
0.0000000000000000e+00 0.0000000000000000e+00 0.0000000000000000e+00 1.0000000000000000e+00 
Art-counter-fast/0090.pcd
9.9999630451202393e-01 -4.1051269508898258e-03 2.8002087492495775e-03 3.0279325321316719e-02 
4.0743662975728512e-03 9.9994266033172607e-01 1.0611965321004391e-02 2.9900634288787842e-01 
-2.8430016245692968e-03 -1.0599895380437374e-02 9.9994468688964844e-01 -1.1426136828958988e-02 
0.0000000000000000e+00 0.0000000000000000e+00 0.0000000000000000e+00 1.0000000000000000e+00 
Art-counter-fast/0091.pcd
9.9997055530548096e-01 -8.1640351563692093e-03 -1.0402372572571039e-03 1.5962673351168633e-02 
8.1656919792294502e-03 9.9997675418853760e-01 -3.9264949737116694e-04 2.7030479907989502e-01 
1.0429031681269407e-03 3.8438089541159570e-04 1.0000030994415283e+00 -1.2130908435210586e-03 
0.0000000000000000e+00 0.0000000000000000e+00 0.0000000000000000e+00 1.0000000000000000e+00 
Art-counter-fast/0092.pcd
9.9999368190765381e-01 -4.2383847758173943e-03 -2.4432220961898565e-03 3.3449534326791763e-02 
4.2195399291813374e-03 9.9996531009674072e-01 -7.5021353550255299e-03 3.8422515988349915e-01 
2.4775806814432144e-03 7.4910540133714676e-03 9.9997049570083618e-01 9.2732636258006096e-03 
0.0000000000000000e+00 0.0000000000000000e+00 0.0000000000000000e+00 1.0000000000000000e+00 
Art-counter-fast/0093.pcd
1.0000023841857910e+00 -3.1772698275744915e-03 1.9790539517998695e-03 2.4390514940023422e-02 
3.1514358706772327e-03 9.9992126226425171e-01 1.2732183560729027e-02 4.4189161062240601e-01 
-2.0192656666040421e-03 -1.2725045904517174e-02 9.9991995096206665e-01 2.3154558613896370e-02 
0.0000000000000000e+00 0.0000000000000000e+00 0.0000000000000000e+00 1.0000000000000000e+00 
Art-counter-fast/0094.pcd
9.9998968839645386e-01 -5.2790944464504719e-03 2.4284801911562681e-03 3.1921237707138062e-02 
5.2620535716414452e-03 9.9997013807296753e-01 6.7557566799223423e-03 4.3061247467994690e-01 
-2.4643114302307367e-03 -6.7424043081700802e-03 9.9998307228088379e-01 1.4429065631702542e-03 
0.0000000000000000e+00 0.0000000000000000e+00 0.0000000000000000e+00 1.0000000000000000e+00 
Art-counter-fast/0095.pcd
1.0000078678131104e+00 -2.7931667864322662e-03 -5.2568828687071800e-04 2.7951696887612343e-02 
2.7874188963323832e-03 9.9996316432952881e-01 -8.8395746424794197e-03 4.0794339776039124e-01 
5.5052962852641940e-04 8.8395215570926666e-03 9.9996131658554077e-01 2.0038476213812828e-02 
0.0000000000000000e+00 0.0000000000000000e+00 0.0000000000000000e+00 1.0000000000000000e+00 
Art-counter-fast/0096.pcd
9.9999874830245972e-01 -4.8263920471072197e-03 -8.6538182131334906e-07 1.5265139751136303e-02 
4.8258742317557335e-03 9.9998968839645386e-01 2.9825845267623663e-03 4.5141839981079102e-01 
-1.3972460692457389e-05 -2.9819270130246878e-03 1.0000033378601074e+00 1.4357444830238819e-02 
0.0000000000000000e+00 0.0000000000000000e+00 0.0000000000000000e+00 1.0000000000000000e+00 
Art-counter-fast/0097.pcd
9.9999892711639404e-01 -3.7359285634011030e-03 5.8677344350144267e-04 1.6315594315528870e-02 
3.7319732364267111e-03 9.9998408555984497e-01 6.4224442467093468e-03 4.3588298559188843e-01 
-6.1097647994756699e-04 -6.4187063835561275e-03 9.9998384714126587e-01 1.3013769872486591e-02 
0.0000000000000000e+00 0.0000000000000000e+00 0.0000000000000000e+00 1.0000000000000000e+00 
Art-counter-fast/0098.pcd
1.0000042915344238e+00 -4.2638299055397511e-03 5.6863407371565700e-04 2.4446606636047363e-02 
4.2665940709412098e-03 9.9998068809509277e-01 -5.4128109477460384e-03 4.5108029246330261e-01 
-5.4548069601878524e-04 5.4149827919900417e-03 9.9998730421066284e-01 4.2516801506280899e-02 
0.0000000000000000e+00 0.0000000000000000e+00 0.0000000000000000e+00 1.0000000000000000e+00 
Art-counter-fast/0099.pcd
1.0000110864639282e+00 -7.4118177872151136e-04 7.1149721043184400e-04 3.5981412976980209e-02 
7.4682774720713496e-04 9.9996995925903320e-01 -8.6206840351223946e-03 4.6335026621818542e-01 
