Art-clockwise-fast/0000.pcd
-8.9297115802764893e-01 4.5011389255523682e-01 0.0000000000000000e+00 0.0000000000000000e+00 
-4.5011389255523682e-01 -8.9297115802764893e-01 -0.0000000000000000e+00 0.0000000000000000e+00 
-0.0000000000000000e+00 0.0000000000000000e+00 1.0000000000000000e+00 0.0000000000000000e+00 
0.0000000000000000e+00 0.0000000000000000e+00 0.0000000000000000e+00 1.0000000000000000e+00 
Art-clockwise-fast/0001.pcd
9.9999839067459106e-01 -1.0280851711286232e-05 1.3838230188412126e-05 -1.3322216691449285e-03 
1.0214966096100397e-05 9.9999719858169556e-01 -3.3341971175104845e-06 6.6892976064991672e-06 
-1.3375028174777981e-05 2.3724155653326306e-06 1.0000038146972656e+00 -2.3884507527327514e-07 
0.0000000000000000e+00 0.0000000000000000e+00 0.0000000000000000e+00 1.0000000000000000e+00 
Art-clockwise-fast/0002.pcd
1.0000120401382446e+00 2.0972001948393881e-05 -2.4328812287421897e-05 3.0847219750285149e-03 
-2.1400455807452090e-05 1.0000060796737671e+00 2.4154631319106556e-05 7.2854396421462297e-05 
2.4973634936031885e-05 -2.0713165213237517e-05 9.9999922513961792e-01 -6.5209640888497233e-04 
0.0000000000000000e+00 0.0000000000000000e+00 0.0000000000000000e+00 1.0000000000000000e+00 
Art-clockwise-fast/0003.pcd
9.9999755620956421e-01 4.6861783630447462e-05 -1.5783747658133507e-03 4.9994187429547310e-03 
-4.6919689339119941e-05 9.9999934434890747e-01 6.6780397901311517e-05 -2.2512518626172096e-04 
1.5775749925523996e-03 -6.9605186581611633e-05 1.0000015497207642e+00 -1.4397726627066731e-03 
0.0000000000000000e+00 0.0000000000000000e+00 0.0000000000000000e+00 1.0000000000000000e+00 
Art-clockwise-fast/0004.pcd
1.0000019073486328e+00 7.2994473157450557e-05 -1.0211484914179891e-04 6.8580266088247299e-03 
-7.3302973760291934e-05 9.9999594688415527e-01 -3.4293504995730473e-06 -1.6184532432816923e-04 
1.0198562813457102e-04 -2.5549404654157115e-06 1.0000046491622925e+00 1.8711214579525404e-05 
0.0000000000000000e+00 0.0000000000000000e+00 0.0000000000000000e+00 1.0000000000000000e+00 
Art-clockwise-fast/0005.pcd
1.0000126361846924e+00 1.4969579751777928e-05 -1.1406137673475314e-05 1.5363974962383509e-03 
-1.5921090380288661e-05 1.0000011920928955e+00 2.0857572962995619e-05 -1.7947837477549911e-04 
1.3175152162148152e-05 -1.9704946680576541e-05 1.0000027418136597e+00 -1.6804871847853065e-04 
0.0000000000000000e+00 0.0000000000000000e+00 0.0000000000000000e+00 1.0000000000000000e+00 
Art-clockwise-fast/0006.pcd
1.0000135898590088e+00 -2.5224826458725147e-05 2.7405018045101315e-05 -3.4068757668137550e-03 
2.4759465304668993e-05 1.0000088214874268e+00 -2.3397728000418283e-05 1.4774756891711149e-05 
-2.5856452339212410e-05 2.6911564418696798e-05 1.0000057220458984e+00 5.9705582680180669e-04 
0.0000000000000000e+00 0.0000000000000000e+00 0.0000000000000000e+00 1.0000000000000000e+00 
Art-clockwise-fast/0007.pcd
9.9999845027923584e-01 -5.4822499805595726e-05 6.3221174059435725e-05 -6.7498162388801575e-03 
5.5247772252187133e-05 1.0000007152557373e+00 -3.5993940400658175e-05 9.9040837085340172e-05 
-6.3954015786293894e-05 3.4987933759111911e-05 1.0000034570693970e+00 8.2830560859292746e-04 
0.0000000000000000e+00 0.0000000000000000e+00 0.0000000000000000e+00 1.0000000000000000e+00 
Art-clockwise-fast/0008.pcd
1.0000011920928955e+00 -4.4789965613745153e-04 2.2938832989893854e-04 -1.5661470592021942e-02 
4.4780576718039811e-04 1.0000010728836060e+00 2.4554433184675872e-04 7.7495787991210818e-04 
-2.3014524776954204e-04 -2.4753817706368864e-04 1.0000053644180298e+00 -5.9507676633074880e-04 
0.0000000000000000e+00 0.0000000000000000e+00 0.0000000000000000e+00 1.0000000000000000e+00 
Art-clockwise-fast/0009.pcd
9.9999946355819702e-01 4.3621810618788004e-05 -1.5808693133294582e-03 4.7125010751187801e-03 
-4.3247811845503747e-05 9.9999839067459106e-01 5.9765134210465476e-05 -2.3231447266880423e-04 
1.5810520853847265e-03 -6.0564605519175529e-05 9.9999684095382690e-01 -1.2619721237570047e-03 
0.0000000000000000e+00 0.0000000000000000e+00 0.0000000000000000e+00 1.0000000000000000e+00 
Art-clockwise-fast/0010.pcd
1.0000015497207642e+00 3.0257006073952653e-05 -1.5604995423927903e-03 3.1086488161236048e-03 
-2.9916858693468384e-05 1.0000045299530029e+00 5.1618815632537007e-05 -1.6178474470507354e-04 
1.5599660109728575e-03 -4.6240242227213457e-05 9.9999463558197021e-01 -1.0072573786601424e-03 
0.0000000000000000e+00 0.0000000000000000e+00 0.0000000000000000e+00 1.0000000000000000e+00 
Art-clockwise-fast/0011.pcd
1.0000014305114746e+00 3.0680719646625221e-05 -3.5463774111121893e-05 3.4894114360213280e-03 
-3.0686489481013268e-05 9.9999171495437622e-01 1.3568556823884137e-05 -8.5057079559192061e-05 
3.4212429454782978e-05 -1.6637919543427415e-05 1.0000042915344238e+00 -3.4450500970706344e-04 
0.0000000000000000e+00 0.0000000000000000e+00 0.0000000000000000e+00 1.0000000000000000e+00 
Art-clockwise-fast/0012.pcd
1.0000126361846924e+00 2.4320928787346929e-05 -2.4913862944231369e-05 3.0283976811915636e-03 
-2.4415881853201427e-05 1.0000098943710327e+00 1.2350715223874431e-05 1.0575131454970688e-05 
2.6022591555374674e-05 -9.8602031357586384e-06 1.0000026226043701e+00 -2.6402701041661203e-04 
0.0000000000000000e+00 0.0000000000000000e+00 0.0000000000000000e+00 1.0000000000000000e+00 
Art-clockwise-fast/0013.pcd
9.9999815225601196e-01 8.6497630036319606e-06 -1.0979467333527282e-05 1.1733876308426261e-03 
-8.5914507508277893e-06 9.9999821186065674e-01 -2.2592043933400419e-06 6.4507012211834081e-06 
1.0911480785580352e-05 3.9876881601230707e-06 9.9999648332595825e-01 4.2193405533907935e-05 
0.0000000000000000e+00 0.0000000000000000e+00 0.0000000000000000e+00 1.0000000000000000e+00 
Art-clockwise-fast/0014.pcd
1.0000047683715820e+00 -8.2210026448592544e-06 1.0906636816798709e-05 -1.2224607635289431e-03 
7.9329465734190308e-06 1.0000040531158447e+00 -1.0565041748122894e-06 -6.4156731241382658e-05 
-1.0146559361601248e-05 1.1798150580943911e-06 9.9999982118606567e-01 2.0902694086544216e-04 
0.0000000000000000e+00 0.0000000000000000e+00 0.0000000000000000e+00 1.0000000000000000e+00 
Art-clockwise-fast/0015.pcd
1.0000063180923462e+00 -5.6105891417246312e-05 6.6712149418890476e-05 -6.5359938889741898e-03 
5.5636814067838714e-05 1.0000039339065552e+00 -2.0441710148588754e-05 7.0305330154951662e-05 
-6.6544285800773650e-05 2.0717228835565038e-05 1.0000033378601074e+00 6.2110624276101589e-04 
0.0000000000000000e+00 0.0000000000000000e+00 0.0000000000000000e+00 1.0000000000000000e+00 
Art-clockwise-fast/0016.pcd
1.0000073909759521e+00 -9.0269837528467178e-05 1.0268473124597222e-04 -9.0340357273817062e-03 
9.0662593720480800e-05 1.0000041723251343e+00 -2.8291304261074401e-05 1.4770035340916365e-04 
-1.0422480409033597e-04 2.6446707124705426e-05 1.0000015497207642e+00 6.7486119223758578e-04 
0.0000000000000000e+00 0.0000000000000000e+00 0.0000000000000000e+00 1.0000000000000000e+00 
Art-clockwise-fast/0017.pcd
1.0000015497207642e+00 -4.7074380563572049e-04 2.5110895512625575e-04 -1.5962423756718636e-02 
4.7104954137466848e-04 1.0000027418136597e+00 2.3762360797263682e-04 7.1860605385154486e-04 
-2.5179443764500320e-04 -2.3465491540264338e-04 1.0000044107437134e+00 -7.9468498006463051e-04 
0.0000000000000000e+00 0.0000000000000000e+00 0.0000000000000000e+00 1.0000000000000000e+00 
Art-clockwise-fast/0018.pcd
1.0000079870223999e+00 7.1116461185738444e-05 -8.8867011072579771e-05 7.0914635434746742e-03 
-7.1382477472070605e-05 1.0000009536743164e+00 4.5835922719561495e-06 -1.0968081915052608e-04 
8.8034714281093329e-05 -7.7778504419256933e-06 1.0000060796737671e+00 -3.1744249281473458e-04 
0.0000000000000000e+00 0.0000000000000000e+00 0.0000000000000000e+00 1.0000000000000000e+00 
Art-clockwise-fast/0019.pcd
9.9999976158142090e-01 3.3318876376142725e-05 -4.8610454541631043e-05 3.6077320110052824e-03 
-3.3057000109693035e-05 9.9999809265136719e-01 -6.6612783484742977e-06 -2.5534447559039108e-05 
4.8618530854582787e-05 7.8707817010581493e-06 9.9999868869781494e-01 7.9799639934208244e-05 
0.0000000000000000e+00 0.0000000000000000e+00 0.0000000000000000e+00 1.0000000000000000e+00 
Art-clockwise-fast/0020.pcd
1.0000088214874268e+00 7.8654547905898653e-06 -8.7545540736755356e-06 1.0899967746809125e-03 
-8.4896419139113277e-06 9.9999964237213135e-01 -7.2673665272304788e-06 1.2822941243939567e-05 
1.0393629054306075e-05 8.6971313066896982e-06 9.9999815225601196e-01 8.3317092503421009e-05 
0.0000000000000000e+00 0.0000000000000000e+00 0.0000000000000000e+00 1.0000000000000000e+00 
Art-clockwise-fast/0021.pcd
1.0000066757202148e+00 1.9338001948199235e-05 -1.7236610801774077e-05 2.6464762631803751e-03 
-1.9477289242786355e-05 1.0000033378601074e+00 2.5091041607083753e-05 -9.1714282461907715e-06 
1.7989315892918967e-05 -2.0195546312606893e-05 9.9999541044235229e-01 -4.1746211354620755e-04 
0.0000000000000000e+00 0.0000000000000000e+00 0.0000000000000000e+00 1.0000000000000000e+00 
Art-clockwise-fast/0022.pcd
1.0000007152557373e+00 8.3443956100381911e-06 -7.7658905865973793e-06 1.1470491299405694e-03 
-8.3753748185699806e-06 1.0000011920928955e+00 9.4509941845899448e-06 -2.4215007215389051e-05 
8.6926429503364488e-06 -7.3110059020109475e-06 9.9999630451202393e-01 -1.7071048205252737e-04 
0.0000000000000000e+00 0.0000000000000000e+00 0.0000000000000000e+00 1.0000000000000000e+00 
Art-clockwise-fast/0023.pcd
1.0000094175338745e+00 1.7813323211157694e-05 -2.1963174731354229e-05 2.6509624440222979e-03 
-1.8003358491114341e-05 1.0000100135803223e+00 3.5055538774031447e-06 8.9413304522167891e-05 
2.2505057131638750e-05 8.0481834174861433e-07 1.0000038146972656e+00 -2.3176067043095827e-04 
0.0000000000000000e+00 0.0000000000000000e+00 0.0000000000000000e+00 1.0000000000000000e+00 
Art-clockwise-fast/0024.pcd
1.0000053644180298e+00 6.3202045566868037e-05 -1.5814126236364245e-03 6.5878024324774742e-03 
-6.3210762164089829e-05 1.0000045299530029e+00 9.0542023826856166e-05 -3.1656629289500415e-04 
1.5815164661034942e-03 -9.2795911768916994e-05 9.9999761581420898e-01 -1.6423014458268881e-03 
0.0000000000000000e+00 0.0000000000000000e+00 0.0000000000000000e+00 1.0000000000000000e+00 
Art-clockwise-fast/0025.pcd
1.0000107288360596e+00 -1.9466935191303492e-04 2.9007511329837143e-04 -1.0621818713843822e-02 
1.9468936079647392e-04 1.0000076293945312e+00 7.1438458689954132e-05 5.9944915119558573e-04 
-2.8849864611402154e-04 -6.7110806412529200e-05 1.0000002384185791e+00 -1.3597008073702455e-03 
0.0000000000000000e+00 0.0000000000000000e+00 0.0000000000000000e+00 1.0000000000000000e+00 
Art-clockwise-fast/0026.pcd
1.0000002384185791e+00 -1.5676416296628304e-05 1.4031043065187987e-05 -1.2267500860616565e-03 
1.5777448425069451e-05 1.0000039339065552e+00 -2.0930237951688468e-05 2.3316733131650835e-04 
-1.4154671589494683e-05 2.0546665837173350e-05 1.0000041723251343e+00 7.0044668973423541e-05 
0.0000000000000000e+00 0.0000000000000000e+00 0.0000000000000000e+00 1.0000000000000000e+00 
Art-clockwise-fast/0027.pcd
9.9999064207077026e-01 9.0675915998872370e-05 -1.3700472190976143e-03 3.6492350045591593e-03 
-9.0716683189384639e-05 9.9999624490737915e-01 -4.4705288019031286e-05 -4.7986212302930653e-04 
1.3696226524189115e-03 4.1250168578699231e-05 9.9999690055847168e-01 -4.1742888279259205e-03 
0.0000000000000000e+00 0.0000000000000000e+00 0.0000000000000000e+00 1.0000000000000000e+00 
Art-clockwise-fast/0028.pcd
1.0000057220458984e+00 5.5352775234496221e-05 -1.5892279334366322e-03 5.7344362139701843e-03 
-5.5817490647314116e-05 1.0000069141387939e+00 5.8734360209200531e-05 -1.7578341066837311e-04 
1.5900359721854329e-03 -5.7875429774867371e-05 1.0000011920928955e+00 -1.0503757512196898e-03 
0.0000000000000000e+00 0.0000000000000000e+00 0.0000000000000000e+00 1.0000000000000000e+00 
Art-clockwise-fast/0029.pcd
1.0000056028366089e+00 -2.2924946097191423e-04 2.7422100538387895e-04 -1.1662170290946960e-02 
2.2951007122173905e-04 9.9999850988388062e-01 1.1816214828286320e-04 6.2016467563807964e-04 
-2.7488567866384983e-04 -1.1992522195214406e-04 1.0000046491622925e+00 -9.9370663519948721e-04 
0.0000000000000000e+00 0.0000000000000000e+00 0.0000000000000000e+00 1.0000000000000000e+00 
Art-clockwise-fast/0030.pcd
1.0000051259994507e+00 -5.4151561926119030e-05 7.2227325290441513e-05 -5.6238840334117413e-03 
5.4532531066797674e-05 1.0000098943710327e+00 -4.1626699385233223e-06 1.1684510536724702e-04 
-7.3027375037781894e-05 7.2360962803941220e-06 9.9999767541885376e-01 1.4344490773510188e-04 
0.0000000000000000e+00 0.0000000000000000e+00 0.0000000000000000e+00 1.0000000000000000e+00 
Art-clockwise-fast/0031.pcd
1.0000066757202148e+00 -2.3405558749800548e-05 2.8304906663834117e-05 -2.6454222388565540e-03 
2.3298933228943497e-05 1.0000025033950806e+00 -8.5364160895551322e-07 3.5504828701959923e-05 
-2.8818265491281636e-05 -1.9369524579815334e-06 1.0000125169754028e+00 5.6192156989709474e-06 
0.0000000000000000e+00 0.0000000000000000e+00 0.0000000000000000e+00 1.0000000000000000e+00 
Art-clockwise-fast/0032.pcd
1.0000044107437134e+00 -1.9036875528399833e-05 2.2012440240359865e-05 -2.8342574369162321e-03 
1.9348944988450967e-05 1.0000169277191162e+00 -8.9932946139015257e-06 -1.6762885934440419e-05 
-2.1813999410369433e-05 1.3200555258663371e-05 1.0000132322311401e+00 3.6908211768604815e-04 
0.0000000000000000e+00 0.0000000000000000e+00 0.0000000000000000e+00 1.0000000000000000e+00 
Art-clockwise-fast/0033.pcd
1.0000045299530029e+00 -4.2287341784685850e-05 4.9551592383068055e-05 -4.9554095603525639e-03 
4.1702794987941161e-05 9.9999862909317017e-01 -1.2071850505890325e-05 2.0273480913601816e-05 
-4.9003730964614078e-05 8.2030546764144674e-06 1.0000044107437134e+00 3.2032580929808319e-04 
0.0000000000000000e+00 0.0000000000000000e+00 0.0000000000000000e+00 1.0000000000000000e+00 
Art-clockwise-fast/0034.pcd
1.0000005960464478e+00 -2.3661741579417139e-05 2.7601248802966438e-05 -2.8236042708158493e-03 
2.3681199309066869e-05 9.9999994039535522e-01 -5.4714346333639696e-06 4.0046015783445910e-05 
-2.7858150133397430e-05 5.2979103202233091e-06 1.0000013113021851e+00 1.5092428657226264e-04 
0.0000000000000000e+00 0.0000000000000000e+00 0.0000000000000000e+00 1.0000000000000000e+00 
Art-clockwise-fast/0035.pcd
1.0000094175338745e+00 -5.3229573495627847e-06 5.4493343668582384e-06 -4.6745466534048319e-04 
3.9364917938655708e-06 9.9999731779098511e-01 -1.0249790648231283e-05 1.2659582716878504e-04 
-3.5016605579585303e-06 1.3377292816585395e-05 9.9999797344207764e-01 4.1674553358461708e-05 
0.0000000000000000e+00 0.0000000000000000e+00 0.0000000000000000e+00 1.0000000000000000e+00 
Art-clockwise-fast/0036.pcd
9.9999809265136719e-01 2.2368358258972876e-05 -2.0594718080246821e-05 2.9219570569694042e-03 
-2.2372705643647350e-05 9.9999886751174927e-01 2.2771599105908535e-05 -3.4099713957402855e-05 
2.0738214516313747e-05 -2.6212683224002831e-05 9.9999839067459106e-01 -5.1665649516507983e-04 
0.0000000000000000e+00 0.0000000000000000e+00 0.0000000000000000e+00 1.0000000000000000e+00 
Art-clockwise-fast/0037.pcd
1.0000123977661133e+00 2.5042716515599750e-05 -2.9329905373742804e-05 3.0191172845661640e-03 
-2.6148294637096114e-05 9.9999749660491943e-01 1.8445587102178251e-06 -5.1654231356224045e-05 
2.9556615118053742e-05 -1.9976375824626302e-06 1.0000059604644775e+00 -9.8258846264798194e-05 
0.0000000000000000e+00 0.0000000000000000e+00 0.0000000000000000e+00 1.0000000000000000e+00 
Art-clockwise-fast/0038.pcd
9.9999809265136719e-01 -9.7148722488782369e-06 5.7855154409480747e-06 -1.4002969255670905e-03 
9.1616611825884320e-06 1.0000003576278687e+00 7.7373397289193235e-06 -1.0885552183026448e-04 
-4.9544564717507455e-06 1.3275743526719452e-07 9.9999976158142090e-01 -1.6449965187348425e-04 
0.0000000000000000e+00 0.0000000000000000e+00 0.0000000000000000e+00 1.0000000000000000e+00 
Art-clockwise-fast/0039.pcd
1.0000088214874268e+00 -1.5198591427179053e-05 2.6755684302770533e-05 -1.8216165481135249e-03 
1.5673615052946843e-05 1.0000109672546387e+00 7.0409673753601965e-06 -3.1793893867870793e-05 
-2.7034217055188492e-05 3.7616043755406281e-06 1.0000005960464478e+00 1.1231595271965489e-04 
0.0000000000000000e+00 0.0000000000000000e+00 0.0000000000000000e+00 1.0000000000000000e+00 
Art-clockwise-fast/0040.pcd
1.0000002384185791e+00 -2.8397320420481265e-04 8.2906446186825633e-04 -7.4330680072307587e-03 
2.8420766466297209e-04 1.0000030994415283e+00 -3.2511111930944026e-04 -8.4231962682679296e-04 
-8.2924979506060481e-04 3.2571377232670784e-04 9.9999886751174927e-01 7.6462427387014031e-04 
0.0000000000000000e+00 0.0000000000000000e+00 0.0000000000000000e+00 1.0000000000000000e+00 
Art-clockwise-fast/0041.pcd
1.0000063180923462e+00 -7.2716706199571490e-05 1.5461543807759881e-03 -7.3523721657693386e-03 
7.2459682996850461e-05 1.0000035762786865e+00 -6.0410315199987963e-05 -3.5031928564421833e-04 
-1.5460823196917772e-03 6.4045059843920171e-05 1.0000053644180298e+00 -2.5800560251809657e-04 
0.0000000000000000e+00 0.0000000000000000e+00 0.0000000000000000e+00 1.0000000000000000e+00 
Art-clockwise-fast/0042.pcd
9.9999922513961792e-01 -1.6924711235333234e-04 -1.1970023624598980e-03 -1.2201342731714249e-02 
1.6941844660323113e-04 1.0000056028366089e+00 1.1551260286069009e-05 9.8524161148816347e-04 
1.1980434646829963e-03 -1.3386004866333678e-05 1.0000040531158447e+00 -3.0070985667407513e-03 
0.0000000000000000e+00 0.0000000000000000e+00 0.0000000000000000e+00 1.0000000000000000e+00 
Art-clockwise-fast/0043.pcd
1.0000090599060059e+00 -6.7014462547376752e-04 4.8802513629198074e-04 -1.8168680369853973e-02 
6.6971644992008805e-04 1.0000079870223999e+00 4.5246921945363283e-04 9.7091501811519265e-04 
-4.8991129733622074e-04 -4.5116353430785239e-04 1.0000047683715820e+00 2.8261425904929638e-04 
0.0000000000000000e+00 0.0000000000000000e+00 0.0000000000000000e+00 1.0000000000000000e+00 
Art-clockwise-fast/0044.pcd
1.0000102519989014e+00 1.2520067393779755e-03 5.3090418077772483e-05 1.6379376873373985e-02 
-1.2544667115435004e-03 1.0000034570693970e+00 -2.1734807523898780e-04 4.9375720322132111e-02 
-5.1348477427382022e-05 2.1828418539371341e-04 1.0000076293945312e+00 4.7217151150107384e-03 
0.0000000000000000e+00 0.0000000000000000e+00 0.0000000000000000e+00 1.0000000000000000e+00 
Art-clockwise-fast/0045.pcd
1.0000005960464478e+00 -1.7435783229302615e-04 4.3526764784473926e-05 -2.0213168114423752e-02 
1.7250010569114238e-04 9.9999868869781494e-01 -1.1062988050980493e-04 -8.2414585631340742e-04 
-4.2072628275491297e-05 1.1072809866163880e-04 1.0000000000000000e+00 -1.1062490520998836e-03 
0.0000000000000000e+00 0.0000000000000000e+00 0.0000000000000000e+00 1.0000000000000000e+00 
Art-clockwise-fast/0046.pcd
1.0000032186508179e+00 -5.1696631999220699e-05 8.2727874541888013e-06 -4.9828444607555866e-03 
5.1605573389679193e-05 1.0000014305114746e+00 -6.2233986682258546e-05 -2.5570418802089989e-04 
-7.8664907050551847e-06 5.8783767599379644e-05 1.0000044107437134e+00 -1.1503604764584452e-04 
0.0000000000000000e+00 0.0000000000000000e+00 0.0000000000000000e+00 1.0000000000000000e+00 
Art-clockwise-fast/0047.pcd
1.0000045299530029e+00 1.6108748968690634e-03 4.8748654080554843e-05 1.9796887412667274e-02 
-1.6123757231980562e-03 1.0000015497207642e+00 -3.9858240052126348e-04 6.4271003007888794e-02 
-4.8277477617375553e-05 4.0020345477387309e-04 9.9999970197677612e-01 6.2756971456110477e-03 
0.0000000000000000e+00 0.0000000000000000e+00 0.0000000000000000e+00 1.0000000000000000e+00 
Art-clockwise-fast/0048.pcd
1.0000052452087402e+00 1.2366368900984526e-03 -1.8218208570033312e-03 1.8288765102624893e-02 
-1.2386444723233581e-03 1.0000025033950806e+00 -1.7087835294660181e-04 4.8346683382987976e-02 
1.8226079409942031e-03 1.7083437705878168e-04 1.0000023841857910e+00 -7.2668823413550854e-03 
0.0000000000000000e+00 0.0000000000000000e+00 0.0000000000000000e+00 1.0000000000000000e+00 
Art-clockwise-fast/0049.pcd
1.0000042915344238e+00 1.5657676849514246e-03 -1.5797229716554284e-03 1.1501761153340340e-02 
-1.5667692059651017e-03 1.0000030994415283e+00 -3.7106234231032431e-04 6.4097836613655090e-02 
1.5796340303495526e-03 3.7468184018507600e-04 1.0000023841857910e+00 2.4360269308090210e-03 
0.0000000000000000e+00 0.0000000000000000e+00 0.0000000000000000e+00 1.0000000000000000e+00 
Art-clockwise-fast/0050.pcd
1.0000002384185791e+00 2.1876541431993246e-03 5.5857858387753367e-04 1.2332662008702755e-02 
-2.1876276005059481e-03 9.9999934434890747e-01 -3.4383425372652709e-04 8.7292499840259552e-02 
-5.5889599025249481e-04 3.4094988950528204e-04 1.0000039339065552e+00 2.3560734465718269e-02 
0.0000000000000000e+00 0.0000000000000000e+00 0.0000000000000000e+00 1.0000000000000000e+00 
Art-clockwise-fast/0051.pcd
9.9999541044235229e-01 2.6344277430325747e-03 1.9350334769114852e-03 1.1730733327567577e-02 
-2.6345753576606512e-03 9.9999940395355225e-01 -3.8097359356470406e-04 1.0832861810922623e-01 
-1.9350613001734018e-03 3.7696913932450116e-04 9.9999672174453735e-01 1.5923455357551575e-02 
0.0000000000000000e+00 0.0000000000000000e+00 0.0000000000000000e+00 1.0000000000000000e+00 
Art-clockwise-fast/0052.pcd
9.9999392032623291e-01 2.7428306639194489e-03 1.9435447175055742e-03 1.1619099415838718e-02 
-2.7422355487942696e-03 9.9999791383743286e-01 -3.4349670750088990e-04 1.1351758241653442e-01 
-1.9433445995673537e-03 3.3753921161405742e-04 9.9999636411666870e-01 1.5425354242324829e-02 
0.0000000000000000e+00 0.0000000000000000e+00 0.0000000000000000e+00 1.0000000000000000e+00 
Art-clockwise-fast/0053.pcd
1.0000005960464478e+00 2.0229234360158443e-03 2.2165370173752308e-03 2.2532558068633080e-02 
-2.0250796806067228e-03 9.9999910593032837e-01 8.9385465253144503e-04 1.2818366289138794e-01 
-2.2165386471897364e-03 -8.9846539776772261e-04 9.9999475479125977e-01 8.6223352700471878e-03 
0.0000000000000000e+00 0.0000000000000000e+00 0.0000000000000000e+00 1.0000000000000000e+00 
Art-clockwise-fast/0054.pcd
1.0000001192092896e+00 1.5110167441889644e-03 1.3831529067829251e-03 1.3526323251426220e-02 
-1.5189020195975900e-03 9.9998492002487183e-01 5.7177389971911907e-03 1.3574716448783875e-01 
-1.3747452758252621e-03 -5.7194503024220467e-03 9.9998229742050171e-01 3.9656748995184898e-03 
0.0000000000000000e+00 0.0000000000000000e+00 0.0000000000000000e+00 1.0000000000000000e+00 
Art-clockwise-fast/0055.pcd
1.0000027418136597e+00 2.8961393982172012e-03 4.3994424049742520e-04 3.3853464992716908e-04 
-2.8970593120902777e-03 9.9999761581420898e-01 2.6742338668555021e-03 1.1982935667037964e-01 
-4.3367015314288437e-04 -2.6751270052045584e-03 9.9999654293060303e-01 1.3501887209713459e-02 
0.0000000000000000e+00 0.0000000000000000e+00 0.0000000000000000e+00 1.0000000000000000e+00 
Art-clockwise-fast/0056.pcd
1.0000027418136597e+00 1.7949872417375445e-03 1.1743642389774323e-03 1.2584034353494644e-02 
-1.7977331299334764e-03 1.0000015497207642e+00 2.0444812253117561e-03 1.3380062580108643e-01 
-1.1711870320141315e-03 -2.0461776293814182e-03 9.9999845027923584e-01 8.0063231289386749e-03 
0.0000000000000000e+00 0.0000000000000000e+00 0.0000000000000000e+00 1.0000000000000000e+00 
Art-clockwise-fast/0057.pcd
9.9999403953552246e-01 4.8953620716929436e-03 1.3715969398617744e-03 3.0604681000113487e-02 
-4.9064974300563335e-03 9.9995905160903931e-01 8.0540562048554420e-03 1.5254443883895874e-01 
-1.3323016464710236e-03 -8.0608297139406204e-03 9.9996888637542725e-01 1.6500336350873113e-03 
0.0000000000000000e+00 0.0000000000000000e+00 0.0000000000000000e+00 1.0000000000000000e+00 
Art-clockwise-fast/0058.pcd
1.0000009536743164e+00 -6.6767475800588727e-04 -9.3525380361825228e-04 -1.2648613192141056e-03 
6.7142152693122625e-04 9.9998968839645386e-01 4.6065053902566433e-03 1.6926135122776031e-01 
9.3274901155382395e-04 -4.6077142469584942e-03 9.9999308586120605e-01 1.5543160261586308e-03 
0.0000000000000000e+00 0.0000000000000000e+00 0.0000000000000000e+00 1.0000000000000000e+00 
Art-clockwise-fast/0059.pcd
1.0000005960464478e+00 -1.3979712966829538e-03 -2.3455519694834948e-03 -1.4666159404441714e-03 
1.4004698023200035e-03 1.0000008344650269e+00 8.2855141954496503e-04 2.0215994119644165e-01 
2.3440329823642969e-03 -8.3071208791807294e-04 9.9999958276748657e-01 1.0150607675313950e-02 
0.0000000000000000e+00 0.0000000000000000e+00 0.0000000000000000e+00 1.0000000000000000e+00 
Art-clockwise-fast/0060.pcd
1.0000020265579224e+00 -1.6815155977383256e-03 -3.3459020778536797e-03 7.7161430381238461e-03 
1.6840827884152532e-03 1.0000067949295044e+00 4.8946222523227334e-04 2.1500296890735626e-01 
3.3426822628825903e-03 -4.9475219566375017e-04 9.9999737739562988e-01 9.6145765855908394e-03 
0.0000000000000000e+00 0.0000000000000000e+00 0.0000000000000000e+00 1.0000000000000000e+00 
Art-clockwise-fast/0061.pcd
9.9999791383743286e-01 2.4477430270053446e-04 -3.4768607001751661e-03 2.2382838651537895e-02 
-2.2576343326363713e-04 9.9998915195465088e-01 5.4066367447376251e-03 2.1756456792354584e-01 
3.4767801407724619e-03 -5.4052285850048065e-03 9.9997931718826294e-01 3.2287035137414932e-03 
0.0000000000000000e+00 0.0000000000000000e+00 0.0000000000000000e+00 1.0000000000000000e+00 
Art-clockwise-fast/0062.pcd
9.9999409914016724e-01 -2.6862493250519037e-03 -3.9325263351202011e-03 6.4465701580047607e-03 
2.6899471413344145e-03 1.0000030994415283e+00 1.0215539950877428e-03 2.3692587018013000e-01 
3.9298436604440212e-03 -1.0309097124263644e-03 9.9999839067459106e-01 1.7172498628497124e-02 
0.0000000000000000e+00 0.0000000000000000e+00 0.0000000000000000e+00 1.0000000000000000e+00 
Art-clockwise-fast/0063.pcd
9.9999743700027466e-01 -1.5867032343521714e-03 -2.5513025466352701e-03 1.3461952097713947e-02 
1.5867487527430058e-03 1.0000009536743164e+00 -6.9710367824882269e-05 2.5175577402114868e-01 
2.5507023092359304e-03 6.6443753894418478e-05 9.9999898672103882e-01 1.7222240567207336e-02 
0.0000000000000000e+00 0.0000000000000000e+00 0.0000000000000000e+00 1.0000000000000000e+00 
Art-clockwise-fast/0064.pcd
1.0000019073486328e+00 -1.6423066845163703e-03 4.3485822970978916e-04 3.4029047936201096e-02 
1.6397786093875766e-03 9.9998515844345093e-01 5.2533606067299843e-03 2.5909945368766785e-01 
-4.4485827675089240e-04 -5.2532120607793331e-03 9.9998879432678223e-01 1.1133742518723011e-02 
0.0000000000000000e+00 0.0000000000000000e+00 0.0000000000000000e+00 1.0000000000000000e+00 
Art-clockwise-fast/0065.pcd
1.0000109672546387e+00 -1.3910162961110473e-03 4.1850356501527131e-04 2.5916244834661484e-02 
1.3906967360526323e-03 1.0000079870223999e+00 3.8542886613868177e-04 2.5825166702270508e-01 
-4.1998305823653936e-04 -3.8631790084764361e-04 1.0000073909759521e+00 1.0561225004494190e-02 
0.0000000000000000e+00 0.0000000000000000e+00 0.0000000000000000e+00 1.0000000000000000e+00 
Art-clockwise-fast/0066.pcd
1.0000029802322388e+00 -1.9973006565123796e-03 -9.3972845934331417e-04 2.3216383531689644e-02 
1.9978473428636789e-03 1.0000004768371582e+00 1.0572196915745735e-03 2.6389008760452271e-01 
9.3762075994163752e-04 -1.0596581269055605e-03 1.0000029802322388e+00 7.1006515063345432e-03 
0.0000000000000000e+00 0.0000000000000000e+00 0.0000000000000000e+00 1.0000000000000000e+00 
Art-clockwise-fast/0067.pcd
1.0000072717666626e+00 9.0076826745644212e-04 -1.1395897017791867e-03 3.4148015081882477e-02 
-8.9736416703090072e-04 9.9999690055847168e-01 3.5476887132972479e-03 2.7474457025527954e-01 
1.1414670152589679e-03 -3.5464898683130741e-03 9.9999731779098511e-01 4.2207008227705956e-03 
0.0000000000000000e+00 0.0000000000000000e+00 0.0000000000000000e+00 1.0000000000000000e+00 
Art-clockwise-fast/0068.pcd
1.0000015497207642e+00 1.1801170185208321e-03 -4.2903493158519268e-03 2.3471400141716003e-02 
-1.1618855642154813e-03 9.9999237060546875e-01 4.3133418075740337e-03 2.6855981349945068e-01 
4.2926250025629997e-03 -4.3080495670437813e-03 9.9998378753662109e-01 4.0270667523145676e-03 
0.0000000000000000e+00 0.0000000000000000e+00 0.0000000000000000e+00 1.0000000000000000e+00 
Art-clockwise-fast/0069.pcd
9.9998950958251953e-01 -3.7170641007833183e-04 -6.0891234315931797e-03 1.1134252883493900e-02 
4.0195148903876543e-04 9.9999004602432251e-01 4.9680634401738644e-03 2.7147054672241211e-01 
6.0864896513521671e-03 -4.9659968353807926e-03 9.9997359514236450e-01 5.2427118644118309e-03 
0.0000000000000000e+00 0.0000000000000000e+00 0.0000000000000000e+00 1.0000000000000000e+00 
Art-clockwise-fast/0070.pcd
9.9997437000274658e-01 -3.8010291755199432e-03 -7.8258858993649483e-03 1.0749300941824913e-02 
3.8303411565721035e-03 9.9998998641967773e-01 3.7117234896868467e-03 2.7756088972091675e-01 
7.8107179142534733e-03 -3.7427290808409452e-03 9.9997037649154663e-01 1.6201432794332504e-02 
0.0000000000000000e+00 0.0000000000000000e+00 0.0000000000000000e+00 1.0000000000000000e+00 
Art-clockwise-fast/0071.pcd
1.0000051259994507e+00 -2.0791566930711269e-03 -2.0215939730405807e-03 1.8591294065117836e-02 
2.0860915537923574e-03 9.9999439716339111e-01 3.6794452462345362e-03 3.5993841290473938e-01 
2.0130432676523924e-03 -3.6825875286012888e-03 9.9999588727951050e-01 2.0282892510294914e-02 
0.0000000000000000e+00 0.0000000000000000e+00 0.0000000000000000e+00 1.0000000000000000e+00 
Art-clockwise-fast/0072.pcd
1.0000026226043701e+00 1.7022990505211055e-05 1.2844537850469351e-03 4.9603357911109924e-02 
-2.9628186894115061e-05 9.9996459484100342e-01 8.9506274089217186e-03 2.7176439762115479e-01 
-1.2826023157685995e-03 -8.9506534859538078e-03 9.9996870756149292e-01 7.1767261251807213e-03 
0.0000000000000000e+00 0.0000000000000000e+00 0.0000000000000000e+00 1.0000000000000000e+00 
Art-clockwise-fast/0073.pcd
1.0000119209289551e+00 -1.2786026345565915e-03 -7.2266883216798306e-04 2.2740779444575310e-02 
1.2824467848986387e-03 9.9998700618743896e-01 6.1787245795130730e-03 3.0208262801170349e-01 
7.1406015194952488e-04 -6.1806151643395424e-03 9.9999082088470459e-01 6.9954972714185715e-03 
0.0000000000000000e+00 0.0000000000000000e+00 0.0000000000000000e+00 1.0000000000000000e+00 
Art-clockwise-fast/0074.pcd
1.0000011920928955e+00 -1.6947353724390268e-03 -2.8266285080462694e-03 1.6167458146810532e-02 
1.7085146391764283e-03 9.9998551607131958e-01 4.9985656514763832e-03 2.9321491718292236e-01 
2.8177550993859768e-03 -5.0026425160467625e-03 9.9998599290847778e-01 8.1745890202000737e-04 
0.0000000000000000e+00 0.0000000000000000e+00 0.0000000000000000e+00 1.0000000000000000e+00 
Art-clockwise-fast/0075.pcd
1.0000082254409790e+00 -6.1410246416926384e-04 -1.0394915007054806e-03 3.1611561775207520e-02 
6.1922118766233325e-04 9.9999600648880005e-01 5.2895951084792614e-03 3.8087612390518188e-01 
1.0356589918956161e-03 -5.2894935943186283e-03 9.9999278783798218e-01 5.3765061311423779e-03 
0.0000000000000000e+00 0.0000000000000000e+00 0.0000000000000000e+00 1.0000000000000000e+00 
Art-clockwise-fast/0076.pcd
9.9998730421066284e-01 6.0342117212712765e-03 -1.0657453094609082e-04 2.6152873411774635e-02 
-6.0315486043691635e-03 9.9982231855392456e-01 1.8406281247735023e-02 2.8901135921478271e-01 
2.1767755970358849e-04 -1.8405487760901451e-02 9.9983406066894531e-01 -1.1250797659158707e-02 
0.0000000000000000e+00 0.0000000000000000e+00 0.0000000000000000e+00 1.0000000000000000e+00 
Art-clockwise-fast/0077.pcd
9.9999982118606567e-01 -4.6211825683712959e-03 -1.6764478059485555e-03 4.3867554515600204e-02 
4.6290624886751175e-03 9.9999165534973145e-01 4.6271528117358685e-03 2.6108020544052124e-01 
1.6526199178770185e-03 -4.6343561261892319e-03 9.9999177455902100e-01 1.7102247104048729e-02 
0.0000000000000000e+00 0.0000000000000000e+00 0.0000000000000000e+00 1.0000000000000000e+00 
Art-clockwise-fast/0078.pcd
1.0000001192092896e+00 1.4956012601032853e-03 1.0801722528412938e-03 4.1706960648298264e-02 
-1.4822460943832994e-03 9.9992507696151733e-01 -1.2852264568209648e-02 3.3673050999641418e-01 
-1.0968123096972704e-03 1.2851128354668617e-02 9.9992364645004272e-01 2.9285212978720665e-02 
0.0000000000000000e+00 0.0000000000000000e+00 0.0000000000000000e+00 1.0000000000000000e+00 
Art-clockwise-fast/0079.pcd
9.9999803304672241e-01 2.3769452236592770e-03 3.6709813866764307e-03 6.6301420331001282e-02 
-2.3986005689948797e-03 9.9998468160629272e-01 5.8430195786058903e-03 3.7512645125389099e-01 
-3.6570990923792124e-03 -5.8512492105364799e-03 9.9998313188552856e-01 2.1028680726885796e-02 
0.0000000000000000e+00 0.0000000000000000e+00 0.0000000000000000e+00 1.0000000000000000e+00 
Art-clockwise-fast/0080.pcd
9.9999910593032837e-01 2.5231216568499804e-03 2.6988694444298744e-03 5.9216875582933426e-02 
-2.5612963363528252e-03 9.9990421533584595e-01 1.4148404821753502e-02 2.2474861145019531e-01 
-2.6630901265889406e-03 -1.4153442345559597e-02 9.9989956617355347e-01 -8.8313948363065720e-03 
0.0000000000000000e+00 0.0000000000000000e+00 0.0000000000000000e+00 1.0000000000000000e+00 
Art-clockwise-fast/0081.pcd
1.0000070333480835e+00 -2.9719711747020483e-03 -1.2090096715837717e-03 2.1198242902755737e-02 
2.9659885913133621e-03 9.9999356269836426e-01 -5.0817518495023251e-03 2.6999437808990479e-01 
1.2238096678629518e-03 5.0830887630581856e-03 9.9999701976776123e-01 2.9019908979535103e-02 
0.0000000000000000e+00 0.0000000000000000e+00 0.0000000000000000e+00 1.0000000000000000e+00 
Art-clockwise-fast/0082.pcd
9.9998593330383301e-01 6.7072096280753613e-03 2.9015652835369110e-03 4.3430831283330917e-02 
-6.6809658892452717e-03 9.9994343519210815e-01 -9.0491417795419693e-03 3.4660795331001282e-01 
-2.9620109125971794e-03 9.0291323140263557e-03 9.9996191263198853e-01 1.0123018175363541e-02 
0.0000000000000000e+00 0.0000000000000000e+00 0.0000000000000000e+00 1.0000000000000000e+00 
Art-clockwise-fast/0083.pcd
9.9995833635330200e-01 7.1209585294127464e-03 7.0538446307182312e-03 5.8192342519760132e-02 
-7.2612939402461052e-03 9.9977988004684448e-01 2.0049398764967918e-02 3.8843250274658203e-01 
-6.9092134945094585e-03 -2.0100159570574760e-02 9.9978196620941162e-01 5.6121866218745708e-03 
0.0000000000000000e+00 0.0000000000000000e+00 0.0000000000000000e+00 1.0000000000000000e+00 
Art-clockwise-fast/0084.pcd
1.0000059604644775e+00 1.2291963503230363e-04 1.6546160914003849e-03 2.6446381583809853e-02 
-1.8200745398644358e-04 9.9936777353286743e-01 3.5747304558753967e-02 2.7379858493804932e-01 
-1.6494211740791798e-03 -3.5747282207012177e-02 9.9936628341674805e-01 -3.9656009525060654e-02 
0.0000000000000000e+00 0.0000000000000000e+00 0.0000000000000000e+00 1.0000000000000000e+00 
Art-clockwise-fast/0085.pcd
9.9999558925628662e-01 -2.3630640935152769e-03 -5.1832068711519241e-03 9.4711361452937126e-03 
2.3381451610475779e-03 9.9999010562896729e-01 -4.7775637358427048e-03 3.4588569402694702e-01 
5.1913554780185223e-03 4.7685918398201466e-03 9.9998277425765991e-01 -1.3089940184727311e-03 
0.0000000000000000e+00 0.0000000000000000e+00 0.0000000000000000e+00 1.0000000000000000e+00 
Art-clockwise-fast/0086.pcd
9.9996930360794067e-01 8.1809619441628456e-03 -2.4928166531026363e-03 5.6844927370548248e-02 
-8.2293432205915451e-03 9.9976575374603271e-01 -2.0162610337138176e-02 3.1536054611206055e-01 
2.3268663790076971e-03 2.0181877538561821e-02 9.9979782104492188e-01 5.6774873286485672e-02 
0.0000000000000000e+00 0.0000000000000000e+00 0.0000000000000000e+00 1.0000000000000000e+00 
Art-clockwise-fast/0087.pcd
1.0000016689300537e+00 4.6191917499527335e-04 1.6094431048259139e-03 8.9665763080120087e-02 
-4.7107733553275466e-04 9.9999535083770752e-01 5.3116050548851490e-03 3.7947961688041687e-01 
-1.6051224665716290e-03 -5.3115650080144405e-03 9.9999356269836426e-01 4.6054963022470474e-02 
0.0000000000000000e+00 0.0000000000000000e+00 0.0000000000000000e+00 1.0000000000000000e+00 
Art-clockwise-fast/0088.pcd
9.9999660253524780e-01 -3.1536158639937639e-03 4.8616677522659302e-03 3.5755556076765060e-02 
3.1444700434803963e-03 1.0000017881393433e+00 1.7964155413210392e-03 3.0028438568115234e-01 
-4.8673879355192184e-03 -1.7831294098868966e-03 9.9999511241912842e-01 8.9514758437871933e-03 
0.0000000000000000e+00 0.0000000000000000e+00 0.0000000000000000e+00 1.0000000000000000e+00 
Art-clockwise-fast/0089.pcd
9.9993723630905151e-01 1.1692148633301258e-02 1.6439495375379920e-03 5.6683897972106934e-02 
-1.1628261767327785e-02 9.9933737516403198e-01 -3.4554056823253632e-02 3.2412299513816833e-01 
-2.0473131444305182e-03 3.4530635923147202e-02 9.9940997362136841e-01 4.2990822345018387e-02 
0.0000000000000000e+00 0.0000000000000000e+00 0.0000000000000000e+00 1.0000000000000000e+00 
Art-clockwise-fast/0090.pcd
9.9996173381805420e-01 9.2758359387516975e-03 -1.5024567255750299e-03 5.0890669226646423e-02 
-9.2979725450277328e-03 9.9983829259872437e-01 -1.5661356970667839e-02 3.6361852288246155e-01 
1.3561331434175372e-03 1.5675518661737442e-02 9.9987882375717163e-01 2.2635849192738533e-02 
0.0000000000000000e+00 0.0000000000000000e+00 0.0000000000000000e+00 1.0000000000000000e+00 
Art-clockwise-fast/0091.pcd
9.9999910593032837e-01 3.8716543931514025e-03 -9.8028359934687614e-04 7.9380802810192108e-02 
-3.8599392864853144e-03 9.9991768598556519e-01 1.2386148795485497e-02 4.0954077243804932e-01 
1.0277553228661418e-03 -1.2384003028273582e-02 9.9992400407791138e-01 3.1756546348333359e-02 
0.0000000000000000e+00 0.0000000000000000e+00 0.0000000000000000e+00 1.0000000000000000e+00 
Art-clockwise-fast/0092.pcd
9.9997401237487793e-01 6.8960804492235184e-03 3.2162561547011137e-03 5.5872593075037003e-02 
-6.9675371050834656e-03 9.9972003698348999e-01 2.2876447066664696e-02 3.7181410193443298e-01 
-3.0576167628169060e-03 -2.2897081449627876e-02 9.9973922967910767e-01 8.5081569850444794e-03 
0.0000000000000000e+00 0.0000000000000000e+00 0.0000000000000000e+00 1.0000000000000000e+00 
Art-clockwise-fast/0093.pcd
9.9996441602706909e-01 8.2218535244464874e-03 3.0820772517472506e-03 6.0121975839138031e-02 
-8.2192001864314079e-03 9.9996924400329590e-01 -9.6960167866200209e-04 3.2149514555931091e-01 
-3.0887178145349026e-03 9.4461959088221192e-04 9.9999815225601196e-01 8.2705104723572731e-03 
0.0000000000000000e+00 0.0000000000000000e+00 0.0000000000000000e+00 1.0000000000000000e+00 
Art-clockwise-fast/0094.pcd
9.9998402595520020e-01 5.4265633225440979e-03 3.1306217424571514e-03 6.5361402928829193e-02 
-5.3993095643818378e-03 9.9994820356369019e-01 -9.2717148363590240e-03 4.4625461101531982e-01 
-3.1795874238014221e-03 9.2565100640058517e-03 9.9996244907379150e-01 3.9232987910509109e-02 
0.0000000000000000e+00 0.0000000000000000e+00 0.0000000000000000e+00 1.0000000000000000e+00 
Art-clockwise-fast/0095.pcd
9.9991941452026367e-01 1.1079110205173492e-02 7.2925104759633541e-03 7.8299626708030701e-02 
-1.1142203584313393e-02 9.9990093708038330e-01 8.5891885682940483e-03 4.2938539385795593e-01 
-7.1971751749515533e-03 -8.6719384416937828e-03 9.9994575977325439e-01 1.6368431970477104e-02 
0.0000000000000000e+00 0.0000000000000000e+00 0.0000000000000000e+00 1.0000000000000000e+00 
Art-clockwise-fast/0096.pcd
9.9992811679840088e-01 1.1775637045502663e-02 5.2645406685769558e-03 5.9627711772918701e-02 
-1.1853036470711231e-02 9.9982935190200806e-01 1.4832830987870693e-02 3.7321475148200989e-01 
-5.0890292041003704e-03 -1.4891718514263630e-02 9.9988436698913574e-01 5.3411856060847640e-04 
0.0000000000000000e+00 0.0000000000000000e+00 0.0000000000000000e+00 1.0000000000000000e+00 
Art-clockwise-fast/0097.pcd
9.9996751546859741e-01 9.0309455990791321e-03 -1.7911916074808687e-04 4.9519199877977371e-02 
-9.0324124321341515e-03 9.9992579221725464e-01 -8.7806684896349907e-03 3.7588611245155334e-01 
9.9529905128292739e-05 8.7828189134597778e-03 9.9996393918991089e-01 2.6663316413760185e-02 
0.0000000000000000e+00 0.0000000000000000e+00 0.0000000000000000e+00 1.0000000000000000e+00 
Art-clockwise-fast/0098.pcd
9.9984055757522583e-01 1.8616782501339912e-02 -1.5262543456628919e-03 8.7777666747570038e-02 
-1.8641501665115356e-02 9.9966865777969360e-01 -1.8290607258677483e-02 3.9374262094497681e-01 
1.1844532564282417e-03 1.8317922949790955e-02 9.9984014034271240e-01 3.7103291600942612e-02 
0.0000000000000000e+00 0.0000000000000000e+00 0.0000000000000000e+00 1.0000000000000000e+00 
