Enterprise-counter/0000.pcd
-3.9878204464912415e-02 -9.9920457601547241e-01 0.0000000000000000e+00 0.0000000000000000e+00 
9.9920457601547241e-01 -3.9878204464912415e-02 -0.0000000000000000e+00 0.0000000000000000e+00 
0.0000000000000000e+00 0.0000000000000000e+00 1.0000000000000000e+00 0.0000000000000000e+00 
0.0000000000000000e+00 0.0000000000000000e+00 0.0000000000000000e+00 1.0000000000000000e+00 
Enterprise-counter/0001.pcd
1.0000174045562744e+00 2.8540256607811898e-05 -1.3230892363935709e-03 5.6745600886642933e-04 
-2.6208457711618394e-05 1.0000108480453491e+00 7.4890622636303306e-04 1.3081803626846522e-04 
2.2349257487803698e-03 -7.3570269159972668e-04 1.0000114440917969e+00 -3.4211304038763046e-02 
0.0000000000000000e+00 0.0000000000000000e+00 0.0000000000000000e+00 1.0000000000000000e+00 
Enterprise-counter/0002.pcd
1.0000171661376953e+00 -1.1380134310456924e-05 -1.2394512305036187e-03 1.3145980192348361e-03 
9.9305407275096513e-06 1.0000137090682983e+00 4.0694433846510947e-04 -1.6730815696064383e-04 
-1.0280344868078828e-03 -4.0614884346723557e-04 1.0000025033950806e+00 -2.5294935330748558e-02 
0.0000000000000000e+00 0.0000000000000000e+00 0.0000000000000000e+00 1.0000000000000000e+00 
Enterprise-counter/0003.pcd
1.0000066757202148e+00 1.2102559412596747e-04 -5.7111466303467751e-03 8.5590116679668427e-02 
-1.2036984117003158e-04 1.0000095367431641e+00 -2.2458916646428406e-05 -6.9885165430605412e-05 
1.6839648014865816e-04 2.1055428078398108e-05 9.9998569488525391e-01 -5.3127325372770429e-04 
0.0000000000000000e+00 0.0000000000000000e+00 0.0000000000000000e+00 1.0000000000000000e+00 
Enterprise-counter/0004.pcd
1.0000061988830566e+00 8.8874767243396491e-05 4.4481665827333927e-04 -6.5031280973926187e-04 
-9.0049405116587877e-05 1.0000085830688477e+00 2.3755116853863001e-04 1.8649091362021863e-04 
2.4246878456324339e-03 -2.4028059851843864e-04 1.0000056028366089e+00 -8.6355302482843399e-03 
0.0000000000000000e+00 0.0000000000000000e+00 0.0000000000000000e+00 1.0000000000000000e+00 
Enterprise-counter/0005.pcd
9.9998599290847778e-01 -1.9493096260703169e-05 3.7386806798167527e-04 -3.6339401267468929e-03 
1.9192302715964615e-05 1.0000009536743164e+00 -2.1969975932734087e-05 -1.0311765799997374e-04 
2.0118841348448768e-05 2.0641866285586730e-05 1.0000001192092896e+00 1.1889133602380753e-03 
0.0000000000000000e+00 0.0000000000000000e+00 0.0000000000000000e+00 1.0000000000000000e+00 
Enterprise-counter/0006.pcd
1.0000119209289551e+00 -1.0142081009689718e-04 -4.1775085264816880e-04 -1.8922424642369151e-03 
9.2267546278890222e-05 9.9998533725738525e-01 5.1782649279630277e-06 -4.7083653043955564e-05 
-3.6132035893388093e-04 -3.2834715966600925e-05 1.0000207424163818e+00 1.6263679135590792e-03 
0.0000000000000000e+00 0.0000000000000000e+00 0.0000000000000000e+00 1.0000000000000000e+00 
Enterprise-counter/0007.pcd
1.0000023841857910e+00 -5.2006082114530727e-05 6.9617811823263764e-04 -1.5783385606482625e-03 
5.3828167438041419e-05 1.0000073909759521e+00 -6.6572043579071760e-04 -1.8710784206632525e-04 
-4.1434550657868385e-03 6.6835124744102359e-04 1.0000107288360596e+00 1.3880198821425438e-02 
0.0000000000000000e+00 0.0000000000000000e+00 0.0000000000000000e+00 1.0000000000000000e+00 
Enterprise-counter/0008.pcd
1.0000305175781250e+00 -1.0440815822221339e-04 1.0439588688313961e-02 -1.0941608250141144e-01 
1.0446066880831495e-04 1.0000272989273071e+00 3.1699826649855822e-05 5.3582503460347652e-04 
-7.1520524215884507e-05 -2.7919197236769833e-05 9.9997067451477051e-01 1.0386425856268033e-04 
0.0000000000000000e+00 0.0000000000000000e+00 0.0000000000000000e+00 1.0000000000000000e+00 
Enterprise-counter/0009.pcd
1.0000071525573730e+00 5.5597129176021554e-06 -1.6495032468810678e-03 2.6180394925177097e-03 
-5.8826963140745647e-06 1.0000003576278687e+00 -7.6347620051819831e-05 1.0351192031521350e-04 
5.0495818868512288e-05 7.5086514698341489e-05 1.0000042915344238e+00 -1.7399238422513008e-03 
0.0000000000000000e+00 0.0000000000000000e+00 0.0000000000000000e+00 1.0000000000000000e+00 
Enterprise-counter/0010.pcd
1.0000284910202026e+00 -7.0487504126504064e-04 5.7343482039868832e-03 -5.7728037238121033e-02 
7.0063199382275343e-04 1.0000205039978027e+00 -6.0799100901931524e-04 1.6066458076238632e-02 
2.3119403049349785e-03 6.1312341131269932e-04 1.0000011920928955e+00 -4.9551199190318584e-03 
0.0000000000000000e+00 0.0000000000000000e+00 0.0000000000000000e+00 1.0000000000000000e+00 
Enterprise-counter/0011.pcd
1.0000125169754028e+00 2.0312643755460158e-05 -1.2361311819404364e-03 1.3467064127326012e-03 
-2.0091616534045897e-05 1.0000046491622925e+00 8.0397317651659250e-04 2.2012226691003889e-04 
-5.9555820189416409e-04 -7.9879059921950102e-04 1.0000157356262207e+00 -5.0309475511312485e-02 
0.0000000000000000e+00 0.0000000000000000e+00 0.0000000000000000e+00 1.0000000000000000e+00 
Enterprise-counter/0012.pcd
9.9999755620956421e-01 1.0433908528284519e-06 8.8840833632275462e-04 -1.1530573247000575e-03 
2.0699444576166570e-06 1.0000150203704834e+00 9.5742754638195038e-05 -2.7824283461086452e-04 
1.2671255972236395e-03 -8.2865932199638337e-05 1.0000015497207642e+00 1.2979959137737751e-02 
0.0000000000000000e+00 0.0000000000000000e+00 0.0000000000000000e+00 1.0000000000000000e+00 
Enterprise-counter/0013.pcd
1.0000091791152954e+00 -4.5667280210182071e-04 7.8386599197983742e-03 -8.4720276296138763e-02 
4.5733395381830633e-04 1.0000147819519043e+00 1.9652313494589180e-04 9.3264400493353605e-04 
-4.2476414819248021e-04 -1.9383331527933478e-04 9.9997687339782715e-01 2.9281922616064548e-04 
0.0000000000000000e+00 0.0000000000000000e+00 0.0000000000000000e+00 1.0000000000000000e+00 
Enterprise-counter/0014.pcd
1.0000220537185669e+00 -5.7308883697260171e-05 3.2064584083855152e-03 -1.1637558229267597e-02 
5.7429064327152446e-05 1.0000200271606445e+00 9.1305126261431724e-05 3.9945684875419829e-06 
1.0871831182157621e-04 -8.7763924966566265e-05 1.0000251531600952e+00 1.8333070329390466e-04 
0.0000000000000000e+00 0.0000000000000000e+00 0.0000000000000000e+00 1.0000000000000000e+00 
Enterprise-counter/0015.pcd
1.0000379085540771e+00 -6.4434854721184820e-05 -3.2543360721319914e-03 -1.7348707187920809e-03 
6.7091052187606692e-05 1.0000450611114502e+00 -1.2657132174354047e-04 -2.7380973915569484e-04 
-2.1343270782381296e-03 1.3402885815594345e-04 1.0000084638595581e+00 8.1066209822893143e-03 
0.0000000000000000e+00 0.0000000000000000e+00 0.0000000000000000e+00 1.0000000000000000e+00 
Enterprise-counter/0016.pcd
1.0000033378601074e+00 -1.5118201554287225e-04 5.9155784547328949e-03 -6.1634376645088196e-02 
1.5182456991169602e-04 1.0000064373016357e+00 1.3581051462097093e-05 6.5344577888026834e-04 
-6.9019537477288395e-05 -9.5324876383529045e-06 9.9998438358306885e-01 9.7333552548661828e-04 
0.0000000000000000e+00 0.0000000000000000e+00 0.0000000000000000e+00 1.0000000000000000e+00 
Enterprise-counter/0017.pcd
1.0000380277633667e+00 2.0927969671902247e-05 2.2533570881932974e-04 6.3188304193317890e-04 
-2.2670095859211870e-05 1.0000182390213013e+00 1.3820750609738752e-05 2.0526314619928598e-04 
6.3453902839682996e-05 -1.4619208741351031e-05 1.0000275373458862e+00 -1.2272242456674576e-03 
0.0000000000000000e+00 0.0000000000000000e+00 0.0000000000000000e+00 1.0000000000000000e+00 
Enterprise-counter/0018.pcd
1.0000151395797729e+00 9.5677853096276522e-05 -7.5203045271337032e-03 7.8876957297325134e-02 
-9.8799435363616794e-05 1.0000132322311401e+00 6.4175549141509691e-07 -8.6849182844161987e-04 
-6.6473090555518866e-05 -7.0315427365130745e-06 9.9998569488525391e-01 8.8921005954034626e-05 
0.0000000000000000e+00 0.0000000000000000e+00 0.0000000000000000e+00 1.0000000000000000e+00 
Enterprise-counter/0019.pcd
1.0000023841857910e+00 1.1112059291917831e-04 -1.1363810335751623e-04 -4.9228407442569733e-04 
-1.1341588833602145e-04 1.0000104904174805e+00 -3.7790814531035721e-04 -7.8727008076384664e-04 
3.5572005435824394e-03 3.6220619222149253e-04 1.0000296831130981e+00 3.4553106874227524e-02 
0.0000000000000000e+00 0.0000000000000000e+00 0.0000000000000000e+00 1.0000000000000000e+00 
Enterprise-counter/0020.pcd
1.0000090599060059e+00 1.9124572645523585e-05 2.5686781737022102e-04 -4.3169822311028838e-04 
-2.0304889403632842e-05 1.0000077486038208e+00 2.1623870998155326e-04 2.2373355750460178e-04 
1.6264622099697590e-03 -2.2017025912646204e-04 1.0000065565109253e+00 -2.8124928940087557e-03 
0.0000000000000000e+00 0.0000000000000000e+00 0.0000000000000000e+00 1.0000000000000000e+00 
Enterprise-counter/0021.pcd
1.0000296831130981e+00 2.6094037821167149e-05 -1.3267082395032048e-03 1.3195007340982556e-03 
-2.8493468562373891e-05 1.0000146627426147e+00 9.3766173813492060e-04 2.0010951266158372e-04 
-5.8284745318815112e-04 -9.3915505567565560e-04 1.0000108480453491e+00 -5.0779648125171661e-02 
0.0000000000000000e+00 0.0000000000000000e+00 0.0000000000000000e+00 1.0000000000000000e+00 
Enterprise-counter/0022.pcd
1.0000152587890625e+00 7.5533382187131792e-05 -1.9549368880689144e-03 4.6149538829922676e-03 
-7.4592397140804678e-05 1.0000159740447998e+00 4.1620354750193655e-05 -2.2116997570265085e-04 
1.2899128487333655e-03 -3.7014633562648669e-05 1.0000008344650269e+00 -4.0449225343763828e-03 
0.0000000000000000e+00 0.0000000000000000e+00 0.0000000000000000e+00 1.0000000000000000e+00 
Enterprise-counter/0023.pcd
1.0000122785568237e+00 1.7698053852654994e-04 -6.2462007626891136e-03 8.9851871132850647e-02 
-1.7639470752328634e-04 1.0000197887420654e+00 2.6957497539115138e-05 2.5893398560583591e-04 
4.3120593181811273e-04 -3.8183665310498327e-05 1.0000044107437134e+00 -2.1646821405738592e-03 
0.0000000000000000e+00 0.0000000000000000e+00 0.0000000000000000e+00 1.0000000000000000e+00 
Enterprise-counter/0024.pcd
9.9998831748962402e-01 9.3876456958241761e-05 2.6420778594911098e-03 -1.1368236737325788e-03 
-9.3837676104158163e-05 1.0000030994415283e+00 5.3870884585194290e-05 -1.0817986185429618e-04 
1.2680452782660723e-03 -5.7762299547903240e-05 1.0000053644180298e+00 -3.1030802056193352e-02 
0.0000000000000000e+00 0.0000000000000000e+00 0.0000000000000000e+00 1.0000000000000000e+00 
Enterprise-counter/0025.pcd
1.0000426769256592e+00 -9.2507878434844315e-05 8.7049547582864761e-03 -9.0843319892883301e-02 
9.1102840087842196e-05 1.0000169277191162e+00 -6.6864588006865233e-05 9.0772932162508368e-04 
-6.4514082623645663e-05 1.1046340659959242e-04 9.9998217821121216e-01 2.2210795432329178e-03 
0.0000000000000000e+00 0.0000000000000000e+00 0.0000000000000000e+00 1.0000000000000000e+00 
Enterprise-counter/0026.pcd
1.0000251531600952e+00 -2.9241717129480094e-05 -2.1399471443146467e-03 -6.2190752942115068e-04 
2.8226349968463182e-05 1.0000319480895996e+00 -2.1328411821741611e-04 -2.3506440629716963e-04 
-3.5689184442162514e-03 2.1092343376949430e-04 1.0000123977661133e+00 1.6583878546953201e-02 
0.0000000000000000e+00 0.0000000000000000e+00 0.0000000000000000e+00 1.0000000000000000e+00 
Enterprise-counter/0027.pcd
1.0000191926956177e+00 5.1236831495771185e-05 -4.6606678515672684e-03 1.7753146588802338e-02 
-5.2812454669037834e-05 1.0000230073928833e+00 -8.5029234469402581e-05 1.5840707055758685e-04 
7.1904833021108061e-07 6.4098116126842797e-05 1.0000077486038208e+00 -3.2295464188791811e-04 
0.0000000000000000e+00 0.0000000000000000e+00 0.0000000000000000e+00 1.0000000000000000e+00 
Enterprise-counter/0028.pcd
1.0000368356704712e+00 4.2490959458518773e-05 5.7916453806683421e-04 -7.1998295607045293e-04 
-4.4432006689021364e-05 1.0000138282775879e+00 5.0691526848822832e-04 1.7923774430528283e-04 
2.0856366027146578e-03 -5.1405327394604683e-04 1.0000097751617432e+00 -2.0449681207537651e-02 
0.0000000000000000e+00 0.0000000000000000e+00 0.0000000000000000e+00 1.0000000000000000e+00 
Enterprise-counter/0029.pcd
1.0000181198120117e+00 -8.2026526797562838e-05 -9.7077019745483994e-04 1.6570609295740724e-03 
8.2772487075999379e-05 1.0000240802764893e+00 3.4280703403055668e-04 4.8466096632182598e-04 
-6.2668416649103165e-04 -3.4232647158205509e-04 1.0000157356262207e+00 -3.0753340572118759e-02 
0.0000000000000000e+00 0.0000000000000000e+00 0.0000000000000000e+00 1.0000000000000000e+00 
Enterprise-counter/0030.pcd
1.0000097751617432e+00 -2.4321525415871292e-04 8.2726506516337395e-03 -8.8106796145439148e-02 
2.4552570539526641e-04 1.0000120401382446e+00 9.3416303570847958e-05 4.8247430822812021e-04 
-2.5512860156595707e-04 -7.6097931014373899e-05 9.9996423721313477e-01 3.9792593452148139e-04 
0.0000000000000000e+00 0.0000000000000000e+00 0.0000000000000000e+00 1.0000000000000000e+00 
Enterprise-counter/0031.pcd
1.0000060796737671e+00 -1.9535883620847017e-04 5.9830904938280582e-03 -8.7865926325321198e-02 
1.9857953884638846e-04 1.0000013113021851e+00 3.5273362300358713e-05 -2.7426972519606352e-04 
-3.1572999432682991e-04 -3.0884446459822357e-05 9.9998980760574341e-01 1.2082676403224468e-03 
0.0000000000000000e+00 0.0000000000000000e+00 0.0000000000000000e+00 1.0000000000000000e+00 
Enterprise-counter/0032.pcd
1.0000121593475342e+00 -5.8693352912086993e-05 3.5245888284407556e-04 -2.0791266579180956e-03 
6.4200059568975121e-05 1.0000218152999878e+00 -7.2233180981129408e-04 -3.7219506339170039e-04 
-5.0157690420746803e-03 7.2604155866429210e-04 1.0000120401382446e+00 1.7453119158744812e-02 
0.0000000000000000e+00 0.0000000000000000e+00 0.0000000000000000e+00 1.0000000000000000e+00 
Enterprise-counter/0033.pcd
9.9999958276748657e-01 -1.1823780369013548e-03 -6.7216386087238789e-03 2.9738822951912880e-02 
1.1825809488072991e-03 1.0000078678131104e+00 2.1967742941342294e-04 1.1235107667744160e-02 
-2.0040570234414190e-04 -2.2678749519400299e-04 9.9998247623443604e-01 -1.9092595204710960e-02 
0.0000000000000000e+00 0.0000000000000000e+00 0.0000000000000000e+00 1.0000000000000000e+00 
Enterprise-counter/0034.pcd
1.0000313520431519e+00 1.6745211323723197e-03 -7.4609336443245411e-03 7.8469291329383850e-02 
-1.6765495529398322e-03 1.0000160932540894e+00 -2.9473064932972193e-04 -1.9122157245874405e-02 
-3.6254369188100100e-03 3.1099346233531833e-04 9.9999064207077026e-01 3.1002655625343323e-02 
0.0000000000000000e+00 0.0000000000000000e+00 0.0000000000000000e+00 1.0000000000000000e+00 
Enterprise-counter/0035.pcd
9.9999928474426270e-01 2.7243900149187539e-06 1.9542020163498819e-04 -1.3019521720707417e-03 
-3.6918294199494994e-07 1.0000140666961670e+00 -8.8840016587710124e-07 6.3008381403051317e-05 
4.7875222662696615e-05 1.7768777979654260e-05 1.0000140666961670e+00 -8.2253885921090841e-05 
0.0000000000000000e+00 0.0000000000000000e+00 0.0000000000000000e+00 1.0000000000000000e+00 
Enterprise-counter/0036.pcd
1.0000020265579224e+00 -2.3004326067166403e-05 -3.0379137024283409e-04 -8.3324099250603467e-05 
2.4268705601571128e-05 1.0000256299972534e+00 -7.6353131817086251e-08 -2.1857164392713457e-04 
-1.0921379725914448e-04 9.5762843557167798e-06 1.0000028610229492e+00 1.7449967563152313e-03 
0.0000000000000000e+00 0.0000000000000000e+00 0.0000000000000000e+00 1.0000000000000000e+00 
Enterprise-counter/0037.pcd
1.0000141859054565e+00 1.6915593732846901e-05 -6.6109225153923035e-03 2.3250062018632889e-02 
-1.5819867257960141e-05 1.0000137090682983e+00 -6.6785380477085710e-04 2.0579982083290815e-03 
-1.4177426928654313e-03 6.6798238549381495e-04 9.9998646974563599e-01 -4.5139607973396778e-03 
0.0000000000000000e+00 0.0000000000000000e+00 0.0000000000000000e+00 1.0000000000000000e+00 
Enterprise-counter/0038.pcd
1.0000035762786865e+00 4.3935657595284283e-04 -8.4166647866368294e-03 8.8012158870697021e-02 
-4.3611176079139113e-04 1.0000017881393433e+00 -4.0457971044816077e-04 4.4663887820206583e-05 
-6.5643712878227234e-04 4.0770694613456726e-04 9.9996626377105713e-01 -4.3805193854495883e-04 
0.0000000000000000e+00 0.0000000000000000e+00 0.0000000000000000e+00 1.0000000000000000e+00 
Enterprise-counter/0039.pcd
1.0000122785568237e+00 -1.7796459724195302e-04 7.4763217708095908e-04 1.1608803179115057e-03 
1.8997934239450842e-04 1.0000252723693848e+00 2.0721168257296085e-03 1.7336694290861487e-03 
7.6659359037876129e-03 -2.0751496776938438e-03 1.0000218152999878e+00 -2.4858539924025536e-02 
0.0000000000000000e+00 0.0000000000000000e+00 0.0000000000000000e+00 1.0000000000000000e+00 
Enterprise-counter/0040.pcd
1.0000178813934326e+00 5.3708870836999267e-05 -2.9661071021109819e-03 7.7691080514341593e-04 
-5.5131993576651439e-05 1.0000095367431641e+00 -2.1964919869787991e-04 -4.0292306221090257e-04 
8.6554983863607049e-04 2.2467161761596799e-04 1.0000113248825073e+00 4.5074883382767439e-04 
0.0000000000000000e+00 0.0000000000000000e+00 0.0000000000000000e+00 1.0000000000000000e+00 
Enterprise-counter/0041.pcd
1.0000238418579102e+00 3.8936504279263318e-04 1.4218812808394432e-02 -1.8405154347419739e-01 
-3.8984973798505962e-04 1.0000151395797729e+00 -3.1997577752918005e-04 -1.4270482352003455e-03 
5.9701345162466168e-04 2.2716427338309586e-04 9.9991518259048462e-01 -2.2875131107866764e-03 
0.0000000000000000e+00 0.0000000000000000e+00 0.0000000000000000e+00 1.0000000000000000e+00 
Enterprise-counter/0042.pcd
1.0000007152557373e+00 -2.5303247384727001e-03 4.5693892752751708e-04 -7.2193508967757225e-03 
2.5312150828540325e-03 9.9999606609344482e-01 1.3194112107157707e-03 1.5593319199979305e-02 
2.0463427063077688e-03 -1.3184404233470559e-03 1.0000053644180298e+00 -1.7725566402077675e-02 
0.0000000000000000e+00 0.0000000000000000e+00 0.0000000000000000e+00 1.0000000000000000e+00 
Enterprise-counter/0043.pcd
9.9999195337295532e-01 -5.1556336693465710e-03 -5.9429393149912357e-03 1.7509896308183670e-02 
5.1461900584399700e-03 9.9998706579208374e-01 -3.3196075819432735e-03 6.1651207506656647e-02 
1.4403845416381955e-03 3.2959296368062496e-03 9.9999678134918213e-01 3.3439006656408310e-03 
0.0000000000000000e+00 0.0000000000000000e+00 0.0000000000000000e+00 1.0000000000000000e+00 
Enterprise-counter/0044.pcd
1.0000158548355103e+00 -1.6593019245192409e-04 -1.7545537557452917e-03 -2.5749148335307837e-03 
1.6484114166814834e-04 1.0000133514404297e+00 -1.0134723561350256e-04 -1.0869819561776239e-05 
-4.2386542190797627e-04 1.1715395521605387e-04 1.0000077486038208e+00 -4.3125996853632387e-06 
0.0000000000000000e+00 0.0000000000000000e+00 0.0000000000000000e+00 1.0000000000000000e+00 
Enterprise-counter/0045.pcd
9.9998342990875244e-01 -2.2979038767516613e-03 4.5927455648779869e-03 -3.7440821528434753e-02 
2.2945476230233908e-03 1.0000128746032715e+00 -1.5607946552336216e-03 3.8254398852586746e-02 
2.6732401456683874e-03 1.5468628844246268e-03 9.9999761581420898e-01 -1.0126107372343540e-02 
0.0000000000000000e+00 0.0000000000000000e+00 0.0000000000000000e+00 1.0000000000000000e+00 
Enterprise-counter/0046.pcd
1.0000091791152954e+00 -2.9784967191517353e-03 1.4600402209907770e-03 -5.7688155211508274e-03 
2.9809921979904175e-03 1.0000163316726685e+00 4.7462110524065793e-04 3.3989012241363525e-02 
6.7014568485319614e-03 -5.3955672774463892e-04 1.0000184774398804e+00 -2.6116983965039253e-02 
0.0000000000000000e+00 0.0000000000000000e+00 0.0000000000000000e+00 1.0000000000000000e+00 
Enterprise-counter/0047.pcd
1.0000121593475342e+00 6.1499862931668758e-04 -1.4776295283809304e-03 2.3020146414637566e-02 
-6.1641167849302292e-04 1.0000044107437134e+00 -3.6749325226992369e-04 -8.4726867498829961e-04 
6.1626528622582555e-04 3.6333288880996406e-04 1.0000097751617432e+00 8.9076161384582520e-04 
0.0000000000000000e+00 0.0000000000000000e+00 0.0000000000000000e+00 1.0000000000000000e+00 
Enterprise-counter/0048.pcd
1.0000160932540894e+00 -7.7604525722563267e-04 3.4445135388523340e-03 -1.4450773596763611e-03 
7.7584345126524568e-04 1.0000174045562744e+00 -1.0860258480533957e-03 3.8255631923675537e-02 
1.7647016793489456e-03 1.0913725709542632e-03 1.0000159740447998e+00 -1.6204336658120155e-02 
0.0000000000000000e+00 0.0000000000000000e+00 0.0000000000000000e+00 1.0000000000000000e+00 
Enterprise-counter/0049.pcd
1.0000211000442505e+00 -4.1224216111004353e-03 3.5181739367544651e-03 5.7573770172894001e-03 
4.1179191321134567e-03 1.0000120401382446e+00 -2.8060418553650379e-03 8.4746003150939941e-02 
1.3239168329164386e-03 2.8217234648764133e-03 1.0000025033950806e+00 -1.8332067877054214e-02 
0.0000000000000000e+00 0.0000000000000000e+00 0.0000000000000000e+00 1.0000000000000000e+00 
Enterprise-counter/0050.pcd
1.0000026226043701e+00 -3.7289673928171396e-03 -5.8255257317796350e-04 4.0187507867813110e-02 
3.7323841825127602e-03 9.9999707937240601e-01 -3.4653067123144865e-03 8.3421602845191956e-02 
-3.3426383743062615e-04 3.4744138829410076e-03 9.9999719858169556e-01 -3.4398589283227921e-02 
0.0000000000000000e+00 0.0000000000000000e+00 0.0000000000000000e+00 1.0000000000000000e+00 
Enterprise-counter/0051.pcd
1.0000094175338745e+00 2.1434707741718739e-04 4.7423492651432753e-04 1.1516636237502098e-02 
-2.1556965657509863e-04 1.0000107288360596e+00 -1.7282104818150401e-03 3.1170008704066277e-02 
5.8197579346597195e-04 1.7251145327463746e-03 1.0000029802322388e+00 -2.0158009603619576e-02 
0.0000000000000000e+00 0.0000000000000000e+00 0.0000000000000000e+00 1.0000000000000000e+00 
Enterprise-counter/0052.pcd
1.0000053644180298e+00 -2.7098630089312792e-03 1.9556819461286068e-03 5.2981313318014145e-02 
2.7074762620031834e-03 9.9999916553497314e-01 -8.5468788165599108e-04 4.3153777718544006e-02 
1.9868720846716315e-04 8.5673114517703652e-04 1.0000044107437134e+00 2.1534453844651580e-04 
0.0000000000000000e+00 0.0000000000000000e+00 0.0000000000000000e+00 1.0000000000000000e+00 
Enterprise-counter/0053.pcd
1.0000116825103760e+00 -2.3623497691005468e-03 -1.1267899535596371e-02 6.1681814491748810e-02 
2.3421978112310171e-03 9.9998438358306885e-01 7.0576625876128674e-03 4.9809224903583527e-02 
-2.6094547938555479e-03 -7.1621146053075790e-03 9.9992001056671143e-01 1.0926064103841782e-02 
0.0000000000000000e+00 0.0000000000000000e+00 0.0000000000000000e+00 1.0000000000000000e+00 
Enterprise-counter/0054.pcd
1.0000317096710205e+00 -1.1421201052144170e-03 2.1076002158224583e-03 6.6349722445011139e-02 
1.1436846107244492e-03 1.0000213384628296e+00 -1.4829854480922222e-03 4.0351711213588715e-02 
8.6319260299205780e-04 1.4853399479761720e-03 1.0000230073928833e+00 -1.0064202360808849e-02 
0.0000000000000000e+00 0.0000000000000000e+00 0.0000000000000000e+00 1.0000000000000000e+00 
Enterprise-counter/0055.pcd
1.0000114440917969e+00 5.1996833644807339e-04 2.8258489910513163e-03 1.8707105889916420e-02 
-5.1454053027555346e-04 1.0000233650207520e+00 -3.2386828679591417e-03 6.2288291752338409e-02 
-1.0841413168236613e-03 3.2439373899251223e-03 9.9999690055847168e-01 2.9135146178305149e-04 
0.0000000000000000e+00 0.0000000000000000e+00 0.0000000000000000e+00 1.0000000000000000e+00 
Enterprise-counter/0056.pcd
1.0000147819519043e+00 6.2917955801822245e-05 -5.5167806567624211e-04 2.4167305673472583e-04 
-6.3013219914864749e-05 1.0000087022781372e+00 3.1778782140463591e-03 6.4819000661373138e-02 
5.5418186821043491e-04 -3.1796339899301529e-03 1.0000102519989014e+00 2.5690838694572449e-02 
0.0000000000000000e+00 0.0000000000000000e+00 0.0000000000000000e+00 1.0000000000000000e+00 
Enterprise-counter/0057.pcd
1.0000189542770386e+00 9.6022624347824603e-05 3.8426313549280167e-03 9.2925600707530975e-02 
-1.0094343451783061e-04 1.0000135898590088e+00 -1.6294722445309162e-03 4.5763902366161346e-02 
1.7044374253600836e-03 1.6123646637424827e-03 1.0000120401382446e+00 -8.1871775910258293e-03 
0.0000000000000000e+00 0.0000000000000000e+00 0.0000000000000000e+00 1.0000000000000000e+00 
Enterprise-counter/0058.pcd
1.0000245571136475e+00 -1.8789722525980324e-04 -1.1827281676232815e-02 9.7458928823471069e-02 
1.7588943592272699e-04 1.0000019073486328e+00 4.6790624037384987e-03 6.3657656311988831e-02 
-1.9100875360891223e-03 -4.6369028277695179e-03 9.9993628263473511e-01 4.7190926969051361e-02 
0.0000000000000000e+00 0.0000000000000000e+00 0.0000000000000000e+00 1.0000000000000000e+00 
Enterprise-counter/0059.pcd
1.0000087022781372e+00 1.9649351015686989e-03 2.6232495438307524e-03 -4.0076937526464462e-02 
-1.9655656069517136e-03 1.0000046491622925e+00 2.6171708013862371e-03 1.1645557731389999e-01 
6.4963888144120574e-04 -2.6207044720649719e-03 1.0000122785568237e+00 3.3511964138597250e-03 
0.0000000000000000e+00 0.0000000000000000e+00 0.0000000000000000e+00 1.0000000000000000e+00 
Enterprise-counter/0060.pcd
1.0000181198120117e+00 2.4736940395087004e-03 1.6945827519521117e-03 -2.3831570520997047e-02 
-2.4776174686849117e-03 1.0000078678131104e+00 1.5031491639092565e-03 1.1254818737506866e-01 
-1.7656686250120401e-03 -1.5084237093105912e-03 1.0000069141387939e+00 1.4531869441270828e-02 
0.0000000000000000e+00 0.0000000000000000e+00 0.0000000000000000e+00 1.0000000000000000e+00 
Enterprise-counter/0061.pcd
1.0000056028366089e+00 1.9808521028608084e-03 6.4684646204113960e-03 1.5336412005126476e-02 
-1.9603904802352190e-03 9.9998581409454346e-01 -6.1813271604478359e-03 1.1309520900249481e-01 
-3.6653860006481409e-03 6.1643705703318119e-03 9.9998009204864502e-01 2.8481867164373398e-02 
0.0000000000000000e+00 0.0000000000000000e+00 0.0000000000000000e+00 1.0000000000000000e+00 
Enterprise-counter/0062.pcd
1.0000222921371460e+00 2.6333348359912634e-03 -4.6499157324433327e-03 1.7608292400836945e-02 
-2.6384813245385885e-03 1.0000147819519043e+00 2.1049813367426395e-03 1.1425904929637909e-01 
-2.0628154743462801e-03 -2.0170577336102724e-03 1.0000019073486328e+00 8.6441216990351677e-03 
0.0000000000000000e+00 0.0000000000000000e+00 0.0000000000000000e+00 1.0000000000000000e+00 
Enterprise-counter/0063.pcd
1.0000123977661133e+00 3.0704813543707132e-03 2.6438743807375431e-03 9.8487446084618568e-03 
-3.0819505918771029e-03 1.0000039339065552e+00 3.2977284863591194e-03 1.0435537993907928e-01 
-2.9684873297810555e-03 -3.3106124028563499e-03 1.0000106096267700e+00 -5.0745173357427120e-03 
0.0000000000000000e+00 0.0000000000000000e+00 0.0000000000000000e+00 1.0000000000000000e+00 
Enterprise-counter/0064.pcd
1.0000132322311401e+00 2.8560361824929714e-03 -1.0476569877937436e-03 1.5104167163372040e-02 
-2.8752221260219812e-03 1.0000033378601074e+00 4.7438396140933037e-03 1.0414047539234161e-01 
-3.6236685700714588e-03 -4.7409744001924992e-03 1.0000098943710327e+00 -9.4060401897877455e-04 
0.0000000000000000e+00 0.0000000000000000e+00 0.0000000000000000e+00 1.0000000000000000e+00 
Enterprise-counter/0065.pcd
1.0000123977661133e+00 4.0954644791781902e-03 2.3386788088828325e-03 1.5892347320914268e-02 
-4.1053318418562412e-03 9.9999934434890747e-01 4.3415646068751812e-03 9.8524257540702820e-02 
-2.1069829817861319e-03 -4.3521090410649776e-03 1.0000081062316895e+00 -1.0653032921254635e-02 
0.0000000000000000e+00 0.0000000000000000e+00 0.0000000000000000e+00 1.0000000000000000e+00 
Enterprise-counter/0066.pcd
9.9999499320983887e-01 -3.5009302664548159e-03 2.7771915774792433e-03 7.4316315352916718e-02 
3.4954897128045559e-03 1.0000016689300537e+00 -8.9830899378284812e-04 7.6155923306941986e-02 
3.4297758247703314e-03 8.8877853704616427e-04 1.0000094175338745e+00 -1.3487255200743675e-02 
0.0000000000000000e+00 0.0000000000000000e+00 0.0000000000000000e+00 1.0000000000000000e+00 
Enterprise-counter/0067.pcd
1.0000030994415283e+00 -5.2399029955267906e-03 -2.7511373162269592e-02 1.6083574295043945e-01 
5.2356403321027756e-03 1.0000009536743164e+00 -2.3766215890645981e-03 1.0769725590944290e-01 
1.7326693050563335e-03 2.2894374560564756e-03 9.9963140487670898e-01 1.9017655402421951e-02 
0.0000000000000000e+00 0.0000000000000000e+00 0.0000000000000000e+00 1.0000000000000000e+00 
Enterprise-counter/0068.pcd
9.9994778633117676e-01 -3.9296322502195835e-03 -1.3116423971951008e-02 1.2207269668579102e-02 
3.8780532777309418e-03 1.0000131130218506e+00 -3.9636464789509773e-03 1.2452204525470734e-01 
1.3129863888025284e-02 3.9094490930438042e-03 9.9993818998336792e-01 6.1593786813318729e-03 
0.0000000000000000e+00 0.0000000000000000e+00 0.0000000000000000e+00 1.0000000000000000e+00 
Enterprise-counter/0069.pcd
9.9994558095932007e-01 -6.1708129942417145e-03 -1.1077097617089748e-02 -1.1379444040358067e-02 
6.1614075675606728e-03 1.0000027418136597e+00 -8.6505746003240347e-04 1.1606601625680923e-01 
1.1078901588916779e-02 8.0006138887256384e-04 9.9995124340057373e-01 9.7391614690423012e-03 
0.0000000000000000e+00 0.0000000000000000e+00 0.0000000000000000e+00 1.0000000000000000e+00 
Enterprise-counter/0070.pcd
9.9997627735137939e-01 -3.6043433938175440e-03 1.5723401680588722e-02 -4.5017328113317490e-02 
3.5747285000979900e-03 1.0000036954879761e+00 -3.6403536796569824e-03 1.2355656921863556e-01 
8.3856573328375816e-03 3.6041010171175003e-03 9.9987572431564331e-01 1.2750323861837387e-02 
0.0000000000000000e+00 0.0000000000000000e+00 0.0000000000000000e+00 1.0000000000000000e+00 
Enterprise-counter/0071.pcd
9.9998939037322998e-01 -4.3214890174567699e-03 3.8320759776979685e-03 5.9124667197465897e-02 
4.3258750811219215e-03 1.0000015497207642e+00 -1.1429835576564074e-03 7.0702068507671356e-02 
-3.8237140979617834e-03 1.1602557497099042e-03 1.0000060796737671e+00 5.2689220756292343e-03 
0.0000000000000000e+00 0.0000000000000000e+00 0.0000000000000000e+00 1.0000000000000000e+00 
Enterprise-counter/0072.pcd
9.9996113777160645e-01 -3.0117738060653210e-03 8.7186908349394798e-03 1.8422134220600128e-02 
3.1325370073318481e-03 9.9991315603256226e-01 -1.3680888339877129e-02 1.1862132698297501e-01 
-8.6736194789409637e-03 1.3717186637222767e-02 9.9987572431564331e-01 2.5020569562911987e-02 
0.0000000000000000e+00 0.0000000000000000e+00 0.0000000000000000e+00 1.0000000000000000e+00 
Enterprise-counter/0073.pcd
9.9995017051696777e-01 -1.7389501444995403e-03 1.0466657578945160e-02 8.0695115029811859e-03 
1.7750391270965338e-03 1.0000025033950806e+00 -3.3300376962870359e-03 6.1876382678747177e-02 
-1.0466876439750195e-02 3.3525147009640932e-03 9.9994510412216187e-01 7.6344572007656097e-03 
0.0000000000000000e+00 0.0000000000000000e+00 0.0000000000000000e+00 1.0000000000000000e+00 
Enterprise-counter/0074.pcd
1.0000064373016357e+00 -3.4024789929389954e-03 5.3273397497832775e-03 -5.4127868264913559e-02 
3.3638980239629745e-03 9.9998456239700317e-01 7.0308670401573181e-03 9.2751227319240570e-02 
-5.2060852758586407e-03 -7.0196692831814289e-03 9.9998199939727783e-01 -1.1540009640157223e-02 
0.0000000000000000e+00 0.0000000000000000e+00 0.0000000000000000e+00 1.0000000000000000e+00 
Enterprise-counter/0075.pcd
1.0000107288360596e+00 -5.2525182254612446e-03 -6.0986052267253399e-03 -6.8814638070762157e-03 
5.2457600831985474e-03 9.9999415874481201e-01 -2.6836285833269358e-03 1.0662516951560974e-01 
1.3698961120098829e-03 2.6680256705731153e-03 9.9999827146530151e-01 -4.8281331546604633e-03 
0.0000000000000000e+00 0.0000000000000000e+00 0.0000000000000000e+00 1.0000000000000000e+00 
Enterprise-counter/0076.pcd
1.0000052452087402e+00 -2.5802527088671923e-03 -6.2937950715422630e-03 2.1439624950289726e-02 
2.5660372339189053e-03 9.9999338388442993e-01 -4.4620614498853683e-03 1.1805600672960281e-01 
3.1565332319587469e-03 4.4460007920861244e-03 9.9998080730438232e-01 -5.5175009183585644e-03 
0.0000000000000000e+00 0.0000000000000000e+00 0.0000000000000000e+00 1.0000000000000000e+00 
Enterprise-counter/0077.pcd
1.0000054836273193e+00 -7.0658815093338490e-03 1.7356477910652757e-03 4.0292520076036453e-02 
7.0638959296047688e-03 9.9999243021011353e-01 -2.1577812731266022e-03 1.0933957993984222e-01 
6.4900412689894438e-04 2.1610206458717585e-03 1.0000077486038208e+00 1.4461668906733394e-03 
0.0000000000000000e+00 0.0000000000000000e+00 0.0000000000000000e+00 1.0000000000000000e+00 
Enterprise-counter/0078.pcd
9.9997031688690186e-01 -9.7568780183792114e-03 7.2962220292538404e-04 2.0184433087706566e-02 
9.7578475251793861e-03 9.9997413158416748e-01 -5.2707729628309608e-04 1.1978956311941147e-01 
-3.0316604534164071e-04 5.3853477584198117e-04 1.0000052452087402e+00 8.2026403397321701e-03 
0.0000000000000000e+00 0.0000000000000000e+00 0.0000000000000000e+00 1.0000000000000000e+00 
Enterprise-counter/0079.pcd
1.0000047683715820e+00 -7.2839842177927494e-03 1.4620452187955379e-02 -4.7157004475593567e-02 
7.2893989272415638e-03 9.9995446205139160e-01 -8.7375715374946594e-03 1.1787392199039459e-01 
-1.0195376817137003e-03 8.7333917617797852e-03 9.9988007545471191e-01 1.0857934132218361e-02 
0.0000000000000000e+00 0.0000000000000000e+00 0.0000000000000000e+00 1.0000000000000000e+00 
Enterprise-counter/0080.pcd
9.9999791383743286e-01 -5.1726219244301319e-03 9.1041205450892448e-03 -8.9476732537150383e-03 
5.1811756566166878e-03 9.9999105930328369e-01 -3.3019459806382656e-03 1.0224851965904236e-01 
-2.5665902066975832e-03 3.3594206906855106e-03 9.9996972084045410e-01 -1.1546247405931354e-03 
0.0000000000000000e+00 0.0000000000000000e+00 0.0000000000000000e+00 1.0000000000000000e+00 
Enterprise-counter/0081.pcd
1.0000112056732178e+00 -5.0186319276690483e-03 7.2371745482087135e-03 -6.5038301050662994e-02 
5.0265258178114891e-03 9.9997705221176147e-01 6.4349747262895107e-03 1.1772303283214569e-01 
1.1926826555281878e-03 -6.4342673867940903e-03 9.9996793270111084e-01 -9.6697201952338219e-03 
0.0000000000000000e+00 0.0000000000000000e+00 0.0000000000000000e+00 1.0000000000000000e+00 
Enterprise-counter/0082.pcd
9.9996984004974365e-01 -8.9393220841884613e-03 -1.2591744773089886e-02 6.8199997767806053e-03 
8.9958924800157547e-03 9.9986028671264648e-01 1.4527308754622936e-02 9.7913347184658051e-02 
3.9377054199576378e-03 -1.4598351903259754e-02 9.9982845783233643e-01 -5.6875259615480900e-03 
0.0000000000000000e+00 0.0000000000000000e+00 0.0000000000000000e+00 1.0000000000000000e+00 
Enterprise-counter/0083.pcd
9.9989992380142212e-01 -9.6551841124892235e-03 8.2911895588040352e-03 -1.1206264793872833e-01 
9.5566166564822197e-03 9.9991273880004883e-01 -9.2567950487136841e-03 1.2095179408788681e-01 
1.0766486637294292e-02 9.0910708531737328e-03 9.9993169307708740e-01 2.1895632380619645e-04 
0.0000000000000000e+00 0.0000000000000000e+00 0.0000000000000000e+00 1.0000000000000000e+00 
Enterprise-counter/0084.pcd
9.9993729591369629e-01 -9.6555184572935104e-03 -1.0153594426810741e-02 -3.9807078428566456e-03 
9.5575843006372452e-03 9.9990653991699219e-01 -1.0181054472923279e-02 8.1580258905887604e-02 
9.4303553923964500e-03 1.0082828812301159e-02 9.9991947412490845e-01 1.7961155623197556e-02 
0.0000000000000000e+00 0.0000000000000000e+00 0.0000000000000000e+00 1.0000000000000000e+00 
Enterprise-counter/0085.pcd
9.9995374679565430e-01 -1.1199149303138256e-02 2.1825770381838083e-03 -2.7629977092146873e-02 
1.1156826280057430e-02 9.9991381168365479e-01 -9.0592373162508011e-03 1.0511056333780289e-01 
4.6561216004192829e-03 9.1112079098820686e-03 9.9997717142105103e-01 1.3700166717171669e-02 
0.0000000000000000e+00 0.0000000000000000e+00 0.0000000000000000e+00 1.0000000000000000e+00 
Enterprise-counter/0086.pcd
9.9989682435989380e-01 -1.6246303915977478e-02 1.1021585669368505e-03 -1.5140143223106861e-02 
1.6223823651671410e-02 9.9975734949111938e-01 1.5678990632295609e-02 1.2454897910356522e-01 
-1.3664202997460961e-03 -1.5661403536796570e-02 9.9989700317382812e-01 -5.3745252080261707e-03 
0.0000000000000000e+00 0.0000000000000000e+00 0.0000000000000000e+00 1.0000000000000000e+00 
Enterprise-counter/0087.pcd
9.9986374378204346e-01 -1.6463261097669601e-02 3.0998836737126112e-03 9.5024053007364273e-03 
1.6369275748729706e-02 9.9979543685913086e-01 1.3086516410112381e-02 9.1389074921607971e-02 
-7.1793850511312485e-03 -1.3027663342654705e-02 9.9993449449539185e-01 8.5498746484518051e-03 
0.0000000000000000e+00 0.0000000000000000e+00 0.0000000000000000e+00 1.0000000000000000e+00 
Enterprise-counter/0088.pcd
9.9988919496536255e-01 -1.1735901236534119e-02 -1.1957149952650070e-02 4.2571786791086197e-02 
1.1629983782768250e-02 9.9991649389266968e-01 8.2668978720903397e-03 1.4191085472702980e-02 
-1.1905989609658718e-02 -8.7683293968439102e-03 9.9991124868392944e-01 1.0892313905060291e-02 
0.0000000000000000e+00 0.0000000000000000e+00 0.0000000000000000e+00 1.0000000000000000e+00 
Enterprise-counter/0089.pcd
9.9983584880828857e-01 -1.8123181536793709e-02 -5.8030481450259686e-03 -1.5525531955063343e-02 
1.8168441951274872e-02 9.9982309341430664e-01 -7.4494048021733761e-03 9.6192687749862671e-02 
-6.1579793691635132e-03 7.6196393929421902e-03 9.9996864795684814e-01 1.1014731600880623e-02 
0.0000000000000000e+00 0.0000000000000000e+00 0.0000000000000000e+00 1.0000000000000000e+00 
Enterprise-counter/0090.pcd
9.9988329410552979e-01 -1.5944508835673332e-02 -1.9387383945286274e-03 -9.7103126347064972e-02 
1.5937400981783867e-02 9.9987727403640747e-01 5.7323770597577095e-03 1.2870040535926819e-01 
-1.4469014713540673e-03 -5.7260985486209393e-03 9.9999296665191650e-01 1.5139868482947350e-03 
0.0000000000000000e+00 0.0000000000000000e+00 0.0000000000000000e+00 1.0000000000000000e+00 
Enterprise-counter/0091.pcd
9.9982005357742310e-01 -2.0301751792430878e-02 1.4910830650478601e-03 -9.8220154643058777e-02 
2.0331162959337234e-02 9.9976950883865356e-01 9.9331066012382507e-03 1.6400341689586639e-01 
3.0270337592810392e-03 -9.8966117948293686e-03 9.9997437000274658e-01 7.5019815994892269e-05 
0.0000000000000000e+00 0.0000000000000000e+00 0.0000000000000000e+00 1.0000000000000000e+00 
Enterprise-counter/0092.pcd
9.9987322092056274e-01 -1.7899502068758011e-02 -8.2838945090770721e-03 1.4412099495530128e-02 
1.7895827069878578e-02 9.9984836578369141e-01 4.5345933176577091e-03 7.0896767079830170e-02 
3.3034005900844932e-04 -4.6256883069872856e-03 9.9997925758361816e-01 8.6891315877437592e-03 
0.0000000000000000e+00 0.0000000000000000e+00 0.0000000000000000e+00 1.0000000000000000e+00 
Enterprise-counter/0093.pcd
9.9975216388702393e-01 -2.1838186308741570e-02 -2.5887263473123312e-03 -5.7012375444173813e-02 
2.1833959966897964e-02 9.9975520372390747e-01 -4.2733880691230297e-03 1.2192947417497635e-01 
1.2929968070238829e-03 4.2467652820050716e-03 9.9998939037322998e-01 9.8078493028879166e-03 
0.0000000000000000e+00 0.0000000000000000e+00 0.0000000000000000e+00 1.0000000000000000e+00 
Enterprise-counter/0094.pcd
9.9973434209823608e-01 -2.3366006091237068e-02 4.3002734309993684e-04 -6.5753102302551270e-02 
2.3365506902337074e-02 9.9973201751708984e-01 5.6313816457986832e-04 1.1634549498558044e-01 
-9.7765494138002396e-04 -5.4805207764729857e-04 1.0000070333480835e+00 1.4206159859895706e-02 
0.0000000000000000e+00 0.0000000000000000e+00 0.0000000000000000e+00 1.0000000000000000e+00 
Enterprise-counter/0095.pcd
9.9974381923675537e-01 -2.3523876443505287e-02 6.2513528391718864e-03 -1.0814113914966583e-01 
2.3529915139079094e-02 9.9973154067993164e-01 4.5383232645690441e-03 1.0927535593509674e-01 
1.2427952606230974e-03 -4.6134642325341702e-03 9.9997860193252563e-01 -1.1360158212482929e-02 
0.0000000000000000e+00 0.0000000000000000e+00 0.0000000000000000e+00 1.0000000000000000e+00 
Enterprise-counter/0096.pcd
9.9975842237472534e-01 -2.2463491186499596e-02 -2.2184173576533794e-03 -4.1416209191083908e-02 
2.2464757785201073e-02 9.9975544214248657e-01 3.4893911797553301e-03 1.0465689748525620e-01 
-1.3284999295137823e-04 -3.4952773712575436e-03 9.9999248981475830e-01 -4.0274285711348057e-03 
0.0000000000000000e+00 0.0000000000000000e+00 0.0000000000000000e+00 1.0000000000000000e+00 
Enterprise-counter/0097.pcd
9.9962484836578369e-01 -2.7619602158665657e-02 -6.6402205266058445e-03 -2.7404068037867546e-02 
2.7607133612036705e-02 9.9960315227508545e-01 6.9340770132839680e-03 9.4595119357109070e-02 
-1.8650508718565106e-03 -7.0000714622437954e-03 9.9996525049209595e-01 6.7969388328492641e-03 
0.0000000000000000e+00 0.0000000000000000e+00 0.0000000000000000e+00 1.0000000000000000e+00 
Enterprise-counter/0098.pcd
9.9959689378738403e-01 -2.8622785583138466e-02 -1.1897202581167221e-02 1.6271241009235382e-02 
2.8552621603012085e-02 9.9955588579177856e-01 1.1468267068266869e-02 7.5400464236736298e-02 
-6.1040860600769520e-03 -1.1233886703848839e-02 9.9989163875579834e-01 3.3202428370714188e-02 
