Enterprise-clockwise/0000.pcd
5.4281997680664062e-01 8.3984905481338501e-01 0.0000000000000000e+00 0.0000000000000000e+00 
-8.3984905481338501e-01 5.4281997680664062e-01 -0.0000000000000000e+00 0.0000000000000000e+00 
-0.0000000000000000e+00 0.0000000000000000e+00 1.0000000000000000e+00 0.0000000000000000e+00 
0.0000000000000000e+00 0.0000000000000000e+00 0.0000000000000000e+00 1.0000000000000000e+00 
Enterprise-clockwise/0001.pcd
1.0000065565109253e+00 -3.3352196624036878e-05 4.8051588237285614e-04 -2.0952718332409859e-03 
3.4689721360336989e-05 1.0000046491622925e+00 -1.5697746130172163e-04 2.2531305148731917e-04 
1.3128274586051702e-03 1.6584692639298737e-04 1.0000101327896118e+00 -8.6951563134789467e-03 
0.0000000000000000e+00 0.0000000000000000e+00 0.0000000000000000e+00 1.0000000000000000e+00 
Enterprise-clockwise/0002.pcd
1.0000213384628296e+00 -1.9278620311524719e-04 8.3497579907998443e-05 -3.0542707536369562e-03 
1.8594581342767924e-04 1.0000141859054565e+00 1.9485617522150278e-03 -1.1936496011912823e-03 
-4.4574788771569729e-03 -1.9477815367281437e-03 1.0000107288360596e+00 -6.5339662134647369e-02 
0.0000000000000000e+00 0.0000000000000000e+00 0.0000000000000000e+00 1.0000000000000000e+00 
Enterprise-clockwise/0003.pcd
1.0000042915344238e+00 9.7423333500046283e-05 -4.4600116088986397e-03 5.9602208435535431e-02 
-1.0800515883602202e-04 1.0000011920928955e+00 3.5788204986602068e-03 -4.8903547227382660e-02 
-3.7762541323900223e-03 -3.6095334216952324e-03 9.9999988079071045e-01 1.0276785120368004e-02 
0.0000000000000000e+00 0.0000000000000000e+00 0.0000000000000000e+00 1.0000000000000000e+00 
Enterprise-clockwise/0004.pcd
1.0000028610229492e+00 3.0942063312977552e-04 -2.7187003288418055e-03 1.0600177571177483e-02 
-2.9638232081197202e-04 9.9999231100082397e-01 2.7243848307989538e-04 1.5992106636986136e-04 
6.7296385532245040e-04 -2.9248057398945093e-04 1.0000128746032715e+00 5.8549051173031330e-03 
0.0000000000000000e+00 0.0000000000000000e+00 0.0000000000000000e+00 1.0000000000000000e+00 
Enterprise-clockwise/0005.pcd
1.0000202655792236e+00 -1.4965643640607595e-04 4.3501530308276415e-04 -3.3282672520726919e-03 
1.5114080451894552e-04 1.0000120401382446e+00 2.1294034086167812e-03 -9.2889752704650164e-04 
-1.5143395867198706e-03 -2.1405126899480820e-03 1.0000258684158325e+00 -9.2623814940452576e-02 
0.0000000000000000e+00 0.0000000000000000e+00 0.0000000000000000e+00 1.0000000000000000e+00 
Enterprise-clockwise/0006.pcd
1.0000089406967163e+00 1.4279450988397002e-03 -3.5319242160767317e-03 -7.6987426728010178e-03 
-1.4188210479915142e-03 9.9999296665191650e-01 3.3166509820148349e-04 -1.9633265212178230e-02 
-9.4959151465445757e-04 -3.5181484417989850e-04 1.0000222921371460e+00 -1.4478762634098530e-02 
0.0000000000000000e+00 0.0000000000000000e+00 0.0000000000000000e+00 1.0000000000000000e+00 
Enterprise-clockwise/0007.pcd
9.9996083974838257e-01 -1.0357579216361046e-02 -9.7672436386346817e-03 1.6298282146453857e-01 
1.0388629510998726e-02 9.9993723630905151e-01 8.3723794668912888e-03 -2.4511530995368958e-01 
4.1236788965761662e-03 -8.3931302651762962e-03 9.9993294477462769e-01 -3.1460624188184738e-02 
0.0000000000000000e+00 0.0000000000000000e+00 0.0000000000000000e+00 1.0000000000000000e+00 
Enterprise-clockwise/0008.pcd
9.9999111890792847e-01 1.1097849346697330e-03 -1.1895430274307728e-02 1.1291567236185074e-01 
-1.1191437952220440e-03 9.9999833106994629e-01 3.9230212569236755e-03 -1.0548118501901627e-02 
-1.4010636368766427e-03 -3.8691803347319365e-03 9.9992299079895020e-01 -6.7429706454277039e-02 
0.0000000000000000e+00 0.0000000000000000e+00 0.0000000000000000e+00 1.0000000000000000e+00 
Enterprise-clockwise/0009.pcd
1.0000045299530029e+00 2.3126976884668693e-05 -1.3469585683196783e-03 1.7106600571423769e-03 
-3.1050301913637668e-05 1.0000140666961670e+00 2.0027116406708956e-03 -1.1632209498202428e-04 
-2.9630206990987062e-03 -2.0047058351337910e-03 1.0000197887420654e+00 -8.0102413892745972e-02 
0.0000000000000000e+00 0.0000000000000000e+00 0.0000000000000000e+00 1.0000000000000000e+00 
Enterprise-clockwise/0010.pcd
1.0000011920928955e+00 1.6521415091119707e-04 -5.2814616356045008e-04 2.0627269987016916e-03 
-1.7108938482124358e-04 1.0000168085098267e+00 -6.0582562582567334e-04 6.5391161479055882e-04 
4.3455180712044239e-03 6.0263922205194831e-04 9.9999850988388062e-01 1.9672479480504990e-02 
0.0000000000000000e+00 0.0000000000000000e+00 0.0000000000000000e+00 1.0000000000000000e+00 
Enterprise-clockwise/0011.pcd
1.0000071525573730e+00 -5.8433739468455315e-04 -3.7890435196459293e-03 3.4447941929101944e-02 
5.8361591072753072e-04 1.0000194311141968e+00 -6.1973283300176263e-04 2.4565694853663445e-02 
-4.2547867633402348e-03 6.3642277382314205e-04 1.0000150203704834e+00 -9.6114069223403931e-02 
0.0000000000000000e+00 0.0000000000000000e+00 0.0000000000000000e+00 1.0000000000000000e+00 
Enterprise-clockwise/0012.pcd
1.0000120401382446e+00 8.0888938100542873e-05 -1.1924883583560586e-03 1.6239989781752229e-03 
-7.9596044088248163e-05 1.0000149011611938e+00 -1.4088090392760932e-04 1.3658538227900863e-04 
2.7126681525260210e-03 1.4027068391442299e-04 1.0000089406967163e+00 3.5611554048955441e-03 
0.0000000000000000e+00 0.0000000000000000e+00 0.0000000000000000e+00 1.0000000000000000e+00 
Enterprise-clockwise/0013.pcd
1.0000079870223999e+00 4.2828347068279982e-04 -1.8142651766538620e-02 1.7237387597560883e-01 
-4.3468869989737868e-04 9.9999213218688965e-01 3.1543527729809284e-03 2.6135679334402084e-02 
-3.5442917142063379e-03 -3.0654408037662506e-03 9.9984622001647949e-01 -9.7179852426052094e-02 
0.0000000000000000e+00 0.0000000000000000e+00 0.0000000000000000e+00 1.0000000000000000e+00 
Enterprise-clockwise/0014.pcd
1.0000120401382446e+00 1.2613845756277442e-03 -1.8576761940494180e-03 8.1198655068874359e-02 
-1.2544495984911919e-03 1.0000183582305908e+00 7.8792561544105411e-04 7.2519487002864480e-04 
2.9151842463761568e-03 -7.7397975837811828e-04 1.0000211000442505e+00 4.9112271517515182e-02 
0.0000000000000000e+00 0.0000000000000000e+00 0.0000000000000000e+00 1.0000000000000000e+00 
Enterprise-clockwise/0015.pcd
1.0000075101852417e+00 1.4363172231242061e-03 -3.5420558415353298e-03 8.4695905447006226e-02 
-1.4328382676467299e-03 9.9999976158142090e-01 3.6453967913985252e-04 -1.3718045083805919e-03 
8.5206306539475918e-04 -3.6075193202123046e-04 1.0000094175338745e+00 2.3851657286286354e-02 
0.0000000000000000e+00 0.0000000000000000e+00 0.0000000000000000e+00 1.0000000000000000e+00 
Enterprise-clockwise/0016.pcd
1.0000343322753906e+00 3.8400219636969268e-04 -1.1959131807088852e-02 1.3110108673572540e-01 
-3.8122033583931625e-04 1.0000120401382446e+00 -1.0858600726351142e-03 1.7007231712341309e-02 
-1.2918636202812195e-03 1.1185943149030209e-03 9.9996101856231689e-01 -2.2562004625797272e-02 
0.0000000000000000e+00 0.0000000000000000e+00 0.0000000000000000e+00 1.0000000000000000e+00 
Enterprise-clockwise/0017.pcd
9.9997025728225708e-01 -7.2385328821837902e-03 4.6781399287283421e-03 -1.2673467397689819e-01 
7.2476165369153023e-03 9.9997496604919434e-01 -3.4286112058907747e-03 5.7603837922215462e-03 
-2.9930784367024899e-03 3.4422022290527821e-03 9.9998885393142700e-01 -2.6741012930870056e-02 
0.0000000000000000e+00 0.0000000000000000e+00 0.0000000000000000e+00 1.0000000000000000e+00 
Enterprise-clockwise/0018.pcd
1.0000208616256714e+00 -2.0745141955558211e-04 1.0220353491604328e-02 -8.7627999484539032e-02 
2.1326378919184208e-04 1.0000079870223999e+00 -7.2516163345426321e-04 5.3735631518065929e-03 
-1.6549032879993320e-03 7.1206560824066401e-04 9.9996006488800049e-01 1.3681537471711636e-02 
0.0000000000000000e+00 0.0000000000000000e+00 0.0000000000000000e+00 1.0000000000000000e+00 
Enterprise-clockwise/0019.pcd
1.0000089406967163e+00 -2.1572275727521628e-04 3.0752089805901051e-03 -6.3427197746932507e-03 
2.1129459491930902e-04 1.0000188350677490e+00 2.4740453227423131e-04 -7.7133423474151641e-05 
-4.7421664930880070e-03 -2.0943544222973287e-04 1.0000011920928955e+00 -2.8829945251345634e-02 
0.0000000000000000e+00 0.0000000000000000e+00 0.0000000000000000e+00 1.0000000000000000e+00 
Enterprise-clockwise/0020.pcd
1.0000147819519043e+00 1.8592209380585700e-04 -2.2364181932061911e-03 5.8785207569599152e-02 
-1.9549729768186808e-04 1.0000195503234863e+00 -2.7889870107173920e-03 1.4741876162588596e-02 
2.1609137766063213e-03 2.7972452808171511e-03 9.9999308586120605e-01 7.4202790856361389e-02 
0.0000000000000000e+00 0.0000000000000000e+00 0.0000000000000000e+00 1.0000000000000000e+00 
Enterprise-clockwise/0021.pcd
1.0000050067901611e+00 3.3568509388715029e-04 1.0340647771954536e-02 -8.6291626095771790e-02 
-3.2844595261849463e-04 1.0000053644180298e+00 -9.0404850197955966e-04 1.0171268135309219e-02 
-5.7174073299393058e-04 9.0358901070430875e-04 9.9995046854019165e-01 7.3085487820208073e-03 
0.0000000000000000e+00 0.0000000000000000e+00 0.0000000000000000e+00 1.0000000000000000e+00 
Enterprise-clockwise/0022.pcd
1.0000140666961670e+00 6.8206258583813906e-04 9.0382155030965805e-03 -7.4330747127532959e-02 
-6.7838898394256830e-04 1.0000153779983521e+00 -1.6619045054540038e-03 1.9687488675117493e-02 
-3.6036575329490006e-04 1.6674341168254614e-03 9.9996536970138550e-01 7.0778382942080498e-03 
0.0000000000000000e+00 0.0000000000000000e+00 0.0000000000000000e+00 1.0000000000000000e+00 
Enterprise-clockwise/0023.pcd
1.0000088214874268e+00 -5.5242126109078526e-04 2.8859386220574379e-03 -2.9455620795488358e-02 
5.5580434855073690e-04 1.0000025033950806e+00 2.1251190919429064e-03 2.3409772664308548e-02 
5.8452005760045722e-05 -2.1295642945915461e-03 1.0000078678131104e+00 -3.4935154020786285e-02 
0.0000000000000000e+00 0.0000000000000000e+00 0.0000000000000000e+00 1.0000000000000000e+00 
Enterprise-clockwise/0024.pcd
9.9999767541885376e-01 4.8902508569881320e-04 -3.4954013244714588e-05 2.1435841917991638e-02 
-4.8722964129410684e-04 1.0000026226043701e+00 1.7215941625181586e-04 3.3138931030407548e-04 
-2.8765280731022358e-03 -1.5198277833405882e-04 1.0000001192092896e+00 1.5941232442855835e-02 
0.0000000000000000e+00 0.0000000000000000e+00 0.0000000000000000e+00 1.0000000000000000e+00 
Enterprise-clockwise/0025.pcd
9.9999850988388062e-01 -2.1323209512047470e-04 5.5930376984179020e-03 -1.2509200721979141e-02 
2.1101388847455382e-04 9.9999648332595825e-01 -5.4614595137536526e-04 1.2784517602995038e-03 
5.0838668830692768e-03 5.7711737463250756e-04 9.9998784065246582e-01 -1.0649712057784200e-03 
0.0000000000000000e+00 0.0000000000000000e+00 0.0000000000000000e+00 1.0000000000000000e+00 
Enterprise-clockwise/0026.pcd
1.0000319480895996e+00 5.7631195522844791e-04 7.3560373857617378e-04 1.4970731921494007e-02 
-5.7239155285060406e-04 1.0000103712081909e+00 1.1799102503573522e-04 1.1942891869693995e-03 
1.7912669572979212e-03 -1.2427373440004885e-04 1.0000089406967163e+00 -1.2728150933980942e-02 
0.0000000000000000e+00 0.0000000000000000e+00 0.0000000000000000e+00 1.0000000000000000e+00 
Enterprise-clockwise/0027.pcd
1.0000233650207520e+00 -1.8803639104589820e-03 1.0595381259918213e-02 -6.5057717263698578e-02 
1.8787510925903916e-03 9.9999850988388062e-01 -3.6237568128854036e-03 2.2387232631444931e-02 
1.5018857084214687e-03 3.6527607589960098e-03 9.9996310472488403e-01 3.1332910060882568e-02 
0.0000000000000000e+00 0.0000000000000000e+00 0.0000000000000000e+00 1.0000000000000000e+00 
Enterprise-clockwise/0028.pcd
1.0000027418136597e+00 -3.2597134122624993e-04 -2.0684184506535530e-02 1.7751328647136688e-02 
3.0772300669923425e-04 9.9992239475250244e-01 1.4003496617078781e-02 5.4442424327135086e-02 
-1.2559564784169197e-03 -1.3952129520475864e-02 9.9969249963760376e-01 -8.8455580174922943e-02 
0.0000000000000000e+00 0.0000000000000000e+00 0.0000000000000000e+00 1.0000000000000000e+00 
Enterprise-clockwise/0029.pcd
1.0000157356262207e+00 1.9548491109162569e-03 -1.2952025979757309e-02 1.3269633054733276e-02 
-1.9537338521331549e-03 1.0000075101852417e+00 2.3360643535852432e-03 8.4781311452388763e-02 
2.2110229474492371e-04 -2.3483664263039827e-03 9.9992191791534424e-01 -4.9384620040655136e-02 
0.0000000000000000e+00 0.0000000000000000e+00 0.0000000000000000e+00 1.0000000000000000e+00 
Enterprise-clockwise/0030.pcd
1.0000095367431641e+00 -1.7293161945417523e-03 -5.3973514586687088e-03 -6.5424042986705899e-04 
1.7331419512629509e-03 9.9999743700027466e-01 2.3902859538793564e-03 6.6840410232543945e-02 
1.2014717794954777e-03 -2.3979337420314550e-03 9.9999320507049561e-01 5.0733264535665512e-02 
0.0000000000000000e+00 0.0000000000000000e+00 0.0000000000000000e+00 1.0000000000000000e+00 
Enterprise-clockwise/0031.pcd
1.0000153779983521e+00 -3.2421739306300879e-03 -4.3795197270810604e-03 -1.3893449679017067e-02 
3.2478980720043182e-03 9.9999922513961792e-01 1.0631479090079665e-03 5.9297725558280945e-02 
2.4109182413667440e-03 -1.0698600672185421e-03 9.9999588727951050e-01 3.5420112311840057e-02 
0.0000000000000000e+00 0.0000000000000000e+00 0.0000000000000000e+00 1.0000000000000000e+00 
Enterprise-clockwise/0032.pcd
9.9998837709426880e-01 -8.1761609762907028e-03 -5.1619568839669228e-03 1.7366477986797690e-03 
8.1857815384864807e-03 9.9997049570083618e-01 4.1647660546004772e-03 1.5486289747059345e-02 
2.0148446783423424e-03 -4.1691586375236511e-03 9.9998712539672852e-01 2.2155201062560081e-02 
0.0000000000000000e+00 0.0000000000000000e+00 0.0000000000000000e+00 1.0000000000000000e+00 
Enterprise-clockwise/0033.pcd
1.0000139474868774e+00 -3.0818006489425898e-03 -1.4898939989507198e-03 -2.3603276349604130e-03 
3.0876107048243284e-03 1.0000008344650269e+00 1.6102080699056387e-03 6.0164891183376312e-02 
2.4581220932304859e-03 -1.6156155616044998e-03 9.9999856948852539e-01 3.3073272556066513e-02 
0.0000000000000000e+00 0.0000000000000000e+00 0.0000000000000000e+00 1.0000000000000000e+00 
Enterprise-clockwise/0034.pcd
9.9997913837432861e-01 -6.9628553465008736e-03 -4.9177440814673901e-03 1.5677897259593010e-02 
6.9626490585505962e-03 9.9996984004974365e-01 1.9757028203457594e-03 4.6250540763139725e-02 
-9.4411236932501197e-04 -1.9379208097234368e-03 9.9998223781585693e-01 -1.4349284581840038e-02 
0.0000000000000000e+00 0.0000000000000000e+00 0.0000000000000000e+00 1.0000000000000000e+00 
Enterprise-clockwise/0035.pcd
9.9998050928115845e-01 -8.3370124921202660e-03 -1.1541476123966277e-04 -1.2943905778229237e-02 
8.3394469693303108e-03 9.9996960163116455e-01 4.9826601753011346e-04 4.3505024164915085e-02 
8.1100669922307134e-04 -4.9945875070989132e-04 1.0000025033950806e+00 1.2742762453854084e-02 
0.0000000000000000e+00 0.0000000000000000e+00 0.0000000000000000e+00 1.0000000000000000e+00 
Enterprise-clockwise/0036.pcd
9.9996995925903320e-01 -9.0322978794574738e-03 -8.9792795479297638e-03 3.2521285116672516e-02 
9.0319532901048660e-03 9.9996548891067505e-01 4.0357378311455250e-03 3.5165537148714066e-02 
-1.9487488316372037e-05 -4.1142450645565987e-03 9.9995023012161255e-01 -3.2026357948780060e-02 
0.0000000000000000e+00 0.0000000000000000e+00 0.0000000000000000e+00 1.0000000000000000e+00 
Enterprise-clockwise/0037.pcd
9.9998259544372559e-01 -7.3282695375382900e-03 4.7310899390140548e-05 -2.5232576299458742e-03 
7.3263361118733883e-03 9.9997329711914062e-01 -1.3620551908388734e-03 6.7440450191497803e-02 
5.0763488980010152e-04 1.3654186623170972e-03 9.9999409914016724e-01 1.0725993663072586e-02 
0.0000000000000000e+00 0.0000000000000000e+00 0.0000000000000000e+00 1.0000000000000000e+00 
Enterprise-clockwise/0038.pcd
9.9994969367980957e-01 -1.0310145094990730e-02 6.9312442792579532e-04 -9.9102063104510307e-03 
1.0309933684766293e-02 9.9994802474975586e-01 1.0961621301248670e-03 5.6210111826658249e-02 
-3.2969642779789865e-04 -1.0930863209068775e-03 9.9999833106994629e-01 9.0352818369865417e-03 
0.0000000000000000e+00 0.0000000000000000e+00 0.0000000000000000e+00 1.0000000000000000e+00 
Enterprise-clockwise/0039.pcd
9.9999809265136719e-01 -5.3112497553229332e-03 -4.7149433521553874e-04 -2.6348739862442017e-02 
5.3073917515575886e-03 9.9999225139617920e-01 1.0978383943438530e-03 1.0702454298734665e-01 
-1.7045756103470922e-03 -1.1015571653842926e-03 1.0000025033950806e+00 8.3513427525758743e-03 
0.0000000000000000e+00 0.0000000000000000e+00 0.0000000000000000e+00 1.0000000000000000e+00 
Enterprise-clockwise/0040.pcd
9.9999099969863892e-01 -5.3841727785766125e-03 -4.0231458842754364e-03 -3.5072504542768002e-03 
5.3996066562831402e-03 9.9998062849044800e-01 -2.6424063835293055e-03 1.2201222032308578e-01 
-4.3577086180448532e-03 2.6277715805917978e-03 9.9999254941940308e-01 -4.3028229847550392e-03 
0.0000000000000000e+00 0.0000000000000000e+00 0.0000000000000000e+00 1.0000000000000000e+00 
Enterprise-clockwise/0041.pcd
9.9996507167816162e-01 -8.4156095981597900e-03 -1.4757813187316060e-03 -9.3886172398924828e-03 
8.4105040878057480e-03 9.9998039007186890e-01 1.3347322819754481e-03 9.3797504901885986e-02 
-6.3330335542559624e-03 -1.2243697419762611e-03 1.0000083446502686e+00 1.7569393094163388e-04 
0.0000000000000000e+00 0.0000000000000000e+00 0.0000000000000000e+00 1.0000000000000000e+00 
Enterprise-clockwise/0042.pcd
9.9992561340332031e-01 -1.2367984279990196e-02 -8.5400888929143548e-04 5.4126832401379943e-04 
1.2363456189632416e-02 9.9992442131042480e-01 1.4008827274665236e-03 6.7986667156219482e-02 
-3.8072415627539158e-03 -1.3381644384935498e-03 9.9999976158142090e-01 -4.6882010065019131e-03 
0.0000000000000000e+00 0.0000000000000000e+00 0.0000000000000000e+00 1.0000000000000000e+00 
Enterprise-clockwise/0043.pcd
9.9991792440414429e-01 -1.4524543657898903e-02 4.9662525998428464e-04 -1.7559159547090530e-02 
1.4533874578773975e-02 9.9990409612655640e-01 -1.1661795433610678e-03 8.4644012153148651e-02 
-3.0767382122576237e-03 1.2065514456480742e-03 1.0000025033950806e+00 5.0869712140411139e-04 
0.0000000000000000e+00 0.0000000000000000e+00 0.0000000000000000e+00 1.0000000000000000e+00 
Enterprise-clockwise/0044.pcd
9.9994575977325439e-01 -1.2508354149758816e-02 -7.7052409760653973e-03 8.3880964666604996e-03 
1.2504596263170242e-02 9.9993169307708740e-01 2.3318983148783445e-03 8.6109198629856110e-02 
-2.4392195045948029e-03 -2.3301192559301853e-03 9.9997723102569580e-01 -1.0178847238421440e-02 
0.0000000000000000e+00 0.0000000000000000e+00 0.0000000000000000e+00 1.0000000000000000e+00 
Enterprise-clockwise/0045.pcd
9.9991154670715332e-01 -1.4812057837843895e-02 -1.4844457618892193e-03 -2.2328503429889679e-02 
1.4814535155892372e-02 9.9990868568420410e-01 -4.3862318852916360e-04 8.4217801690101624e-02 
-1.7874684417620301e-03 4.5586616033688188e-04 1.0000025033950806e+00 -1.0477720759809017e-02 
0.0000000000000000e+00 0.0000000000000000e+00 0.0000000000000000e+00 1.0000000000000000e+00 
Enterprise-clockwise/0046.pcd
9.9990612268447876e-01 -1.4539234340190887e-02 -1.0154452174901962e-02 -1.4783709775656462e-03 
1.4530573971569538e-02 9.9988484382629395e-01 6.2470412813127041e-03 7.6067090034484863e-02 
-1.5621912898495793e-03 -6.1874892562627792e-03 9.9994134902954102e-01 -1.8450422212481499e-02 
0.0000000000000000e+00 0.0000000000000000e+00 0.0000000000000000e+00 1.0000000000000000e+00 
Enterprise-clockwise/0047.pcd
9.9996906518936157e-01 -1.0189415886998177e-02 -6.9310795515775681e-03 -1.1949425097554922e-03 
1.0188596323132515e-02 9.9996721744537354e-01 -1.1207123752683401e-03 5.9703007340431213e-02 
1.2099877931177616e-03 1.0910418350249529e-03 9.9998009204864502e-01 -7.2662849561311305e-05 
0.0000000000000000e+00 0.0000000000000000e+00 0.0000000000000000e+00 1.0000000000000000e+00 
Enterprise-clockwise/0048.pcd
9.9989962577819824e-01 -1.5201964415609837e-02 -8.0724675208330154e-03 -2.1594138815999031e-02 
1.5211506746709347e-02 9.9988138675689697e-01 2.6687567587941885e-03 7.6702386140823364e-02 
2.6116906665265560e-03 -2.7805026620626450e-03 9.9997127056121826e-01 -7.1784420870244503e-03 
0.0000000000000000e+00 0.0000000000000000e+00 0.0000000000000000e+00 1.0000000000000000e+00 
Enterprise-clockwise/0049.pcd
9.9992406368255615e-01 -1.3067937456071377e-02 -1.6384348273277283e-02 3.9671801030635834e-02 
1.3080453500151634e-02 9.9990719556808472e-01 6.1700074002146721e-03 9.4888322055339813e-02 
2.0479750819504261e-03 -6.2783556059002876e-03 9.9985909461975098e-01 -1.6135016456246376e-02 
0.0000000000000000e+00 0.0000000000000000e+00 0.0000000000000000e+00 1.0000000000000000e+00 
Enterprise-clockwise/0050.pcd
9.9993818998336792e-01 -1.2443302199244499e-02 -2.0906243473291397e-02 1.3054473325610161e-02 
1.2453354895114899e-02 9.9990648031234741e-01 6.6245719790458679e-03 1.0890956968069077e-01 
1.5751564642414451e-03 -6.6069839522242546e-03 9.9976968765258789e-01 -1.9285866990685463e-02 
0.0000000000000000e+00 0.0000000000000000e+00 0.0000000000000000e+00 1.0000000000000000e+00 
Enterprise-clockwise/0051.pcd
9.9988579750061035e-01 -1.5557215549051762e-02 2.5224071578122675e-04 -3.1550496816635132e-02 
1.5557861886918545e-02 9.9988371133804321e-01 -6.2900705961510539e-04 8.6106106638908386e-02 
4.4906488619744778e-04 6.1982485931366682e-04 1.0000109672546387e+00 1.0750955902040005e-02 
0.0000000000000000e+00 0.0000000000000000e+00 0.0000000000000000e+00 1.0000000000000000e+00 
Enterprise-clockwise/0052.pcd
9.9992042779922485e-01 -1.5073049813508987e-02 7.9289329733001068e-06 -2.7760215103626251e-02 
1.5069631859660149e-02 9.9992495775222778e-01 -1.7073858180083334e-04 8.4965944290161133e-02 
-7.2047550929710269e-04 1.9289804913569242e-04 9.9999678134918213e-01 -6.9180456921458244e-03 
0.0000000000000000e+00 0.0000000000000000e+00 0.0000000000000000e+00 1.0000000000000000e+00 
Enterprise-clockwise/0053.pcd
9.9983996152877808e-01 -1.8489524722099304e-02 -4.1546777356415987e-04 -2.5497416034340858e-02 
1.8489003181457520e-02 9.9984663724899292e-01 -1.8632848514243960e-04 8.2268305122852325e-02 
8.2671019481495023e-04 1.7665750056039542e-04 1.0000034570693970e+00 1.1028577573597431e-02 
0.0000000000000000e+00 0.0000000000000000e+00 0.0000000000000000e+00 1.0000000000000000e+00 
Enterprise-clockwise/0054.pcd
9.9986147880554199e-01 -1.7895925790071487e-02 -1.6501538921147585e-03 -3.3713892102241516e-02 
1.7898792400956154e-02 9.9985253810882568e-01 -4.9743737326934934e-04 9.9055550992488861e-02 
-2.3223387543112040e-03 4.9559207400307059e-04 1.0000017881393433e+00 -1.2768039479851723e-02 
0.0000000000000000e+00 0.0000000000000000e+00 0.0000000000000000e+00 1.0000000000000000e+00 
Enterprise-clockwise/0055.pcd
9.9977898597717285e-01 -2.0811900496482849e-02 3.1448067165911198e-03 -5.7400587946176529e-02 
2.0812539383769035e-02 9.9978995323181152e-01 4.8499178956262767e-04 1.1233261972665787e-01 
2.9984998982399702e-03 -4.6224103425629437e-04 1.0000073909759521e+00 2.9223053716123104e-03 
0.0000000000000000e+00 0.0000000000000000e+00 0.0000000000000000e+00 1.0000000000000000e+00 
Enterprise-clockwise/0056.pcd
9.9972790479660034e-01 -2.3584436625242233e-02 -3.4530616831034422e-03 -4.6753417700529099e-02 
2.3586604744195938e-02 9.9972945451736450e-01 -9.6496666083112359e-04 1.3047216832637787e-01 
-2.0690336823463440e-03 8.8109390344470739e-04 9.9999809265136719e-01 -9.7121959552168846e-03 
0.0000000000000000e+00 0.0000000000000000e+00 0.0000000000000000e+00 1.0000000000000000e+00 
Enterprise-clockwise/0057.pcd
9.9982595443725586e-01 -1.9147099927067757e-02 -1.7766624689102173e-02 1.7626844346523285e-02 
1.9175807014107704e-02 9.9966400861740112e-01 1.7645301297307014e-02 8.4020815789699554e-02 
1.3584118569269776e-03 -1.7833292484283447e-02 9.9969071149826050e-01 -4.2717143893241882e-02 
0.0000000000000000e+00 0.0000000000000000e+00 0.0000000000000000e+00 1.0000000000000000e+00 
Enterprise-clockwise/0058.pcd
9.9983495473861694e-01 -1.8958367407321930e-02 3.6881621927022934e-02 -1.2764962017536163e-01 
1.8854031339287758e-02 9.9860703945159912e-01 -4.8744369298219681e-02 1.6670766472816467e-01 
2.5830129161477089e-03 4.9435276538133621e-02 9.9813765287399292e-01 1.7191453278064728e-01 
0.0000000000000000e+00 0.0000000000000000e+00 0.0000000000000000e+00 1.0000000000000000e+00 
Enterprise-clockwise/0059.pcd
9.9987494945526123e-01 -1.6199668869376183e-02 6.7811007611453533e-03 -3.1696785241365433e-02 
1.6200426965951920e-02 9.9986624717712402e-01 1.6157070058397949e-04 9.1120041906833649e-02 
-5.0501828081905842e-04 -1.1191845987923443e-04 9.9997413158416748e-01 2.7240144088864326e-02 
0.0000000000000000e+00 0.0000000000000000e+00 0.0000000000000000e+00 1.0000000000000000e+00 
Enterprise-clockwise/0060.pcd
9.9983096122741699e-01 -1.9756145775318146e-02 3.0383717268705368e-02 -1.2533065676689148e-01 
1.9811782985925674e-02 9.9932575225830078e-01 -3.2222546637058258e-02 1.5705749392509460e-01 
-1.4101561391726136e-03 3.2375227659940720e-02 9.9904018640518188e-01 9.1875620186328888e-02 
0.0000000000000000e+00 0.0000000000000000e+00 0.0000000000000000e+00 1.0000000000000000e+00 
Enterprise-clockwise/0061.pcd
9.9999588727951050e-01 2.0360569469630718e-03 1.2065384536981583e-02 -5.2734781056642532e-02 
-2.0194794051349163e-03 9.9998492002487183e-01 -5.8830492198467255e-03 1.6925556957721710e-01 
-2.9152012430131435e-03 5.9348037466406822e-03 9.9991393089294434e-01 5.2212964743375778e-02 
0.0000000000000000e+00 0.0000000000000000e+00 0.0000000000000000e+00 1.0000000000000000e+00 
Enterprise-clockwise/0062.pcd
9.9994927644729614e-01 -1.2125823646783829e-02 7.4089081026613712e-03 -8.6141325533390045e-02 
1.2118343263864517e-02 9.9993133544921875e-01 -4.1961790993809700e-03 1.8901221454143524e-01 
2.1194887813180685e-03 4.2799725197255611e-03 9.9996900558471680e-01 1.9986588507890701e-02 
0.0000000000000000e+00 0.0000000000000000e+00 0.0000000000000000e+00 1.0000000000000000e+00 
Enterprise-clockwise/0063.pcd
1.0000114440917969e+00 -2.2747537586838007e-03 1.0876124724745750e-02 -1.7298324406147003e-01 
2.2644253913313150e-03 9.9994516372680664e-01 -1.1939831078052521e-02 4.6136903762817383e-01 
9.3060004292055964e-04 1.1933734640479088e-02 9.9988406896591187e-01 8.2459777593612671e-02 
0.0000000000000000e+00 0.0000000000000000e+00 0.0000000000000000e+00 1.0000000000000000e+00 
Enterprise-clockwise/0064.pcd
9.9990659952163696e-01 -1.4128906652331352e-02 6.7187817767262459e-03 -1.1999818682670593e-01 
1.4122171327471733e-02 9.9991166591644287e-01 -1.6173156909644604e-03 1.5811143815517426e-01 
3.6515006795525551e-03 1.7643655883148313e-03 9.9998116493225098e-01 1.3498092070221901e-02 
0.0000000000000000e+00 0.0000000000000000e+00 0.0000000000000000e+00 1.0000000000000000e+00 
Enterprise-clockwise/0065.pcd
9.9967688322067261e-01 -2.5121755897998810e-02 1.0448470711708069e-03 -9.6373237669467926e-02 
2.5097304955124855e-02 9.9966740608215332e-01 -6.2061049975454807e-03 1.6233500838279724e-01 
4.2679151520133018e-03 6.0866572894155979e-03 9.9998176097869873e-01 3.1022137030959129e-02 
0.0000000000000000e+00 0.0000000000000000e+00 0.0000000000000000e+00 1.0000000000000000e+00 
Enterprise-clockwise/0066.pcd
9.9997884035110474e-01 -7.5039453804492950e-03 7.9925674945116043e-03 -1.0318072885274887e-01 
7.5049591250717640e-03 9.9997437000274658e-01 -1.9480284536257386e-03 1.7190124094486237e-01 
-4.1383458301424980e-04 1.9649113528430462e-03 9.9996435642242432e-01 2.9895282350480556e-03 
0.0000000000000000e+00 0.0000000000000000e+00 0.0000000000000000e+00 1.0000000000000000e+00 
Enterprise-clockwise/0067.pcd
9.9984544515609741e-01 -1.8984265625476837e-02 -1.0130135342478752e-02 -2.6630872860550880e-02 
1.8988091498613358e-02 9.9983739852905273e-01 7.7526980021502823e-05 2.0742230117321014e-01 
1.5140234027057886e-03 -2.6610144414007664e-04 9.9996572732925415e-01 3.9339303039014339e-03 
0.0000000000000000e+00 0.0000000000000000e+00 0.0000000000000000e+00 1.0000000000000000e+00 
Enterprise-clockwise/0068.pcd
1.0000145435333252e+00 2.1697725169360638e-03 4.5083938166499138e-03 -4.7906968742609024e-02 
-2.1579691674560308e-03 1.0000030994415283e+00 4.1813082061707973e-03 1.2235525995492935e-01 
2.3915700148791075e-03 -4.1792304255068302e-03 1.0000013113021851e+00 1.0455275885760784e-02 
0.0000000000000000e+00 0.0000000000000000e+00 0.0000000000000000e+00 1.0000000000000000e+00 
Enterprise-clockwise/0069.pcd
9.9992132186889648e-01 -1.3442057184875011e-02 -1.1109802871942520e-02 7.7386610209941864e-02 
1.3434629887342453e-02 9.9992346763610840e-01 3.0761961825191975e-03 1.5736342966556549e-01 
-2.1405357401818037e-03 -3.0397686641663313e-03 9.9994474649429321e-01 -2.7243075892329216e-02 
0.0000000000000000e+00 0.0000000000000000e+00 0.0000000000000000e+00 1.0000000000000000e+00 
Enterprise-clockwise/0070.pcd
9.9976050853729248e-01 -2.2051872685551643e-02 1.2186099775135517e-02 -1.4489044249057770e-01 
2.2033438086509705e-02 9.9972438812255859e-01 -9.1720037162303925e-03 1.4332093298435211e-01 
1.9711023196578026e-03 9.4062648713588715e-03 9.9988555908203125e-01 7.0392802357673645e-02 
0.0000000000000000e+00 0.0000000000000000e+00 0.0000000000000000e+00 1.0000000000000000e+00 
Enterprise-clockwise/0071.pcd
1.0000035762786865e+00 -4.1947918944060802e-03 -9.7323516383767128e-03 1.1047458648681641e-01 
4.1915765032172203e-03 1.0000067949295044e+00 -8.6221087258309126e-05 1.2591792643070221e-01 
-7.7921443153172731e-04 3.6489385820459574e-05 9.9997133016586304e-01 -2.0892692729830742e-02 
0.0000000000000000e+00 0.0000000000000000e+00 0.0000000000000000e+00 1.0000000000000000e+00 
Enterprise-clockwise/0072.pcd
9.9997574090957642e-01 -5.8183153159916401e-03 -2.2950514685362577e-03 8.3655035123229027e-03 
5.7938373647630215e-03 9.9998748302459717e-01 -3.0355779454112053e-03 9.8769389092922211e-02 
9.4095412641763687e-03 3.0358450021594763e-03 1.0000296831130981e+00 1.0054966062307358e-01 
0.0000000000000000e+00 0.0000000000000000e+00 0.0000000000000000e+00 1.0000000000000000e+00 
Enterprise-clockwise/0073.pcd
9.9713957309722900e-01 -2.2791957482695580e-02 -3.8374473806470633e-03 -1.0799783281981945e-02 
2.2119391709566116e-02 9.9972099065780640e-01 8.5286181420087814e-03 1.7361132428050041e-02 
-7.2521805763244629e-02 -8.4672747179865837e-03 9.9997359514236450e-01 6.6218698024749756e-01 
0.0000000000000000e+00 0.0000000000000000e+00 0.0000000000000000e+00 1.0000000000000000e+00 
Enterprise-clockwise/0074.pcd
9.9993532896041870e-01 -1.1768448166549206e-02 4.6263411641120911e-03 -8.1028275191783905e-02 
1.1753148399293423e-02 9.9992287158966064e-01 -5.9272688813507557e-03 1.5005843341350555e-01 
2.6177426334470510e-03 5.9702033177018166e-03 9.9997621774673462e-01 2.6367271319031715e-02 
0.0000000000000000e+00 0.0000000000000000e+00 0.0000000000000000e+00 1.0000000000000000e+00 
Enterprise-clockwise/0075.pcd
9.9992936849594116e-01 -1.2936743907630444e-02 1.0065117385238409e-03 -3.5132624208927155e-02 
1.2959507293999195e-02 9.9990975856781006e-01 -5.8716693893074989e-03 1.7394457757472992e-01 
-3.0286707915365696e-03 5.9024100191891193e-03 1.0000019073486328e+00 -3.8740716874599457e-02 
0.0000000000000000e+00 0.0000000000000000e+00 0.0000000000000000e+00 1.0000000000000000e+00 
Enterprise-clockwise/0076.pcd
9.9994909763336182e-01 -1.1377627961337566e-02 6.2217293307185173e-03 -8.9038684964179993e-02 
1.1383250355720520e-02 9.9993753433227539e-01 -1.8859637202695012e-03 1.2041816860437393e-01 
2.2276157687883824e-04 1.9729482010006905e-03 9.9999481439590454e-01 3.8971122354269028e-02 
0.0000000000000000e+00 0.0000000000000000e+00 0.0000000000000000e+00 1.0000000000000000e+00 
Enterprise-clockwise/0077.pcd
9.9991303682327271e-01 -1.3590740971267223e-02 3.8212973158806562e-03 -6.4439021050930023e-02 
1.3586740009486675e-02 9.9991476535797119e-01 -1.2326987925916910e-03 1.5691083669662476e-01 
9.0990174794569612e-04 1.2391875497996807e-03 9.9999868869781494e-01 3.2246813178062439e-02 
0.0000000000000000e+00 0.0000000000000000e+00 0.0000000000000000e+00 1.0000000000000000e+00 
Enterprise-clockwise/0078.pcd
9.9996566772460938e-01 -1.0365718975663185e-02 -1.0297164320945740e-02 3.0138704925775528e-02 
1.0374297387897968e-02 9.9992555379867554e-01 -8.0051915720105171e-03 1.1922457814216614e-01 
-4.2907646275125444e-04 8.0496575683355331e-03 9.9993121623992920e-01 -4.1281700134277344e-02 
0.0000000000000000e+00 0.0000000000000000e+00 0.0000000000000000e+00 1.0000000000000000e+00 
Enterprise-clockwise/0079.pcd
9.9987119436264038e-01 -1.6411989927291870e-02 -4.1491072624921799e-03 -4.1547276079654694e-02 
1.6384366899728775e-02 9.9983334541320801e-01 -8.8851451873779297e-03 1.9956180453300476e-01 
3.1908045057207346e-03 8.8134696707129478e-03 9.9995809793472290e-01 3.2173547893762589e-02 
0.0000000000000000e+00 0.0000000000000000e+00 0.0000000000000000e+00 1.0000000000000000e+00 
Enterprise-clockwise/0080.pcd
9.9995070695877075e-01 -1.0395685210824013e-02 -1.5745973214507103e-02 8.8013209402561188e-02 
1.0398070327937603e-02 9.9994903802871704e-01 -6.8979070056229830e-04 1.6687397658824921e-01 
2.9151155613362789e-03 4.7783475019969046e-04 9.9988257884979248e-01 -1.1425151489675045e-02 
0.0000000000000000e+00 0.0000000000000000e+00 0.0000000000000000e+00 1.0000000000000000e+00 
Enterprise-clockwise/0081.pcd
9.9995315074920654e-01 -1.0057348757982254e-02 2.6034389156848192e-04 -5.1515560597181320e-02 
1.0060823522508144e-02 9.9995547533035278e-01 6.4277424826286733e-05 1.6419391334056854e-01 
4.9604233354330063e-03 -1.0317697888240218e-04 1.0000094175338745e+00 4.3244726955890656e-02 
0.0000000000000000e+00 0.0000000000000000e+00 0.0000000000000000e+00 1.0000000000000000e+00 
Enterprise-clockwise/0082.pcd
9.9995046854019165e-01 -1.0572681203484535e-02 -1.5031464397907257e-02 8.4465391933917999e-02 
1.0558404028415680e-02 9.9994528293609619e-01 -4.1413884609937668e-03 1.8078495562076569e-01 
5.1110959611833096e-03 3.9841551333665848e-03 9.9988722801208496e-01 -6.8676979281008244e-03 
0.0000000000000000e+00 0.0000000000000000e+00 0.0000000000000000e+00 1.0000000000000000e+00 
Enterprise-clockwise/0083.pcd
9.9961930513381958e-01 -1.2596108950674534e-02 -7.3197865858674049e-03 -6.9142011925578117e-03 
1.2935421429574490e-02 9.9983650445938110e-01 -1.3294509612023830e-02 1.7482337355613708e-01 
-2.4930067360401154e-02 1.3582026585936546e-02 9.9989432096481323e-01 8.9541614055633545e-02 
0.0000000000000000e+00 0.0000000000000000e+00 0.0000000000000000e+00 1.0000000000000000e+00 
Enterprise-clockwise/0084.pcd
9.9997544288635254e-01 -8.6137736216187477e-03 -4.5825289562344551e-03 -1.8600732088088989e-02 
8.5833659395575523e-03 9.9995607137680054e-01 -7.8055481426417828e-03 1.9825439155101776e-01 
3.9607416838407516e-03 7.7743381261825562e-03 9.9998235702514648e-01 -1.9156350754201412e-03 
0.0000000000000000e+00 0.0000000000000000e+00 0.0000000000000000e+00 1.0000000000000000e+00 
Enterprise-clockwise/0085.pcd
9.9994641542434692e-01 -1.0860858485102654e-02 -4.7119371592998505e-03 -1.8042946234345436e-02 
1.0873513296246529e-02 9.9994140863418579e-01 2.8400125447660685e-03 3.2281687855720520e-01 
3.7372338119894266e-03 -2.8952716384083033e-03 9.9999427795410156e-01 1.2939524604007602e-03 
0.0000000000000000e+00 0.0000000000000000e+00 0.0000000000000000e+00 1.0000000000000000e+00 
Enterprise-clockwise/0086.pcd
9.9995863437652588e-01 -1.0163409635424614e-02 -7.3216822929680347e-03 8.3450321108102798e-03 
1.0145128704607487e-02 9.9993509054183960e-01 -6.7829531617462635e-03 1.9355322420597076e-01 
2.9490655288100243e-03 6.7522241733968258e-03 9.9996346235275269e-01 1.7389429733157158e-02 
0.0000000000000000e+00 0.0000000000000000e+00 0.0000000000000000e+00 1.0000000000000000e+00 
Enterprise-clockwise/0087.pcd
9.9999338388442993e-01 -5.9417472220957279e-03 4.1647953912615776e-03 -6.5613768994808197e-02 
5.9420675970613956e-03 9.9999147653579712e-01 1.3039605692028999e-03 1.6002391278743744e-01 
1.1466268915683031e-03 -1.2824474833905697e-03 9.9999403953552246e-01 6.6648009233176708e-03 
0.0000000000000000e+00 0.0000000000000000e+00 0.0000000000000000e+00 1.0000000000000000e+00 
Enterprise-clockwise/0088.pcd
9.9999207258224487e-01 -7.3391459882259369e-03 -2.0462614484131336e-03 -4.7350525856018066e-03 
7.3452652432024479e-03 9.9997591972351074e-01 -1.6844368074089289e-03 1.6924877464771271e-01 
-1.4971914060879499e-04 1.6757044941186905e-03 1.0000191926956177e+00 -6.9114309735596180e-03 
0.0000000000000000e+00 0.0000000000000000e+00 0.0000000000000000e+00 1.0000000000000000e+00 
Enterprise-clockwise/0089.pcd
9.9998533725738525e-01 -1.9579653162509203e-03 -7.4038989841938019e-03 -3.3919356763362885e-02 
1.9228571327403188e-03 9.9997872114181519e-01 -6.8905502557754517e-03 1.2186155468225479e-01 
5.2443221211433411e-03 6.8744462914764881e-03 9.9995768070220947e-01 1.4998883008956909e-02 
0.0000000000000000e+00 0.0000000000000000e+00 0.0000000000000000e+00 1.0000000000000000e+00 
Enterprise-clockwise/0090.pcd
1.0000064373016357e+00 -2.5218066293746233e-03 -1.2337867170572281e-02 3.3471331000328064e-02 
2.5174848269671202e-03 1.0000032186508179e+00 -2.5758303236216307e-03 1.2495574355125427e-01 
3.3281559590250254e-03 2.5262255221605301e-03 9.9993336200714111e-01 -1.3529819436371326e-02 
0.0000000000000000e+00 0.0000000000000000e+00 0.0000000000000000e+00 1.0000000000000000e+00 
Enterprise-clockwise/0091.pcd
1.0000026226043701e+00 -2.3248938377946615e-03 -4.6370164491236210e-03 -3.8078173995018005e-02 
2.3170120548456907e-03 1.0000196695327759e+00 -5.8402633294463158e-04 9.7443200647830963e-02 
4.6345121227204800e-03 5.8583967620506883e-04 9.9999588727951050e-01 6.0216262936592102e-03 
0.0000000000000000e+00 0.0000000000000000e+00 0.0000000000000000e+00 1.0000000000000000e+00 
Enterprise-clockwise/0092.pcd
1.0000061988830566e+00 -1.9441646290943027e-03 -8.5391225293278694e-03 4.1878134943544865e-03 
1.9267163006588817e-03 9.9997901916503906e-01 -6.7683709785342216e-03 1.4130501449108124e-01 
3.7099826149642467e-03 6.7252386361360550e-03 9.9995726346969604e-01 -2.3649786598980427e-03 
0.0000000000000000e+00 0.0000000000000000e+00 0.0000000000000000e+00 1.0000000000000000e+00 
Enterprise-clockwise/0093.pcd
9.9999380111694336e-01 -3.8056436460465193e-03 -8.6382608860731125e-03 1.0155534744262695e-01 
3.8161426782608032e-03 9.9999248981475830e-01 3.0601208563894033e-03 1.9596931338310242e-01 
3.0069607309997082e-03 -3.1194624025374651e-03 9.9996680021286011e-01 -7.2830980643630028e-03 
0.0000000000000000e+00 0.0000000000000000e+00 0.0000000000000000e+00 1.0000000000000000e+00 
Enterprise-clockwise/0094.pcd
1.0000079870223999e+00 -3.2777241431176662e-03 -5.8074002154171467e-03 2.4506684392690659e-02 
3.2771998085081577e-03 1.0000158548355103e+00 -2.0632156520150602e-04 1.7702464759349823e-01 
3.6758075002580881e-03 1.9304078887216747e-04 9.9999719858169556e-01 2.0056705921888351e-02 
0.0000000000000000e+00 0.0000000000000000e+00 0.0000000000000000e+00 1.0000000000000000e+00 
Enterprise-clockwise/0095.pcd
9.9918925762176514e-01 -4.3608811683952808e-03 -9.2391036450862885e-03 7.1945674717426300e-02 
4.6596629545092583e-03 9.9998527765274048e-01 -6.9622648879885674e-03 1.7396651208400726e-01 
-4.0716517716646194e-02 7.2090015746653080e-03 9.9996185302734375e-01 -4.5583993196487427e-02 
0.0000000000000000e+00 0.0000000000000000e+00 0.0000000000000000e+00 1.0000000000000000e+00 
Enterprise-clockwise/0096.pcd
1.0000135898590088e+00 1.0254586813971400e-03 -7.1894908323884010e-03 7.4157774448394775e-02 
-1.0057369945570827e-03 9.9996799230575562e-01 -8.7432740256190300e-03 1.6755606234073639e-01 
-1.6504941741004586e-03 8.8322656229138374e-03 9.9994498491287231e-01 -1.8668666481971741e-02 
0.0000000000000000e+00 0.0000000000000000e+00 0.0000000000000000e+00 1.0000000000000000e+00 
Enterprise-clockwise/0097.pcd
9.9878036975860596e-01 5.2781784906983376e-03 1.2294062180444598e-03 6.2938049435615540e-02 
-7.4065229855477810e-03 9.9905288219451904e-01 4.3161168694496155e-02 1.9267109036445618e-01 
-4.9059480428695679e-02 -4.3281245976686478e-02 9.9906265735626221e-01 1.0299177169799805e+00 
0.0000000000000000e+00 0.0000000000000000e+00 0.0000000000000000e+00 1.0000000000000000e+00 
Enterprise-clockwise/0098.pcd
1.0000104904174805e+00 -2.3713468108326197e-03 -6.4968350343406200e-03 1.9941790401935577e-01 
