Enterprise-counter/0000.pcd
3.7521657347679138e-01 6.4490884542465210e-02 -9.2469108104705811e-01 0.0000000000000000e+00 
2.7320906519889832e-01 9.4556635618209839e-01 1.7680822312831879e-01 0.0000000000000000e+00 
8.8575923442840576e-01 -3.1897532939910889e-01 3.3717265725135803e-01 0.0000000000000000e+00 
0.0000000000000000e+00 0.0000000000000000e+00 0.0000000000000000e+00 1.0000000000000000e+00 
Enterprise-counter/0001.pcd
-2.3648136854171753e-01 -4.3101555109024048e-01 8.7081223726272583e-01 -7.5297588482499123e-03 
-2.6759618520736694e-01 8.9047116041183472e-01 3.6807963252067566e-01 2.0619903225451708e-03 
-9.3406206369400024e-01 -1.4597131311893463e-01 -3.2590806484222412e-01 2.1142998710274696e-02 
0.0000000000000000e+00 0.0000000000000000e+00 0.0000000000000000e+00 1.0000000000000000e+00 
Enterprise-counter/0002.pcd
2.9616478085517883e-01 8.2477384805679321e-01 4.8171973228454590e-01 4.4243051670491695e-03 
3.3611521124839783e-01 3.8210240006446838e-01 -8.6085313558578491e-01 1.0275778360664845e-02 
-8.9404183626174927e-01 4.1685351729393005e-01 -1.6406108438968658e-01 -2.3328561335802078e-02 
0.0000000000000000e+00 0.0000000000000000e+00 0.0000000000000000e+00 1.0000000000000000e+00 
Enterprise-counter/0003.pcd
3.4702906012535095e-01 1.6587140038609505e-02 -9.3770837783813477e-01 5.8711234480142593e-02 
1.0873469710350037e-01 9.9238729476928711e-01 5.7795036584138870e-02 1.0981113649904728e-02 
9.3152970075607300e-01 -1.2201865017414093e-01 3.4258571267127991e-01 -1.8525302410125732e-02 
0.0000000000000000e+00 0.0000000000000000e+00 0.0000000000000000e+00 1.0000000000000000e+00 
Enterprise-counter/0004.pcd
8.7809169292449951e-01 -2.8376516699790955e-01 -3.8527077436447144e-01 1.3135184533894062e-02 
4.0570935606956482e-01 1.4636985957622528e-02 9.1389429569244385e-01 1.2373405043035746e-03 
-2.5368788838386536e-01 -9.5879191160202026e-01 1.2797461450099945e-01 -5.8326506987214088e-03 
0.0000000000000000e+00 0.0000000000000000e+00 0.0000000000000000e+00 1.0000000000000000e+00 
Enterprise-counter/0005.pcd
8.7901359796524048e-01 -3.1095731258392334e-01 -3.6138194799423218e-01 -4.6130463480949402e-02 
3.8059997558593750e-01 1.1980973649770021e-03 9.2473673820495605e-01 -2.7323486283421516e-03 
-2.8712266683578491e-01 -9.5041191577911377e-01 1.1939447373151779e-01 1.7738066613674164e-02 
0.0000000000000000e+00 0.0000000000000000e+00 0.0000000000000000e+00 1.0000000000000000e+00 
Enterprise-counter/0006.pcd
8.5770785808563232e-01 -1.8282429873943329e-01 -4.8058858513832092e-01 -5.0720162689685822e-02 
5.0078111886978149e-01 8.4997445344924927e-02 8.6141341924667358e-01 -4.0638693608343601e-03 
-1.1664216220378876e-01 -9.7949337959289551e-01 1.6445016860961914e-01 2.1263951435685158e-02 
0.0000000000000000e+00 0.0000000000000000e+00 0.0000000000000000e+00 1.0000000000000000e+00 
Enterprise-counter/0007.pcd
8.7870699167251587e-01 -3.0061578750610352e-01 -3.7085312604904175e-01 -2.4236967787146568e-02 
3.9073258638381958e-01 6.5651908516883850e-03 9.2049264907836914e-01 -2.1093054674565792e-03 
-2.7406746149063110e-01 -9.5380783081054688e-01 1.2313739955425262e-01 1.7695045098662376e-02 
0.0000000000000000e+00 0.0000000000000000e+00 0.0000000000000000e+00 1.0000000000000000e+00 
Enterprise-counter/0008.pcd
8.6207228899002075e-01 1.6840973496437073e-01 -4.7803607583045959e-01 -3.5553708672523499e-02 
-4.9934226274490356e-01 1.2070250511169434e-01 -8.5797375440597534e-01 -5.5760573595762253e-03 
-8.8453292846679688e-02 9.7798037528991699e-01 1.8905869126319885e-01 1.7900167033076286e-02 
0.0000000000000000e+00 0.0000000000000000e+00 0.0000000000000000e+00 1.0000000000000000e+00 
Enterprise-counter/0009.pcd
3.6170247197151184e-01 4.9002699553966522e-02 -9.3101733922958374e-01 3.3204995095729828e-02 
2.1740642189979553e-01 9.6665775775909424e-01 1.3533769547939301e-01 1.1522002751007676e-03 
9.0658962726593018e-01 -2.5134840607643127e-01 3.3899122476577759e-01 -1.8922083079814911e-02 
0.0000000000000000e+00 0.0000000000000000e+00 0.0000000000000000e+00 1.0000000000000000e+00 
Enterprise-counter/0010.pcd
3.4625884890556335e-01 -8.2487326860427856e-01 4.4690471887588501e-01 8.8284742087125778e-03 
-3.5189402103424072e-01 3.2739254832267761e-01 8.7692719697952271e-01 1.5607013483531773e-04 
-8.6965352296829224e-01 -4.6089655160903931e-01 -1.7690439522266388e-01 3.1297266483306885e-02 
0.0000000000000000e+00 0.0000000000000000e+00 0.0000000000000000e+00 1.0000000000000000e+00 
Enterprise-counter/0011.pcd
-2.2837220132350922e-01 4.5660433173179626e-01 8.5986721515655518e-01 -1.3664858415722847e-02 
2.3969870805740356e-01 8.8239330053329468e-01 -4.0490362048149109e-01 1.5800287947058678e-03 
-9.4361394643783569e-01 1.1363930255174637e-01 -3.1096005439758301e-01 1.7339715734124184e-02 
0.0000000000000000e+00 0.0000000000000000e+00 0.0000000000000000e+00 1.0000000000000000e+00 
Enterprise-counter/0012.pcd
4.7240608930587769e-01 -1.3105016946792603e-01 -8.7157696485519409e-01 -1.6862560063600540e-02 
-4.5017832517623901e-01 8.1428217887878418e-01 -3.6643883585929871e-01 8.5792075842618942e-03 
7.5773745775222778e-01 5.6548225879669189e-01 3.2567882537841797e-01 2.8853757306933403e-02 
0.0000000000000000e+00 0.0000000000000000e+00 0.0000000000000000e+00 1.0000000000000000e+00 
Enterprise-counter/0013.pcd
-4.8657957464456558e-02 6.7353975772857666e-01 7.3757439851760864e-01 -1.3980201445519924e-02 
3.3935496211051941e-01 7.0566475391387939e-01 -6.2201660871505737e-01 7.8021845547482371e-04 
-9.3941348791122437e-01 2.2002311050891876e-01 -2.6289799809455872e-01 1.9556997343897820e-02 
0.0000000000000000e+00 0.0000000000000000e+00 0.0000000000000000e+00 1.0000000000000000e+00 
Enterprise-counter/0014.pcd
6.8364739418029785e-01 5.8102905750274658e-02 -7.2752445936203003e-01 -4.4024713337421417e-02 
6.3964009284973145e-01 4.3233209848403931e-01 6.3559150695800781e-01 -7.5993374921381474e-03 
3.5145485401153564e-01 -8.9985978603363037e-01 2.5839972496032715e-01 1.4563955366611481e-02 
0.0000000000000000e+00 0.0000000000000000e+00 0.0000000000000000e+00 1.0000000000000000e+00 
Enterprise-counter/0015.pcd
7.6010614633560181e-01 -6.4980757236480713e-01 2.2120000794529915e-03 -3.1756479293107986e-02 
-1.1877042241394520e-02 -1.0488910600543022e-02 9.9989849328994751e-01 -3.7585333921015263e-03 
-6.4970290660858154e-01 -7.6004320383071899e-01 -1.5699174255132675e-02 1.1437131091952324e-02 
0.0000000000000000e+00 0.0000000000000000e+00 0.0000000000000000e+00 1.0000000000000000e+00 
Enterprise-counter/0016.pcd
7.6001507043838501e-01 -6.4987415075302124e-01 2.0115121733397245e-03 -4.2112808674573898e-02 
-1.1737627908587456e-02 -1.0638037696480751e-02 9.9987518787384033e-01 -4.7362218610942364e-03 
-6.4977061748504639e-01 -7.5994992256164551e-01 -1.5710297971963882e-02 1.5531619079411030e-02 
0.0000000000000000e+00 0.0000000000000000e+00 0.0000000000000000e+00 1.0000000000000000e+00 
Enterprise-counter/0017.pcd
8.7468123435974121e-01 -2.5529846549034119e-01 -4.1207855939865112e-01 7.7810545917600393e-04 
4.3346580862998962e-01 3.1394492834806442e-02 9.0063256025314331e-01 2.2495342418551445e-03 
-2.1699681878089905e-01 -9.6637529134750366e-01 1.3812196254730225e-01 -9.4312233850359917e-03 
0.0000000000000000e+00 0.0000000000000000e+00 0.0000000000000000e+00 1.0000000000000000e+00 
Enterprise-counter/0018.pcd
5.8682566881179810e-01 7.8011584281921387e-01 2.1700188517570496e-01 5.4971169680356979e-02 
1.8375277519226074e-01 1.3271760940551758e-01 -9.7400605678558350e-01 3.9620148018002510e-03 
-7.8860390186309814e-01 6.1142474412918091e-01 -6.5489895641803741e-02 -1.9958797842264175e-02 
0.0000000000000000e+00 0.0000000000000000e+00 0.0000000000000000e+00 1.0000000000000000e+00 
Enterprise-counter/0019.pcd
-3.4584465622901917e-01 2.9410267248749733e-02 9.3781840801239014e-01 -3.8325451314449310e-02 
-4.9936082214117050e-03 9.9944430589675903e-01 -3.3180959522724152e-02 -1.4775015413761139e-02 
-9.3827879428863525e-01 -1.6152797266840935e-02 -3.4550315141677856e-01 2.6711044833064079e-02 
0.0000000000000000e+00 0.0000000000000000e+00 0.0000000000000000e+00 1.0000000000000000e+00 
Enterprise-counter/0020.pcd
5.4716730117797852e-01 -7.9512822628021240e-01 2.6152402162551880e-01 -1.5585578046739101e-02 
-2.4151635169982910e-01 1.4917863905429840e-01 9.5886516571044922e-01 -1.7186350887641311e-03 
-8.0142861604690552e-01 -5.8781510591506958e-01 -1.1041071265935898e-01 1.5703937038779259e-02 
0.0000000000000000e+00 0.0000000000000000e+00 0.0000000000000000e+00 1.0000000000000000e+00 
Enterprise-counter/0021.pcd
4.9142401665449142e-02 7.4264299869537354e-01 6.6789460182189941e-01 -2.6115402579307556e-02 
3.5905680060386658e-01 6.1085969209671021e-01 -7.0564734935760498e-01 8.6963688954710960e-03 
-9.3197733163833618e-01 2.7524727582931519e-01 -2.3594820499420166e-01 2.4317499250173569e-02 
0.0000000000000000e+00 0.0000000000000000e+00 0.0000000000000000e+00 1.0000000000000000e+00 
Enterprise-counter/0022.pcd
-2.1440921723842621e-01 4.7738564014434814e-01 8.5213363170623779e-01 2.9028842691332102e-03 
2.5082987546920776e-01 8.7007588148117065e-01 -4.2432492971420288e-01 9.9807325750589371e-03 
-9.4398897886276245e-01 1.2276072055101395e-01 -3.0629476904869080e-01 -1.2428100220859051e-02 
0.0000000000000000e+00 0.0000000000000000e+00 0.0000000000000000e+00 1.0000000000000000e+00 
Enterprise-counter/0023.pcd
7.6015466451644897e-01 -6.4971244335174561e-01 4.7185430303215981e-03 4.0370248258113861e-02 
-1.3846009038388729e-02 -8.9430948719382286e-03 9.9987679719924927e-01 1.0910201817750931e-02 
-6.4958590269088745e-01 -7.6012885570526123e-01 -1.5799140557646751e-02 -1.9215513020753860e-02 
0.0000000000000000e+00 0.0000000000000000e+00 0.0000000000000000e+00 1.0000000000000000e+00 
Enterprise-counter/0024.pcd
7.7813738584518433e-01 6.2761837244033813e-01 -2.4554409086704254e-02 4.2716614902019501e-02 
-3.3803865313529968e-02 2.8089375700801611e-03 -9.9941670894622803e-01 5.3707268089056015e-03 
-6.2719464302062988e-01 7.7853071689605713e-01 2.3405028507113457e-02 -1.6517454758286476e-02 
0.0000000000000000e+00 0.0000000000000000e+00 0.0000000000000000e+00 1.0000000000000000e+00 
Enterprise-counter/0025.pcd
5.5275338888168335e-01 7.9478293657302856e-01 2.5063556432723999e-01 -3.1179003417491913e-02 
2.0864218473434448e-01 1.5919385850429535e-01 -9.6496349573135376e-01 -4.7206985764205456e-03 
-8.0682080984115601e-01 5.8566892147064209e-01 -7.7827624976634979e-02 1.1594569310545921e-02 
0.0000000000000000e+00 0.0000000000000000e+00 0.0000000000000000e+00 1.0000000000000000e+00 
Enterprise-counter/0026.pcd
6.9931024312973022e-01 4.6836946159601212e-02 -7.1324777603149414e-01 -5.5040717124938965e-02 
6.3944691419601440e-01 4.0493011474609375e-01 6.5354162454605103e-01 -7.1687730960547924e-03 
3.1943374872207642e-01 -9.1313964128494263e-01 2.5322628021240234e-01 2.1472493186593056e-02 
0.0000000000000000e+00 0.0000000000000000e+00 0.0000000000000000e+00 1.0000000000000000e+00 
Enterprise-counter/0027.pcd
6.3672572374343872e-01 8.6631834506988525e-02 -7.6620888710021973e-01 3.5048589110374451e-02 
6.3066542148590088e-01 5.1323175430297852e-01 5.8211672306060791e-01 3.9710202254354954e-03 
4.4367444515228271e-01 -8.5387170314788818e-01 2.7215290069580078e-01 -1.8311956897377968e-02 
0.0000000000000000e+00 0.0000000000000000e+00 0.0000000000000000e+00 1.0000000000000000e+00 
Enterprise-counter/0028.pcd
4.2776083946228027e-01 -1.1960771679878235e-01 -8.9594954252243042e-01 3.6870714277029037e-02 
-3.7167763710021973e-01 8.8026982545852661e-01 -2.9497173428535461e-01 1.3058788143098354e-02 
8.2393306493759155e-01 4.5917969942092896e-01 3.3208337426185608e-01 -2.5814726948738098e-02 
0.0000000000000000e+00 0.0000000000000000e+00 0.0000000000000000e+00 1.0000000000000000e+00 
Enterprise-counter/0029.pcd
8.3465242385864258e-01 1.0177248716354370e-01 -5.4130524396896362e-01 -3.3022303134202957e-02 
-5.5051118135452271e-01 1.8553586304187775e-01 -8.1395184993743896e-01 3.1712967902421951e-02 
2.0628305152058601e-02 9.7771602869033813e-01 2.0891918241977692e-01 -2.8271853923797607e-02 
0.0000000000000000e+00 0.0000000000000000e+00 0.0000000000000000e+00 1.0000000000000000e+00 
Enterprise-counter/0030.pcd
3.5394671559333801e-01 -5.1317311823368073e-02 -9.3385463953018188e-01 -8.6492421105504036e-03 
-1.0985580086708069e-01 9.8929405212402344e-01 -9.6001245081424713e-02 6.6503817215561867e-03 
9.2879223823547363e-01 1.3657101988792419e-01 3.4452474117279053e-01 1.5699593350291252e-02 
0.0000000000000000e+00 0.0000000000000000e+00 0.0000000000000000e+00 1.0000000000000000e+00 
Enterprise-counter/0031.pcd
4.5045995712280273e-01 1.0702730715274811e-01 -8.8635420799255371e-01 -4.8819012939929962e-02 
4.5974260568618774e-01 8.2323569059371948e-01 3.3305189013481140e-01 -4.5396215282380581e-03 
7.6532477140426636e-01 -5.5750811100006104e-01 3.2163333892822266e-01 1.6872700303792953e-02 
0.0000000000000000e+00 0.0000000000000000e+00 0.0000000000000000e+00 1.0000000000000000e+00 
Enterprise-counter/0032.pcd
8.3956623077392578e-01 5.2367460727691650e-01 -1.4453954994678497e-01 -3.2803848385810852e-02 
-1.5883055329322815e-01 -1.7821447923779488e-02 -9.8715674877166748e-01 -1.0589675977826118e-02 
-5.1951920986175537e-01 8.5173302888870239e-01 6.8210877478122711e-02 2.9398247599601746e-02 
0.0000000000000000e+00 0.0000000000000000e+00 0.0000000000000000e+00 1.0000000000000000e+00 
Enterprise-counter/0033.pcd
6.8066984415054321e-01 6.1098616570234299e-02 -7.3009407520294189e-01 2.4161397013813257e-03 
6.3888114690780640e-01 4.3825221061706543e-01 6.3231134414672852e-01 3.9751068688929081e-03 
3.5857743024826050e-01 -8.9678668975830078e-01 2.5926443934440613e-01 2.8619322925806046e-02 
0.0000000000000000e+00 0.0000000000000000e+00 0.0000000000000000e+00 1.0000000000000000e+00 
Enterprise-counter/0034.pcd
-3.0965816974639893e-01 -2.4820074439048767e-01 9.1788417100906372e-01 -1.0911353165283799e-03 
-1.6661672294139862e-01 9.6456414461135864e-01 2.0461407303810120e-01 5.3769550286233425e-03 
-9.3613398075103760e-01 -8.9569553732872009e-02 -3.4003588557243347e-01 2.0392470061779022e-02 
0.0000000000000000e+00 0.0000000000000000e+00 0.0000000000000000e+00 1.0000000000000000e+00 
Enterprise-counter/0035.pcd
3.8439589738845825e-01 -9.2203572392463684e-02 -9.1856455802917480e-01 -3.0483584851026535e-02 
-2.5284561514854431e-01 9.4646000862121582e-01 -2.0081509649753571e-01 -6.2290750975080300e-06 
8.8751107454299927e-01 3.0954203009605408e-01 3.4138956665992737e-01 1.2803204357624054e-02 
0.0000000000000000e+00 0.0000000000000000e+00 0.0000000000000000e+00 1.0000000000000000e+00 
Enterprise-counter/0036.pcd
3.5138991475105286e-01 -4.5896317809820175e-02 -9.3511277437210083e-01 3.0091323424130678e-03 
-9.1177485883235931e-02 9.9239462614059448e-01 -8.2971014082431793e-02 -1.5723069373052567e-04 
9.3159425258636475e-01 1.1444321274757385e-01 3.4499591588973999e-01 9.5029082149267197e-03 
0.0000000000000000e+00 0.0000000000000000e+00 0.0000000000000000e+00 1.0000000000000000e+00 
Enterprise-counter/0037.pcd
3.9157238602638245e-01 -1.0345835983753204e-01 -9.1433447599411011e-01 3.6799885332584381e-02 
-2.9139176011085510e-01 9.2856860160827637e-01 -2.2985818982124329e-01 8.9253429323434830e-03 
8.7113875150680542e-01 3.5684949159622192e-01 3.3729395270347595e-01 -3.8751658052206039e-02 
0.0000000000000000e+00 0.0000000000000000e+00 0.0000000000000000e+00 1.0000000000000000e+00 
Enterprise-counter/0038.pcd
6.8153452873229980e-01 6.2976427376270294e-02 -7.2911137342453003e-01 3.5674136132001877e-02 
6.3908594846725464e-01 4.3416714668273926e-01 6.3488703966140747e-01 6.4512086100876331e-03 
3.5383805632591248e-01 -8.9887660741806030e-01 2.5851470232009888e-01 -3.4592740703374147e-03 
0.0000000000000000e+00 0.0000000000000000e+00 0.0000000000000000e+00 1.0000000000000000e+00 
Enterprise-counter/0039.pcd
3.4287160634994507e-01 -1.9046859815716743e-02 -9.3919140100479126e-01 8.2078397274017334e-02 
-5.6250113993883133e-04 9.9979954957962036e-01 -2.0482782274484634e-02 -4.2113545350730419e-03 
9.3939417600631714e-01 7.5531401671469212e-03 3.4279596805572510e-01 -4.0574155747890472e-02 
0.0000000000000000e+00 0.0000000000000000e+00 0.0000000000000000e+00 1.0000000000000000e+00 
Enterprise-counter/0040.pcd
7.1544378995895386e-01 -5.5690627545118332e-02 -6.9644588232040405e-01 -2.5261566042900085e-02 
-6.1675173044204712e-01 4.1800343990325928e-01 -6.6700118780136108e-01 1.1039670556783676e-02 
3.2819947600364685e-01 9.0674579143524170e-01 2.6477596163749695e-01 9.2540617333725095e-04 
0.0000000000000000e+00 0.0000000000000000e+00 0.0000000000000000e+00 1.0000000000000000e+00 
Enterprise-counter/0041.pcd
3.8978001475334167e-01 -1.0050659626722336e-01 -9.1544300317764282e-01 3.7833678070455790e-03 
-2.8020882606506348e-01 9.3395406007766724e-01 -2.2184345126152039e-01 1.8265478312969208e-02 
8.7616533041000366e-01 3.4323495626449585e-01 3.3844277262687683e-01 4.1228366899304092e-04 
0.0000000000000000e+00 0.0000000000000000e+00 0.0000000000000000e+00 1.0000000000000000e+00 
Enterprise-counter/0042.pcd
4.3329474329948425e-01 -1.1441409587860107e-01 -8.9402693510055542e-01 -1.0431914031505585e-01 
-3.6427006125450134e-01 8.8506346940994263e-01 -2.8980669379234314e-01 2.0298913121223450e-02 
8.2918691635131836e-01 4.4987535476684570e-01 3.3165112137794495e-01 -3.2030124217271805e-02 
0.0000000000000000e+00 0.0000000000000000e+00 0.0000000000000000e+00 1.0000000000000000e+00 
Enterprise-counter/0043.pcd
7.8972530364990234e-01 1.9463511183857918e-02 -6.1315470933914185e-01 -1.9111169502139091e-02 
-5.9209108352661133e-01 2.8572988510131836e-01 -7.5351971387863159e-01 6.2678158283233643e-02 
1.6243743896484375e-01 9.5816373825073242e-01 2.3570568859577179e-01 -3.3290874212980270e-02 
0.0000000000000000e+00 0.0000000000000000e+00 0.0000000000000000e+00 1.0000000000000000e+00 
Enterprise-counter/0044.pcd
6.4610272645950317e-01 -1.0647378861904144e-01 -7.5586724281311035e-01 2.6772988960146904e-02 
-6.0549640655517578e-01 5.3143185377120972e-01 -5.9241777658462524e-01 5.2935192361474037e-03 
4.5721679925918579e-01 8.4151864051818848e-01 2.8762868046760559e-01 6.5644383430480957e-02 
0.0000000000000000e+00 0.0000000000000000e+00 0.0000000000000000e+00 1.0000000000000000e+00 
Enterprise-counter/0045.pcd
8.0266886949539185e-01 4.2342029511928558e-02 -5.9490054845809937e-01 -3.3156711608171463e-02 
-5.8442795276641846e-01 2.5476607680320740e-01 -7.7040541172027588e-01 4.5936852693557739e-02 
1.2001405656337738e-01 9.6613448858261108e-01 2.2843751311302185e-01 1.1717203073203564e-02 
0.0000000000000000e+00 0.0000000000000000e+00 0.0000000000000000e+00 1.0000000000000000e+00 
Enterprise-counter/0046.pcd
1.5743254125118256e-01 7.9399615526199341e-01 5.8722907304763794e-01 -4.5230470597743988e-02 
3.6146894097328186e-01 5.0701808929443359e-01 -7.8246873617172241e-01 6.7498169839382172e-02 
-9.1776382923126221e-01 3.4152218699455261e-01 -2.0266257226467133e-01 -4.0109455585479736e-02 
0.0000000000000000e+00 0.0000000000000000e+00 0.0000000000000000e+00 1.0000000000000000e+00 
Enterprise-counter/0047.pcd
-1.1967723071575165e-01 6.0373312234878540e-01 7.8817021846771240e-01 1.2236457318067551e-02 
3.1228125095367432e-01 7.7646577358245850e-01 -5.4735457897186279e-01 3.2479245215654373e-02 
-9.4244074821472168e-01 1.8061406910419464e-01 -2.8144964575767517e-01 -9.3194451183080673e-03 
0.0000000000000000e+00 0.0000000000000000e+00 0.0000000000000000e+00 1.0000000000000000e+00 
Enterprise-counter/0048.pcd
-2.1625781059265137e-01 -4.6410799026489258e-01 8.5898035764694214e-01 4.5144185423851013e-02 
-2.8426277637481689e-01 8.7160861492156982e-01 3.9936375617980957e-01 3.3997230231761932e-02 
-9.3404418230056763e-01 -1.5781274437904358e-01 -3.2042250037193298e-01 -1.1911609210073948e-02 
0.0000000000000000e+00 0.0000000000000000e+00 0.0000000000000000e+00 1.0000000000000000e+00 
Enterprise-counter/0049.pcd
2.7274793386459351e-01 8.2064986228942871e-01 5.0212216377258301e-01 4.4971719384193420e-02 
3.4446775913238525e-01 4.0401306748390198e-01 -8.4741657972335815e-01 8.0034770071506500e-02 
-8.9830380678176880e-01 4.0410134196281433e-01 -1.7249929904937744e-01 -1.0441043414175510e-02 
0.0000000000000000e+00 0.0000000000000000e+00 0.0000000000000000e+00 1.0000000000000000e+00 
Enterprise-counter/0050.pcd
7.6196819543838501e-01 -1.7531227320432663e-02 -6.4748549461364746e-01 -1.0980352759361267e-01 
6.2256073951721191e-01 2.9548758268356323e-01 7.2466051578521729e-01 4.7231812030076981e-02 
1.8936790525913239e-01 -9.5527750253677368e-01 2.2688657045364380e-01 -5.0314813852310181e-02 
0.0000000000000000e+00 0.0000000000000000e+00 0.0000000000000000e+00 1.0000000000000000e+00 
Enterprise-counter/0051.pcd
5.7640802860260010e-01 -7.8363156318664551e-01 2.3168265819549561e-01 1.3570266775786877e-02 
-2.1833233535289764e-01 1.2552931904792786e-01 9.6777516603469849e-01 2.1741554141044617e-02 
-7.8746086359024048e-01 -6.0840982198715210e-01 -9.8733186721801758e-02 1.9836913794279099e-02 
0.0000000000000000e+00 0.0000000000000000e+00 0.0000000000000000e+00 1.0000000000000000e+00 
Enterprise-counter/0052.pcd
7.3078024387359619e-01 6.8105757236480713e-01 4.6355623751878738e-02 6.6302925348281860e-02 
3.7328019738197327e-02 2.7934579178690910e-02 -9.9892455339431763e-01 5.6934911757707596e-02 
-6.8161046504974365e-01 7.3171085119247437e-01 -5.0035747699439526e-03 1.3456236571073532e-02 
0.0000000000000000e+00 0.0000000000000000e+00 0.0000000000000000e+00 1.0000000000000000e+00 
Enterprise-counter/0053.pcd
8.7633597850799561e-01 3.9171534776687622e-01 -2.8049197793006897e-01 1.3401445001363754e-02 
-3.0375915765762329e-01 -2.7308093849569559e-03 -9.5274770259857178e-01 6.2741383910179138e-02 
-3.6634597182273865e-01 9.2344802618026733e-01 1.1416156589984894e-01 1.3990487786941230e-04 
0.0000000000000000e+00 0.0000000000000000e+00 0.0000000000000000e+00 1.0000000000000000e+00 
Enterprise-counter/0054.pcd
3.4610164165496826e-01 8.4981080144643784e-03 -9.3820995092391968e-01 9.3646191060543060e-02 
8.2185856997966766e-02 9.9587243795394897e-01 3.9340540766716003e-02 3.7325493991374969e-02 
9.3460124731063843e-01 -9.0709261596202850e-02 3.4396040439605713e-01 -8.8087031617760658e-03 
0.0000000000000000e+00 0.0000000000000000e+00 0.0000000000000000e+00 1.0000000000000000e+00 
Enterprise-counter/0055.pcd
6.2627387046813965e-01 9.0329013764858246e-02 -7.7436071634292603e-01 4.9086634069681168e-02 
6.2485140562057495e-01 5.3584218025207520e-01 5.6785786151885986e-01 4.8023343086242676e-02 
4.6621811389923096e-01 -8.3946698904037476e-01 2.7914085984230042e-01 2.0924152806401253e-02 
0.0000000000000000e+00 0.0000000000000000e+00 0.0000000000000000e+00 1.0000000000000000e+00 
Enterprise-counter/0056.pcd
5.3912818431854248e-01 1.1838933080434799e-01 -8.3386945724487305e-01 4.0851078927516937e-02 
5.7687199115753174e-01 6.6945225000381470e-01 4.6804833412170410e-01 5.6622054427862167e-02 
6.1024111509323120e-01 -7.3410183191299438e-01 2.9781147837638855e-01 3.7975389510393143e-02 
0.0000000000000000e+00 0.0000000000000000e+00 0.0000000000000000e+00 1.0000000000000000e+00 
Enterprise-counter/0057.pcd
5.4416155815124512e-01 1.1612338572740555e-01 -8.3091580867767334e-01 2.0441297441720963e-02 
5.7898253202438354e-01 6.6477644443511963e-01 4.7207784652709961e-01 5.8467786759138107e-02 
6.0718727111816406e-01 -7.3796766996383667e-01 2.9451262950897217e-01 2.2635584697127342e-02 
0.0000000000000000e+00 0.0000000000000000e+00 0.0000000000000000e+00 1.0000000000000000e+00 
Enterprise-counter/0058.pcd
3.4945735335350037e-01 2.2969316691160202e-02 -9.3667572736740112e-01 1.2693500518798828e-01 
1.2338994443416595e-01 9.8986536264419556e-01 7.0309296250343323e-02 5.2911385893821716e-02 
9.2878651618957520e-01 -1.4014582335948944e-01 3.4308210015296936e-01 2.2442499175667763e-02 
0.0000000000000000e+00 0.0000000000000000e+00 0.0000000000000000e+00 1.0000000000000000e+00 
Enterprise-counter/0059.pcd
3.9299505949020386e-01 8.2970634102821350e-02 -9.1581237316131592e-01 -1.2933488003909588e-02 
3.3417162299156189e-01 9.1495782136917114e-01 2.2629420459270477e-01 1.1532013863325119e-01 
8.5669147968292236e-01 -3.9496591687202454e-01 3.3184468746185303e-01 -1.2849110178649426e-02 
0.0000000000000000e+00 0.0000000000000000e+00 0.0000000000000000e+00 1.0000000000000000e+00 
Enterprise-counter/0060.pcd
3.5571458935737610e-01 3.3278640359640121e-02 -9.3402546644210815e-01 -2.6531148701906204e-02 
1.6114462912082672e-01 9.8222315311431885e-01 9.6368476748466492e-02 1.1244414001703262e-01 
9.2061704397201538e-01 -1.8479602038860321e-01 3.4402355551719666e-01 2.2848062217235565e-02 
0.0000000000000000e+00 0.0000000000000000e+00 0.0000000000000000e+00 1.0000000000000000e+00 
Enterprise-counter/0061.pcd
3.9861962199211121e-01 8.2519076764583588e-02 -9.1339737176895142e-01 4.9328703433275223e-02 
3.3347433805465698e-01 9.1474109888076782e-01 2.2817194461822510e-01 1.0836517810821533e-01 
8.5434383153915405e-01 -3.9554098248481750e-01 3.3711311221122742e-01 3.7017390131950378e-02 
0.0000000000000000e+00 0.0000000000000000e+00 0.0000000000000000e+00 1.0000000000000000e+00 
Enterprise-counter/0062.pcd
4.4064408540725708e-01 -1.1849549412727356e-01 -8.8984256982803345e-01 4.5614670962095261e-02 
-3.9460656046867371e-01 8.6478346586227417e-01 -3.1056389212608337e-01 1.1028221249580383e-01 
8.0631041526794434e-01 4.8797699809074402e-01 3.3430105447769165e-01 2.5139253586530685e-02 
0.0000000000000000e+00 0.0000000000000000e+00 0.0000000000000000e+00 1.0000000000000000e+00 
Enterprise-counter/0063.pcd
4.8511213064193726e-01 -1.2819446623325348e-01 -8.6502784490585327e-01 -1.6305414959788322e-02 
-4.6531650424003601e-01 7.9969096183776855e-01 -3.7946653366088867e-01 1.1955543607473373e-01 
7.4071019887924194e-01 5.8649671077728271e-01 3.2769951224327087e-01 -1.1055616661906242e-02 
0.0000000000000000e+00 0.0000000000000000e+00 0.0000000000000000e+00 1.0000000000000000e+00 
Enterprise-counter/0064.pcd
7.5303751230239868e-01 -7.4103800579905510e-03 -6.5808725357055664e-01 1.3197684660553932e-02 
-6.1447077989578247e-01 3.5008934140205383e-01 -7.0700979232788086e-01 1.1056935042142868e-01 
2.4326205253601074e-01 9.3650060892105103e-01 2.5222623348236084e-01 -7.4057648889720440e-03 
0.0000000000000000e+00 0.0000000000000000e+00 0.0000000000000000e+00 1.0000000000000000e+00 
Enterprise-counter/0065.pcd
-3.0871409177780151e-01 -3.0388209223747253e-01 9.0149080753326416e-01 -2.5190372020006180e-02 
-1.9433867931365967e-01 9.4779205322265625e-01 2.5286146998405457e-01 1.4004440605640411e-01 
-9.3568396568298340e-01 -1.0170312225818634e-01 -3.3744424581527710e-01 -2.0373135805130005e-02 
0.0000000000000000e+00 0.0000000000000000e+00 0.0000000000000000e+00 1.0000000000000000e+00 
Enterprise-counter/0066.pcd
7.6925599575042725e-01 -2.2263434948399663e-04 -6.3894140720367432e-01 1.0114445537328720e-01 
-6.0593485832214355e-01 3.1699505448341370e-01 -7.2962689399719238e-01 5.2907675504684448e-02 
2.0270514488220215e-01 9.4843018054962158e-01 2.4371659755706787e-01 1.8927866593003273e-02 
0.0000000000000000e+00 0.0000000000000000e+00 0.0000000000000000e+00 1.0000000000000000e+00 
Enterprise-counter/0067.pcd
-2.0661945641040802e-01 4.7554245591163635e-01 8.5510700941085815e-01 -2.6291584596037865e-02 
2.5442159175872803e-01 8.7000697851181030e-01 -4.2235049605369568e-01 1.0485269874334335e-01 
-9.4476526975631714e-01 1.3029059767723083e-01 -3.0074664950370789e-01 -1.7689228057861328e-02 
0.0000000000000000e+00 0.0000000000000000e+00 0.0000000000000000e+00 1.0000000000000000e+00 
Enterprise-counter/0068.pcd
1.8868730962276459e-01 -7.8956854343414307e-01 5.8397859334945679e-01 1.6486331820487976e-02 
-3.8906276226043701e-01 4.8589965701103210e-01 7.8266990184783936e-01 1.1358388513326645e-01 
-9.0170460939407349e-01 -3.7487480044364929e-01 -2.1550559997558594e-01 3.6858408711850643e-03 
0.0000000000000000e+00 0.0000000000000000e+00 0.0000000000000000e+00 1.0000000000000000e+00 
Enterprise-counter/0069.pcd
7.6136887073516846e-02 -7.6268690824508667e-01 6.4230489730834961e-01 -1.1176438629627228e-01 
-3.8683602213859558e-01 5.7135093212127686e-01 7.2383075952529907e-01 1.0566914826631546e-01 
-9.1634559631347656e-01 -3.2594728469848633e-01 -2.3253551125526428e-01 -9.0094720944762230e-03 
0.0000000000000000e+00 0.0000000000000000e+00 0.0000000000000000e+00 1.0000000000000000e+00 
Enterprise-counter/0070.pcd
8.2501596212387085e-01 -1.0052758455276489e-01 -5.5612921714782715e-01 1.5002314932644367e-02 
5.6511372327804565e-01 1.5550008416175842e-01 8.1023836135864258e-01 1.3014325499534607e-01 
5.0279512070119381e-03 -9.8271596431732178e-01 1.8509709835052490e-01 3.8016524165868759e-02 
0.0000000000000000e+00 0.0000000000000000e+00 0.0000000000000000e+00 1.0000000000000000e+00 
Enterprise-counter/0071.pcd
5.5828398466110229e-01 -1.3049419224262238e-01 -8.1932532787322998e-01 5.2976343780755997e-02 
-5.4497081041336060e-01 6.8695235252380371e-01 -4.8075252771377563e-01 8.4335885941982269e-02 
6.2557077407836914e-01 7.1490281820297241e-01 3.1239500641822815e-01 1.2306821532547474e-02 
0.0000000000000000e+00 0.0000000000000000e+00 0.0000000000000000e+00 1.0000000000000000e+00 
Enterprise-counter/0072.pcd
-2.5893381237983704e-01 3.3640024065971375e-01 9.0573763847351074e-01 7.7356711030006409e-02 
1.7407177388668060e-01 9.3830204010009766e-01 -2.9881405830383301e-01 1.1817184090614319e-01 
-9.3990004062652588e-01 6.7723676562309265e-02 -3.3391842246055603e-01 2.8551250696182251e-02 
0.0000000000000000e+00 0.0000000000000000e+00 0.0000000000000000e+00 1.0000000000000000e+00 
Enterprise-counter/0073.pcd
-3.2946246862411499e-01 -2.1095222234725952e-01 9.2030566930770874e-01 6.7481300793588161e-03 
-1.4173947274684906e-01 9.7472721338272095e-01 1.7268610000610352e-01 5.3914140909910202e-02 
-9.3346989154815674e-01 -7.3541842401027679e-02 -3.5103967785835266e-01 4.7275521792471409e-03 
0.0000000000000000e+00 0.0000000000000000e+00 0.0000000000000000e+00 1.0000000000000000e+00 
Enterprise-counter/0074.pcd
-3.6641668528318405e-02 -6.8076246976852417e-01 7.3163157701492310e-01 -5.6612551212310791e-02 
-3.8486546277999878e-01 6.8525570631027222e-01 6.1833512783050537e-01 9.9647998809814453e-02 
-9.2226541042327881e-01 -2.5891450047492981e-01 -2.8710901737213135e-01 -1.1722035706043243e-02 
0.0000000000000000e+00 0.0000000000000000e+00 0.0000000000000000e+00 1.0000000000000000e+00 
Enterprise-counter/0075.pcd
7.2114878892898560e-01 -6.9036418199539185e-01 5.7915557175874710e-02 -3.4830465912818909e-02 
-6.5062403678894043e-02 1.5736518427729607e-02 9.9777084589004517e-01 1.1865436285734177e-01 
-6.8980157375335693e-01 -7.2320646047592163e-01 -3.3564385026693344e-02 -1.5004874207079411e-02 
0.0000000000000000e+00 0.0000000000000000e+00 0.0000000000000000e+00 1.0000000000000000e+00 
Enterprise-counter/0076.pcd
3.5889905691146851e-01 4.5296672731637955e-02 -9.3230515718460083e-01 -5.4947677999734879e-03 
2.1533018350601196e-01 9.6787017583847046e-01 1.2991899251937866e-01 1.1590138822793961e-01 
9.0820586681365967e-01 -2.4737538397312164e-01 3.3760800957679749e-01 -8.8435513898730278e-03 
0.0000000000000000e+00 0.0000000000000000e+00 0.0000000000000000e+00 1.0000000000000000e+00 
Enterprise-counter/0077.pcd
3.5100844502449036e-01 -5.0290375947952271e-02 -9.3503332138061523e-01 4.7006089240312576e-02 
-9.0697921812534332e-02 9.9204301834106445e-01 -8.7403833866119385e-02 1.1537630110979080e-01 
9.3196851015090942e-01 1.1548341065645218e-01 3.4365010261535645e-01 3.1734020449221134e-03 
0.0000000000000000e+00 0.0000000000000000e+00 0.0000000000000000e+00 1.0000000000000000e+00 
Enterprise-counter/0078.pcd
7.9523330926895142e-01 2.3430395871400833e-02 -6.0585868358612061e-01 2.6313044130802155e-02 
-5.8716732263565063e-01 2.7887201309204102e-01 -7.5991469621658325e-01 1.2019249796867371e-01 
1.5115074813365936e-01 9.6004509925842285e-01 2.3552486300468445e-01 9.3089072033762932e-03 
0.0000000000000000e+00 0.0000000000000000e+00 0.0000000000000000e+00 1.0000000000000000e+00 
Enterprise-counter/0079.pcd
7.9254990816116333e-01 6.0909581184387207e-01 -3.0866809189319611e-02 4.4210385531187057e-02 
-4.0722381323575974e-02 2.3967749439179897e-03 -9.9918138980865479e-01 1.0857340693473816e-01 
-6.1902374029159546e-01 7.8488957881927490e-01 2.7232298627495766e-02 4.4467784464359283e-02 
0.0000000000000000e+00 0.0000000000000000e+00 0.0000000000000000e+00 1.0000000000000000e+00 
Enterprise-counter/0080.pcd
-3.3695659041404724e-01 1.5111845731735229e-01 9.2933022975921631e-01 2.2709729149937630e-02 
7.1612112224102020e-02 9.8830258846282959e-01 -1.3474190235137939e-01 1.0702163726091385e-01 
-9.3879944086074829e-01 2.1152203902602196e-02 -3.4383624792098999e-01 4.8292353749275208e-03 
0.0000000000000000e+00 0.0000000000000000e+00 0.0000000000000000e+00 1.0000000000000000e+00 
Enterprise-counter/0081.pcd
-9.1564401984214783e-02 -6.2716001272201538e-01 7.7351623773574829e-01 -8.5768625140190125e-03 
-3.6649996042251587e-01 7.4347865581512451e-01 5.5942410230636597e-01 1.1888159066438675e-01 
-9.2590951919555664e-01 -2.3225279152393341e-01 -2.9792124032974243e-01 -1.2169104069471359e-02 
0.0000000000000000e+00 0.0000000000000000e+00 0.0000000000000000e+00 1.0000000000000000e+00 
Enterprise-counter/0082.pcd
-2.4273914098739624e-01 -4.3926095962524414e-01 8.6498475074768066e-01 -3.0962608754634857e-02 
-2.7038294076919556e-01 8.8691359758377075e-01 3.7453117966651917e-01 1.3182486593723297e-01 
-9.3510133028030396e-01 -1.4967933297157288e-01 -3.2113111019134521e-01 -1.5909774228930473e-02 
0.0000000000000000e+00 0.0000000000000000e+00 0.0000000000000000e+00 1.0000000000000000e+00 
Enterprise-counter/0083.pcd
5.4530489444732666e-01 -8.0115669965744019e-01 2.4659202992916107e-01 -1.3718947768211365e-01 
-2.2575503587722778e-01 1.4319124817848206e-01 9.6361297369003296e-01 1.0727738589048386e-01 
-7.9470342397689819e-01 -5.9917932748794556e-01 -9.7090572118759155e-02 -7.0577212609350681e-03 
0.0000000000000000e+00 0.0000000000000000e+00 0.0000000000000000e+00 1.0000000000000000e+00 
Enterprise-counter/0084.pcd
1.9859574735164642e-02 6.9716942310333252e-01 7.1704602241516113e-01 8.8034234941005707e-03 
3.5314279794692993e-01 6.6591161489486694e-01 -6.5717554092407227e-01 8.5419610142707825e-02 
-9.3535363674163818e-01 2.5457456707954407e-01 -2.4452909827232361e-01 2.1788476034998894e-02 
0.0000000000000000e+00 0.0000000000000000e+00 0.0000000000000000e+00 1.0000000000000000e+00 
Enterprise-counter/0085.pcd
8.7377592921257019e-02 7.4658983945846558e-01 6.5970402956008911e-01 6.8354289978742599e-03 
3.6266186833381653e-01 5.9290105104446411e-01 -7.1900063753128052e-01 1.0385399311780930e-01 
-9.2871785163879395e-01 2.9314771294593811e-01 -2.2664055228233337e-01 2.7848469093441963e-02 
0.0000000000000000e+00 0.0000000000000000e+00 0.0000000000000000e+00 1.0000000000000000e+00 
Enterprise-counter/0086.pcd
8.8898289203643799e-01 2.9442557692527771e-01 -3.5077756643295288e-01 -1.3248475268483162e-02 
-3.8260838389396667e-01 5.6491885334253311e-02 -9.2218834161758423e-01 1.1427249014377594e-01 
-2.5250867009162903e-01 9.5374625921249390e-01 1.6320773959159851e-01 -1.6049821861088276e-03 
0.0000000000000000e+00 0.0000000000000000e+00 0.0000000000000000e+00 1.0000000000000000e+00 
Enterprise-counter/0087.pcd
6.0117244720458984e-01 -7.7575963735580444e-01 1.9183906912803650e-01 1.8011126667261124e-02 
-2.0035287737846375e-01 8.6155228316783905e-02 9.7594833374023438e-01 8.6940519511699677e-02 
-7.7626544237136841e-01 -6.2172681093215942e-01 -1.0455464571714401e-01 1.8174607306718826e-02 
0.0000000000000000e+00 0.0000000000000000e+00 0.0000000000000000e+00 1.0000000000000000e+00 
Enterprise-counter/0088.pcd
8.3242696523666382e-01 5.4542326927185059e-01 -9.8039366304874420e-02 3.8416393101215363e-02 
-1.1501710116863251e-01 -3.3279922790825367e-03 -9.9337524175643921e-01 1.6814244911074638e-02 
-5.6251251697540283e-01 8.2440596818923950e-01 6.2514774501323700e-02 1.9463641569018364e-02 
0.0000000000000000e+00 0.0000000000000000e+00 0.0000000000000000e+00 1.0000000000000000e+00 
Enterprise-counter/0089.pcd
8.4094291925430298e-01 7.8489474952220917e-02 -5.3548020124435425e-01 6.6436231136322021e-02 
-5.3981393575668335e-01 1.8943126499652863e-01 -8.2020753622055054e-01 5.7552751153707504e-02 
2.0359428599476814e-02 9.7693490982055664e-01 2.1244795620441437e-01 1.5643088147044182e-02 
0.0000000000000000e+00 0.0000000000000000e+00 0.0000000000000000e+00 1.0000000000000000e+00 
Enterprise-counter/0090.pcd
7.9065281152725220e-01 -6.0809320211410522e-01 -7.1261815726757050e-02 -4.6323593705892563e-02 
5.8181807398796082e-02 -4.1247770190238953e-02 9.9745571613311768e-01 1.3805978000164032e-01 
-6.0862809419631958e-01 -7.9345774650573730e-01 2.6900398079305887e-03 -9.0064890682697296e-03 
0.0000000000000000e+00 0.0000000000000000e+00 0.0000000000000000e+00 1.0000000000000000e+00 
Enterprise-counter/0091.pcd
4.9359840154647827e-01 -1.4566192030906677e-01 -8.5742443799972534e-01 -5.3168468177318573e-02 
-4.5018726587295532e-01 8.0072981119155884e-01 -3.9521488547325134e-01 1.7121340334415436e-01 
7.4799394607543945e-01 5.7997828722000122e-01 3.2266405224800110e-01 5.6936838664114475e-03 
0.0000000000000000e+00 0.0000000000000000e+00 0.0000000000000000e+00 1.0000000000000000e+00 
Enterprise-counter/0092.pcd
3.4560200572013855e-01 -4.2603377252817154e-02 -9.3743693828582764e-01 -5.3855743259191513e-02 
-1.5828443691134453e-02 9.9856960773468018e-01 -5.1213227212429047e-02 8.0242954194545746e-02 
9.3853050470352173e-01 3.2496511936187744e-02 3.4370326995849609e-01 6.8461089394986629e-03 
0.0000000000000000e+00 0.0000000000000000e+00 0.0000000000000000e+00 1.0000000000000000e+00 
Enterprise-counter/0093.pcd
7.4423682689666748e-01 6.6550660133361816e-01 5.7940095663070679e-02 -1.1588253080844879e-02 
3.9900057017803192e-02 4.2237602174282074e-02 -9.9832087755203247e-01 8.3005778491497040e-02 
-6.7625021934509277e-01 7.3657733201980591e-01 4.0720310062170029e-03 1.5431629493832588e-02 
0.0000000000000000e+00 0.0000000000000000e+00 0.0000000000000000e+00 1.0000000000000000e+00 
Enterprise-counter/0094.pcd
3.5529875755310059e-01 1.8263993784785271e-02 -9.3459713459014893e-01 -7.8027658164501190e-02 
2.0699727535247803e-01 9.7346097230911255e-01 9.7713060677051544e-02 1.2491982430219650e-01 
9.1229832172393799e-01 -2.2811569273471832e-01 3.4015393257141113e-01 3.7511587142944336e-03 
0.0000000000000000e+00 0.0000000000000000e+00 0.0000000000000000e+00 1.0000000000000000e+00 
Enterprise-counter/0095.pcd
3.6505922675132751e-01 4.1309908032417297e-02 -9.3008071184158325e-01 -2.2210359573364258e-02 
2.8341382741928101e-01 9.4667184352874756e-01 1.5330310165882111e-01 1.1341655999422073e-01 
8.8560640811920166e-01 -3.1972178816795349e-01 3.3687156438827515e-01 7.9717178596183658e-04 
0.0000000000000000e+00 0.0000000000000000e+00 0.0000000000000000e+00 1.0000000000000000e+00 
Enterprise-counter/0096.pcd
5.9252589941024780e-01 8.8254384696483612e-02 -8.0073046684265137e-01 -1.9135994836688042e-02 
6.3707256317138672e-01 5.5699819326400757e-01 5.3284454345703125e-01 1.0552039742469788e-01 
4.8953330516815186e-01 -8.2630467414855957e-01 2.7848508954048157e-01 6.1302045360207558e-03 
0.0000000000000000e+00 0.0000000000000000e+00 0.0000000000000000e+00 1.0000000000000000e+00 
Enterprise-counter/0097.pcd
7.6243400573730469e-01 -6.4679229259490967e-01 -2.0459517836570740e-02 -1.1715948581695557e-02 
2.0962208509445190e-04 -3.1287897378206253e-02 9.9951606988906860e-01 9.2545181512832642e-02 
-6.5357547998428345e-01 -7.5646650791168213e-01 -2.3607520386576653e-02 1.1718120425939560e-02 
0.0000000000000000e+00 0.0000000000000000e+00 0.0000000000000000e+00 1.0000000000000000e+00 
Enterprise-counter/0098.pcd
4.8365285992622375e-01 -1.4717540144920349e-01 -8.6285507678985596e-01 -1.1477591097354889e-01 
-4.2967739701271057e-01 8.1891816854476929e-01 -3.8049536943435669e-01 1.5842559933662415e-01 
7.6567155122756958e-01 5.5384707450866699e-01 3.2703554630279541e-01 2.2509915754199028e-02 
