Enterprise-clockwise/0000.pcd
5.4281997680664062e-01 8.3984905481338501e-01 0.0000000000000000e+00 0.0000000000000000e+00 
-8.3984905481338501e-01 5.4281997680664062e-01 -0.0000000000000000e+00 0.0000000000000000e+00 
-0.0000000000000000e+00 0.0000000000000000e+00 1.0000000000000000e+00 0.0000000000000000e+00 
0.0000000000000000e+00 0.0000000000000000e+00 0.0000000000000000e+00 1.0000000000000000e+00 
Enterprise-clockwise/0001.pcd
1.0000057220458984e+00 8.0374020399176516e-06 -1.0154032679565717e-05 7.9470837954431772e-04 
-8.9859686340787448e-06 1.0000090599060059e+00 -2.5976562483265297e-06 -8.7341577454935759e-05 
1.4253970221034251e-05 2.3884761048975633e-06 1.0000053644180298e+00 3.6935321986675262e-04 
0.0000000000000000e+00 0.0000000000000000e+00 0.0000000000000000e+00 1.0000000000000000e+00 
Enterprise-clockwise/0002.pcd
9.9998629093170166e-01 2.1052129159215838e-04 -7.3682987131178379e-03 8.8302465155720711e-03 
-2.1821884729433805e-04 1.0000109672546387e+00 -9.6844712970778346e-04 4.1191300260834396e-04 
7.3684919625520706e-03 9.7016902873292565e-04 9.9998003244400024e-01 8.4574051201343536e-02 
0.0000000000000000e+00 0.0000000000000000e+00 0.0000000000000000e+00 1.0000000000000000e+00 
Enterprise-clockwise/0003.pcd
1.0000019073486328e+00 -7.9395686043426394e-06 8.7081989477155730e-06 -8.9878152357414365e-04 
8.2201768236700445e-06 1.0000007152557373e+00 1.0868601748370565e-05 1.1939948308281600e-04 
-1.0844186363101471e-05 -1.1682417607516982e-05 1.0000072717666626e+00 -7.0261891232803464e-04 
0.0000000000000000e+00 0.0000000000000000e+00 0.0000000000000000e+00 1.0000000000000000e+00 
Enterprise-clockwise/0004.pcd
1.0000077486038208e+00 8.3336133684497327e-05 -1.1135319946333766e-03 2.7769878506660461e-03 
-8.1140620750375092e-05 1.0000023841857910e+00 -2.2023056226316839e-04 1.2416801473591477e-04 
1.1166684562340379e-03 2.1613534772768617e-04 1.0000041723251343e+00 1.7831444740295410e-02 
0.0000000000000000e+00 0.0000000000000000e+00 0.0000000000000000e+00 1.0000000000000000e+00 
Enterprise-clockwise/0005.pcd
9.9997574090957642e-01 3.2080130768008530e-04 -8.8015561923384666e-03 9.5082931220531464e-03 
-3.2044434919953346e-04 1.0000115633010864e+00 -4.8301873903255910e-05 3.4189416328445077e-04 
8.7931407615542412e-03 4.6016626583877951e-05 9.9997955560684204e-01 6.0115125030279160e-02 
0.0000000000000000e+00 0.0000000000000000e+00 0.0000000000000000e+00 1.0000000000000000e+00 
Enterprise-clockwise/0006.pcd
9.9999678134918213e-01 -2.0129382392042316e-05 3.8308194234559778e-06 -3.4024246269837022e-04 
1.6822908946778625e-05 9.9999421834945679e-01 5.1046836233581416e-06 -1.0979202488670126e-04 
-9.9712187875411473e-06 -2.7284620500722667e-06 1.0000046491622925e+00 -8.9613589807413518e-05 
0.0000000000000000e+00 0.0000000000000000e+00 0.0000000000000000e+00 1.0000000000000000e+00 
Enterprise-clockwise/0007.pcd
9.9996381998062134e-01 7.5743230991065502e-03 -5.6316223926842213e-03 -1.8487788736820221e-02 
-7.4957781471312046e-03 9.9988055229187012e-01 1.3612615875899792e-02 -2.0214349031448364e-02 
5.7340348139405251e-03 -1.3572225347161293e-02 9.9989777803421021e-01 1.5105566941201687e-02 
0.0000000000000000e+00 0.0000000000000000e+00 0.0000000000000000e+00 1.0000000000000000e+00 
Enterprise-clockwise/0008.pcd
1.0000008344650269e+00 3.8300585583783686e-04 -4.9586538225412369e-03 -5.0470355898141861e-02 
-3.3033930230885744e-04 9.9995523691177368e-01 1.0542499832808971e-02 -1.9025258719921112e-02 
4.9634217284619808e-03 -1.0539107024669647e-02 9.9993854761123657e-01 9.1202050447463989e-02 
0.0000000000000000e+00 0.0000000000000000e+00 0.0000000000000000e+00 1.0000000000000000e+00 
Enterprise-clockwise/0009.pcd
9.9998056888580322e-01 9.5202820375561714e-04 -7.6876813545823097e-03 3.5231072455644608e-02 
-8.4269646322354674e-04 9.9990993738174438e-01 1.4442696236073971e-02 -8.0563433468341827e-02 
7.6989964582026005e-03 -1.4435455203056335e-02 9.9987775087356567e-01 5.5387619882822037e-02 
0.0000000000000000e+00 0.0000000000000000e+00 0.0000000000000000e+00 1.0000000000000000e+00 
Enterprise-clockwise/0010.pcd
1.0000030994415283e+00 7.1553152520209551e-04 -1.0853051207959652e-03 2.2818928584456444e-02 
-7.1532285073772073e-04 1.0000002384185791e+00 3.1313623185269535e-04 -5.9435984439915046e-05 
1.0878107277676463e-03 -3.1521881464868784e-04 1.0000032186508179e+00 -3.1302259303629398e-03 
0.0000000000000000e+00 0.0000000000000000e+00 0.0000000000000000e+00 1.0000000000000000e+00 
Enterprise-clockwise/0011.pcd
1.0000072717666626e+00 4.0508140227757394e-04 -1.9685036968439817e-03 5.8429818600416183e-02 
-4.0291724144481122e-04 1.0000125169754028e+00 1.0286330943927169e-03 -2.3837367072701454e-02 
1.9659888930618763e-03 -1.0313884122297168e-03 1.0000081062316895e+00 1.9125908613204956e-02 
0.0000000000000000e+00 0.0000000000000000e+00 0.0000000000000000e+00 1.0000000000000000e+00 
Enterprise-clockwise/0012.pcd
1.0000098943710327e+00 1.3246580492705107e-03 -1.0842561023309827e-03 3.3246353268623352e-02 
-1.3226404553279281e-03 1.0000022649765015e+00 7.2321068728342652e-04 -4.0599613566882908e-04 
1.0866401717066765e-03 -7.2456983616575599e-04 1.0000112056732178e+00 -3.7279701791703701e-03 
0.0000000000000000e+00 0.0000000000000000e+00 0.0000000000000000e+00 1.0000000000000000e+00 
Enterprise-clockwise/0013.pcd
9.9999594688415527e-01 1.8485165492165834e-04 -2.3373635485768318e-03 7.0791564881801605e-02 
-1.8393922073300928e-04 9.9999898672103882e-01 9.5147808315232396e-04 -2.5929931551218033e-02 
2.3380701895803213e-03 -9.5347792375832796e-04 1.0000001192092896e+00 2.9090292751789093e-02 
0.0000000000000000e+00 0.0000000000000000e+00 0.0000000000000000e+00 1.0000000000000000e+00 
Enterprise-clockwise/0014.pcd
1.0000081062316895e+00 1.2280805967748165e-03 -2.3480551317334175e-03 7.8548289835453033e-02 
-1.2293956242501736e-03 1.0000112056732178e+00 8.9874985860660672e-05 1.0398053564131260e-04 
2.3522721603512764e-03 -8.7608677858952433e-05 1.0000137090682983e+00 4.2942326515913010e-02 
0.0000000000000000e+00 0.0000000000000000e+00 0.0000000000000000e+00 1.0000000000000000e+00 
Enterprise-clockwise/0015.pcd
1.0000143051147461e+00 5.2439590217545629e-04 -1.0182937839999795e-03 3.3867776393890381e-02 
-5.2453042007982731e-04 1.0000147819519043e+00 -1.6727460024412721e-04 9.9590839818120003e-04 
1.0184377897530794e-03 1.6966024122666568e-04 1.0000041723251343e+00 2.2306552156805992e-02 
0.0000000000000000e+00 0.0000000000000000e+00 0.0000000000000000e+00 1.0000000000000000e+00 
Enterprise-clockwise/0016.pcd
1.0000091791152954e+00 -1.0165277635678649e-03 -3.5077808424830437e-03 7.2402648627758026e-02 
1.0098090860992670e-03 1.0000052452087402e+00 -2.3583495058119297e-03 -3.0066307634115219e-02 
3.5134593490511179e-03 2.3538842797279358e-03 9.9999982118606567e-01 9.0884037315845490e-02 
0.0000000000000000e+00 0.0000000000000000e+00 0.0000000000000000e+00 1.0000000000000000e+00 
Enterprise-clockwise/0017.pcd
1.0000082254409790e+00 -1.3057603500783443e-03 2.2994922474026680e-03 -7.9391025006771088e-02 
1.3071623397991061e-03 1.0000112056732178e+00 -7.5514457421377301e-05 -1.2525724014267325e-03 
-2.2938819602131844e-03 7.8172262874431908e-05 1.0000103712081909e+00 -4.6798419207334518e-02 
0.0000000000000000e+00 0.0000000000000000e+00 0.0000000000000000e+00 1.0000000000000000e+00 
Enterprise-clockwise/0018.pcd
1.0000090599060059e+00 -1.5433094231411815e-03 -2.2001008037477732e-03 -7.3174200952053070e-02 
1.5543887857347727e-03 1.0000001192092896e+00 4.1908998973667622e-03 1.8717860803008080e-02 
2.1946828346699476e-03 -4.1964910924434662e-03 1.0000016689300537e+00 4.0902007371187210e-02 
0.0000000000000000e+00 0.0000000000000000e+00 0.0000000000000000e+00 1.0000000000000000e+00 
Enterprise-clockwise/0019.pcd
1.0000078678131104e+00 -1.2349431926850230e-04 2.1763336844742298e-03 -8.3690080791711807e-03 
1.2185050582047552e-04 1.0000064373016357e+00 9.2977093299850821e-04 5.9965281980112195e-04 
-2.1752058528363705e-03 -9.3073345487937331e-04 1.0000063180923462e+00 -5.4219182580709457e-02 
0.0000000000000000e+00 0.0000000000000000e+00 0.0000000000000000e+00 1.0000000000000000e+00 
Enterprise-clockwise/0020.pcd
9.9997681379318237e-01 -6.0387793928384781e-03 -3.5897367633879185e-03 -6.4502030611038208e-02 
6.0483068227767944e-03 9.9998009204864502e-01 2.8441429603844881e-03 4.2772997403517365e-04 
3.5735112614929676e-03 -2.8638138901442289e-03 9.9999076128005981e-01 8.6272567510604858e-02 
0.0000000000000000e+00 0.0000000000000000e+00 0.0000000000000000e+00 1.0000000000000000e+00 
Enterprise-clockwise/0021.pcd
1.0000067949295044e+00 2.1206456585787237e-04 1.0137876961380243e-03 1.2380963191390038e-02 
-2.1352474868763238e-04 1.0000098943710327e+00 -2.7581666017795214e-07 -1.5095902199391276e-04 
-1.0128486901521683e-03 3.5804857816401636e-06 1.0000013113021851e+00 3.0089444480836391e-03 
0.0000000000000000e+00 0.0000000000000000e+00 0.0000000000000000e+00 1.0000000000000000e+00 
Enterprise-clockwise/0022.pcd
1.0000122785568237e+00 2.6767575764097273e-04 9.3910750001668930e-04 1.3400777243077755e-02 
-2.6616861578077078e-04 1.0000088214874268e+00 3.3885422453749925e-05 -6.8807377829216421e-05 
-9.3708501663058996e-04 -3.2771426049293950e-05 1.0000095367431641e+00 3.4742427524179220e-03 
0.0000000000000000e+00 0.0000000000000000e+00 0.0000000000000000e+00 1.0000000000000000e+00 
Enterprise-clockwise/0023.pcd
1.0000056028366089e+00 -2.5032542180269957e-03 -6.9622503360733390e-04 1.1565530672669411e-02 
2.5056947488337755e-03 1.0000019073486328e+00 2.2330509964376688e-03 1.4766392298042774e-02 
6.9161999272182584e-04 -2.2345585748553276e-03 1.0000025033950806e+00 -2.7328334748744965e-02 
0.0000000000000000e+00 0.0000000000000000e+00 0.0000000000000000e+00 1.0000000000000000e+00 
Enterprise-clockwise/0024.pcd
9.9999058246612549e-01 -2.7625120710581541e-03 -4.6307309530675411e-03 -5.3611066192388535e-02 
2.7870570775121450e-03 9.9998730421066284e-01 5.1938975229859352e-03 3.7548549473285675e-02 
4.6178083866834641e-03 -5.2059008739888668e-03 9.9997764825820923e-01 5.4667066782712936e-02 
0.0000000000000000e+00 0.0000000000000000e+00 0.0000000000000000e+00 1.0000000000000000e+00 
Enterprise-clockwise/0025.pcd
9.9999159574508667e-01 -5.9808330843225121e-04 -3.4131691791117191e-03 -5.4852534085512161e-02 
6.0318462783470750e-04 1.0000041723251343e+00 2.5247414596378803e-03 2.4157358333468437e-02 
3.4123214427381754e-03 -2.5231160689145327e-03 9.9998670816421509e-01 7.4878126382827759e-02 
0.0000000000000000e+00 0.0000000000000000e+00 0.0000000000000000e+00 1.0000000000000000e+00 
Enterprise-clockwise/0026.pcd
9.9999797344207764e-01 -3.0594319105148315e-03 -2.5157702621072531e-03 -5.7545393705368042e-02 
3.0704534146934748e-03 9.9998867511749268e-01 4.5872749760746956e-03 3.7411250174045563e-02 
2.5035913567990065e-03 -4.5936973765492439e-03 9.9998950958251953e-01 5.4068159312009811e-02 
0.0000000000000000e+00 0.0000000000000000e+00 0.0000000000000000e+00 1.0000000000000000e+00 
Enterprise-clockwise/0027.pcd
9.9999988079071045e-01 -2.5539787020534277e-03 -3.8222523871809244e-03 -4.8224810510873795e-02 
2.5704710278660059e-03 9.9998933076858521e-01 4.0587401017546654e-03 4.0299411863088608e-02 
3.8145454600453377e-03 -4.0692775510251522e-03 9.9999260902404785e-01 6.9062955677509308e-02 
0.0000000000000000e+00 0.0000000000000000e+00 0.0000000000000000e+00 1.0000000000000000e+00 
Enterprise-clockwise/0028.pcd
9.9999886751174927e-01 -3.2075676135718822e-03 -4.0849843062460423e-03 -3.5438232123851776e-02 
3.2262285239994526e-03 9.9999153614044189e-01 4.4423663057386875e-03 3.7181410938501358e-02 
4.0664081461727619e-03 -4.4534830376505852e-03 9.9999034404754639e-01 5.3318422287702560e-02 
0.0000000000000000e+00 0.0000000000000000e+00 0.0000000000000000e+00 1.0000000000000000e+00 
Enterprise-clockwise/0029.pcd
1.0000101327896118e+00 -8.0153415910899639e-04 -3.8438185583800077e-03 -2.8388921171426773e-02 
8.2158489385619760e-04 1.0000011920928955e+00 4.8601659946143627e-03 4.6872701495885849e-02 
3.8426781538873911e-03 -4.8627830110490322e-03 9.9999165534973145e-01 3.0276754871010780e-02 
0.0000000000000000e+00 0.0000000000000000e+00 0.0000000000000000e+00 1.0000000000000000e+00 
Enterprise-clockwise/0030.pcd
9.9999696016311646e-01 -2.9007552657276392e-03 -4.3349107727408409e-03 -1.7760903574526310e-03 
2.9124959837645292e-03 9.9999779462814331e-01 2.7144034393131733e-03 6.1741888523101807e-02 
4.3282075785100460e-03 -2.7264591772109270e-03 9.9999141693115234e-01 7.3595270514488220e-02 
0.0000000000000000e+00 0.0000000000000000e+00 0.0000000000000000e+00 1.0000000000000000e+00 
Enterprise-clockwise/0031.pcd
9.9999815225601196e-01 -3.1944254878908396e-03 -3.4276286605745554e-03 -1.1649376712739468e-02 
3.1961598433554173e-03 9.9999713897705078e-01 2.7445712476037443e-04 5.8368802070617676e-02 
3.4276505466550589e-03 -2.8458671295084059e-04 9.9999952316284180e-01 5.6260544806718826e-02 
0.0000000000000000e+00 0.0000000000000000e+00 0.0000000000000000e+00 1.0000000000000000e+00 
Enterprise-clockwise/0032.pcd
1.0000013113021851e+00 -1.9768518395721912e-03 -3.0898253899067640e-03 6.3858646899461746e-03 
1.9773135427385569e-03 1.0000059604644775e+00 4.7863941290415823e-04 6.7781195044517517e-02 
3.0906172469258308e-03 -4.8366375267505646e-04 9.9999630451202393e-01 4.4470112770795822e-02 
0.0000000000000000e+00 0.0000000000000000e+00 0.0000000000000000e+00 1.0000000000000000e+00 
Enterprise-clockwise/0033.pcd
1.0000007152557373e+00 -2.9311426915228367e-03 -3.3891932107508183e-03 2.7376289945095778e-03 
2.9425548855215311e-03 9.9999600648880005e-01 3.3360742963850498e-03 6.0009405016899109e-02 
3.3813517075031996e-03 -3.3472832292318344e-03 9.9999254941940308e-01 1.6607996076345444e-02 
0.0000000000000000e+00 0.0000000000000000e+00 0.0000000000000000e+00 1.0000000000000000e+00 
Enterprise-clockwise/0034.pcd
9.9997860193252563e-01 -8.0711608752608299e-03 -1.1014561168849468e-03 -4.7035096213221550e-03 
8.0721555277705193e-03 9.9997532367706299e-01 3.0829751631245017e-04 4.4424612075090408e-02 
1.1006692657247186e-03 -3.1714906799606979e-04 1.0000052452087402e+00 2.0445384085178375e-02 
0.0000000000000000e+00 0.0000000000000000e+00 0.0000000000000000e+00 1.0000000000000000e+00 
Enterprise-clockwise/0035.pcd
9.9997574090957642e-01 -8.5169887170195580e-03 -8.9193077292293310e-04 -1.1577039025723934e-02 
8.5190935060381889e-03 9.9997156858444214e-01 1.9135760376229882e-03 4.2360354214906693e-02 
8.7781163165345788e-04 -1.9205417484045029e-03 9.9999833106994629e-01 8.4418971091508865e-03 
0.0000000000000000e+00 0.0000000000000000e+00 0.0000000000000000e+00 1.0000000000000000e+00 
Enterprise-clockwise/0036.pcd
9.9998104572296143e-01 -7.8563690185546875e-03 -6.8630801979452372e-04 -2.5322813540697098e-02 
7.8573329374194145e-03 9.9997788667678833e-01 5.2517117001116276e-04 7.2058670222759247e-02 
6.8410800304263830e-04 -5.2882602903991938e-04 1.0000022649765015e+00 8.5636628791689873e-03 
0.0000000000000000e+00 0.0000000000000000e+00 0.0000000000000000e+00 1.0000000000000000e+00 
Enterprise-clockwise/0037.pcd
9.9998342990875244e-01 -7.3360619135200977e-03 -9.5548969693481922e-04 -4.5488635078072548e-03 
7.3364265263080597e-03 9.9997884035110474e-01 1.7506422591395676e-04 6.8376667797565460e-02 
9.5385941676795483e-04 -1.8184573855251074e-04 1.0000021457672119e+00 9.9086947739124298e-03 
0.0000000000000000e+00 0.0000000000000000e+00 0.0000000000000000e+00 1.0000000000000000e+00 
Enterprise-clockwise/0038.pcd
9.9996232986450195e-01 -1.0202541947364807e-02 3.7029208033345640e-04 -7.7865691855549812e-03 
1.0202456265687943e-02 9.9995374679565430e-01 1.2868047924712300e-03 5.6286867707967758e-02 
-3.8190738996490836e-04 -1.2835577363148332e-03 1.0000052452087402e+00 8.2546183839440346e-03 
0.0000000000000000e+00 0.0000000000000000e+00 0.0000000000000000e+00 1.0000000000000000e+00 
Enterprise-clockwise/0039.pcd
9.9995434284210205e-01 -1.0465293191373348e-02 8.7241176515817642e-05 -2.3459641262888908e-02 
1.0466359555721283e-02 9.9995356798171997e-01 8.1665499601513147e-04 7.9084344208240509e-02 
-9.5290226454380900e-05 -8.1398501060903072e-04 1.0000025033950806e+00 5.9445891529321671e-03 
0.0000000000000000e+00 0.0000000000000000e+00 0.0000000000000000e+00 1.0000000000000000e+00 
Enterprise-clockwise/0040.pcd
9.9996113777160645e-01 -1.0129107162356377e-02 5.4368480050470680e-05 -1.5657337382435799e-02 
1.0130223818123341e-02 9.9995905160903931e-01 1.0114808101207018e-03 7.7231563627719879e-02 
-6.2557817727793008e-05 -1.0110214352607727e-03 1.0000056028366089e+00 6.1338869854807854e-03 
0.0000000000000000e+00 0.0000000000000000e+00 0.0000000000000000e+00 1.0000000000000000e+00 
Enterprise-clockwise/0041.pcd
9.9994814395904541e-01 -1.0511219501495361e-02 2.5602469686418772e-03 -2.0546976476907730e-02 
1.0511107742786407e-02 9.9994689226150513e-01 -7.8962446423247457e-05 9.2474430799484253e-02 
-2.5587987620383501e-03 1.0443646169733256e-04 1.0000083446502686e+00 1.6507081687450409e-02 
0.0000000000000000e+00 0.0000000000000000e+00 0.0000000000000000e+00 1.0000000000000000e+00 
Enterprise-clockwise/0042.pcd
9.9996119737625122e-01 -7.9841921105980873e-03 5.7150293141603470e-03 -4.5274928212165833e-02 
8.0018294975161552e-03 9.9996578693389893e-01 -3.1946667004376650e-03 1.2956582009792328e-01 
-5.6878132745623589e-03 3.2384365331381559e-03 9.9999076128005981e-01 2.0519480109214783e-02 
0.0000000000000000e+00 0.0000000000000000e+00 0.0000000000000000e+00 1.0000000000000000e+00 
Enterprise-clockwise/0043.pcd
9.9998730421066284e-01 -4.6932627446949482e-03 3.8965265266597271e-03 -5.8677483350038528e-02 
4.7079822979867458e-03 9.9998551607131958e-01 -3.8807326927781105e-03 1.7678909003734589e-01 
-3.8779473397880793e-03 3.8990026805549860e-03 9.9998784065246582e-01 1.2704587541520596e-02 
0.0000000000000000e+00 0.0000000000000000e+00 0.0000000000000000e+00 1.0000000000000000e+00 
Enterprise-clockwise/0044.pcd
9.9995070695877075e-01 -1.1233562603592873e-02 1.4792050933465362e-04 -2.5143632665276527e-02 
1.1233993805944920e-02 9.9994105100631714e-01 -2.3500544193666428e-04 9.8029799759387970e-02 
-1.4493739581666887e-04 2.3709026572760195e-04 1.0000056028366089e+00 -5.4873907938599586e-03 
0.0000000000000000e+00 0.0000000000000000e+00 0.0000000000000000e+00 1.0000000000000000e+00 
Enterprise-clockwise/0045.pcd
9.9989569187164307e-01 -1.5040248632431030e-02 1.9922018691431731e-04 -2.5872264057397842e-02 
1.5041681006550789e-02 9.9989122152328491e-01 4.6072975965216756e-04 8.4462165832519531e-02 
-2.0606351608876139e-04 -4.5868757297284901e-04 1.0000061988830566e+00 -3.8428471889346838e-03 
0.0000000000000000e+00 0.0000000000000000e+00 0.0000000000000000e+00 1.0000000000000000e+00 
Enterprise-clockwise/0046.pcd
9.9989694356918335e-01 -1.5213236212730408e-02 -1.8420642009004951e-03 -2.9948487877845764e-02 
1.5214309096336365e-02 9.9989080429077148e-01 -5.0758064026013017e-04 8.4881447255611420e-02 
1.8505143234506249e-03 4.7981177340261638e-04 1.0000064373016357e+00 1.4302477939054370e-03 
0.0000000000000000e+00 0.0000000000000000e+00 0.0000000000000000e+00 1.0000000000000000e+00 
Enterprise-clockwise/0047.pcd
9.9988961219787598e-01 -1.5152109786868095e-02 -2.5460466276854277e-03 -3.2851681113243103e-02 
1.5152314677834511e-02 9.9988710880279541e-01 -4.5053908252157271e-04 8.2727894186973572e-02 
2.5530830025672913e-03 4.1194685036316514e-04 1.0000009536743164e+00 4.2172246612608433e-03 
0.0000000000000000e+00 0.0000000000000000e+00 0.0000000000000000e+00 1.0000000000000000e+00 
Enterprise-clockwise/0048.pcd
9.9988251924514771e-01 -1.5402200631797314e-02 -4.9534398131072521e-03 -3.2415743917226791e-02 
1.5402313321828842e-02 9.9989259243011475e-01 -6.5087333496194333e-05 8.4750503301620483e-02 
4.9545061774551868e-03 -1.0331828889320605e-05 9.9999338388442993e-01 -6.9730067625641823e-03 
0.0000000000000000e+00 0.0000000000000000e+00 0.0000000000000000e+00 1.0000000000000000e+00 
Enterprise-clockwise/0049.pcd
9.9992406368255615e-01 -1.2819143012166023e-02 -3.7805349566042423e-03 -4.1554331779479980e-02 
1.2822269462049007e-02 9.9992406368255615e-01 5.3684762679040432e-04 1.2823206186294556e-01 
3.7749614566564560e-03 -5.8448436902835965e-04 1.0000015497207642e+00 8.0705415457487106e-03 
0.0000000000000000e+00 0.0000000000000000e+00 0.0000000000000000e+00 1.0000000000000000e+00 
Enterprise-clockwise/0050.pcd
9.9990653991699219e-01 -1.4260763302445412e-02 -2.2389574442058802e-03 -3.2655306160449982e-02 
1.4251220040023327e-02 9.9989867210388184e-01 -4.3442542664706707e-03 1.3143220543861389e-01 
2.3008596617728472e-03 4.3122209608554840e-03 9.9999392032623291e-01 1.5114010311663151e-02 
0.0000000000000000e+00 0.0000000000000000e+00 0.0000000000000000e+00 1.0000000000000000e+00 
Enterprise-clockwise/0051.pcd
9.9999082088470459e-01 -6.8604182451963425e-03 1.7469674639869481e-04 -4.2338512837886810e-02 
6.8610487505793571e-03 9.9998646974563599e-01 -2.4551765527576208e-03 1.7356780171394348e-01 
-1.5655101742595434e-04 2.4561621248722076e-03 1.0000100135803223e+00 1.7289161682128906e-02 
0.0000000000000000e+00 0.0000000000000000e+00 0.0000000000000000e+00 1.0000000000000000e+00 
Enterprise-clockwise/0052.pcd
9.9998635053634644e-01 -6.9835148751735687e-03 2.2799219004809856e-04 -2.8729768469929695e-02 
6.9848359562456608e-03 9.9996995925903320e-01 -4.8562879674136639e-03 1.6422544419765472e-01 
-1.9261837587691844e-04 4.8586344346404076e-03 9.9999409914016724e-01 9.5814848318696022e-03 
0.0000000000000000e+00 0.0000000000000000e+00 0.0000000000000000e+00 1.0000000000000000e+00 
Enterprise-clockwise/0053.pcd
9.9999928474426270e-01 -4.2767249979078770e-03 1.6763287130743265e-03 -4.9564290791749954e-02 
4.2802873067557812e-03 9.9999505281448364e-01 -2.5266397278755903e-03 1.9499315321445465e-01 
-1.6650975449010730e-03 2.5343087036162615e-03 1.0000020265579224e+00 2.1484075114130974e-02 
0.0000000000000000e+00 0.0000000000000000e+00 0.0000000000000000e+00 1.0000000000000000e+00 
Enterprise-clockwise/0054.pcd
9.9990546703338623e-01 -1.4265263453125954e-02 -8.3610910223796964e-04 -3.3960524946451187e-02 
1.4263045974075794e-02 9.9990141391754150e-01 -2.8013326227664948e-03 1.3115932047367096e-01 
8.8059122208505869e-04 2.7894768863916397e-03 9.9999964237213135e-01 1.3632264919579029e-02 
0.0000000000000000e+00 0.0000000000000000e+00 0.0000000000000000e+00 1.0000000000000000e+00 
Enterprise-clockwise/0055.pcd
9.9999231100082397e-01 -5.8237537741661072e-03 -5.1903608255088329e-04 -4.2000640183687210e-02 
5.8205039240419865e-03 9.9996888637542725e-01 -6.2518138438463211e-03 2.7889871597290039e-01 
5.5788469035178423e-04 6.2499279156327248e-03 9.9998617172241211e-01 3.3601310104131699e-02 
0.0000000000000000e+00 0.0000000000000000e+00 0.0000000000000000e+00 1.0000000000000000e+00 
Enterprise-clockwise/0056.pcd
9.9987548589706421e-01 -1.6432026401162148e-02 -5.8707897551357746e-04 -5.5112466216087341e-02 
1.6430420801043510e-02 9.9986785650253296e-01 -2.5049585383385420e-03 1.5888765454292297e-01 
6.2815344426780939e-04 2.4956446141004562e-03 1.0000020265579224e+00 7.1072140708565712e-03 
0.0000000000000000e+00 0.0000000000000000e+00 0.0000000000000000e+00 1.0000000000000000e+00 
Enterprise-clockwise/0057.pcd
9.9983608722686768e-01 -1.8516192212700844e-02 -7.2362716309726238e-04 -3.1538043171167374e-02 
1.8513342365622520e-02 9.9984270334243774e-01 -1.2217297917231917e-03 1.0549244284629822e-01 
7.4721052078530192e-04 1.2086250353604555e-03 1.0000042915344238e+00 1.3646441511809826e-02 
0.0000000000000000e+00 0.0000000000000000e+00 0.0000000000000000e+00 1.0000000000000000e+00 
Enterprise-clockwise/0058.pcd
9.9991887807846069e-01 -8.8569819927215576e-03 9.1530140489339828e-03 1.3868734836578369e+00 
9.0204011648893356e-03 9.9980491399765015e-01 -1.7495352774858475e-02 -2.4166979789733887e+00 
-8.9958980679512024e-03 1.7575727775692940e-02 9.9980175495147705e-01 -1.7384068965911865e+00 
0.0000000000000000e+00 0.0000000000000000e+00 0.0000000000000000e+00 1.0000000000000000e+00 
Enterprise-clockwise/0059.pcd
9.9984973669052124e-01 -1.7581457272171974e-02 4.7524587716907263e-04 1.0183681249618530e+00 
1.7579024657607079e-02 9.9983263015747070e-01 5.3437044844031334e-03 -2.9612212181091309e+00 
-5.6906213285401464e-04 -5.3343521431088448e-03 9.9998891353607178e-01 -2.4095752835273743e-01 
0.0000000000000000e+00 0.0000000000000000e+00 0.0000000000000000e+00 1.0000000000000000e+00 
Enterprise-clockwise/0060.pcd
9.9994361400604248e-01 1.7093586502596736e-03 -1.0882713831961155e-02 1.0890148878097534e+00 
-1.5122140757739544e-03 9.9983853101730347e-01 1.8105534836649895e-02 -3.3364408016204834e+00 
1.0911683551967144e-02 -1.8088005483150482e-02 9.9978095293045044e-01 -4.1377704590559006e-02 
0.0000000000000000e+00 0.0000000000000000e+00 0.0000000000000000e+00 1.0000000000000000e+00 
Enterprise-clockwise/0061.pcd
9.9990588426589966e-01 5.2716098725795746e-03 -1.2914333492517471e-02 1.2362017631530762e+00 
-5.3490488789975643e-03 9.9996954202651978e-01 -5.9900777414441109e-03 -3.9184529781341553e+00 
1.2882351875305176e-02 6.0585713945329189e-03 9.9990242719650269e-01 -1.4099158346652985e-02 
0.0000000000000000e+00 0.0000000000000000e+00 0.0000000000000000e+00 1.0000000000000000e+00 
Enterprise-clockwise/0062.pcd
1.0000048875808716e+00 4.1943751275539398e-03 1.6412866534665227e-03 1.4872244596481323e+00 
-4.1767088696360588e-03 9.9997437000274658e-01 -6.4406259916722775e-03 -3.1850318908691406e+00 
-1.6682564746588469e-03 6.4328107982873917e-03 9.9999386072158813e-01 -2.8704592585563660e-01 
0.0000000000000000e+00 0.0000000000000000e+00 0.0000000000000000e+00 1.0000000000000000e+00 
Enterprise-clockwise/0063.pcd
9.9978828430175781e-01 -1.5376799739897251e-02 1.3455746695399284e-02 1.2137888669967651e+00 
1.6016520559787750e-02 9.9867153167724609e-01 -4.9076113849878311e-02 -2.5058188438415527e+00 
-1.2682418338954449e-02 4.9282327294349670e-02 9.9870270490646362e-01 -1.1478945016860962e+00 
0.0000000000000000e+00 0.0000000000000000e+00 0.0000000000000000e+00 1.0000000000000000e+00 
Enterprise-clockwise/0064.pcd
9.9977314472198486e-01 -1.8893247470259666e-02 1.0535420849919319e-02 1.2563477754592896e+00 
1.9481265917420387e-02 9.9808526039123535e-01 -5.8761000633239746e-02 -2.7531719207763672e+00 
-9.4042476266622543e-03 5.8953266590833664e-02 9.9822098016738892e-01 -1.1224744319915771e+00 
0.0000000000000000e+00 0.0000000000000000e+00 0.0000000000000000e+00 1.0000000000000000e+00 
Enterprise-clockwise/0065.pcd
9.9991261959075928e-01 -1.2736940756440163e-02 5.1039643585681915e-03 1.3083032369613647e+00 
1.2843860313296318e-02 9.9969238042831421e-01 -2.1371608600020409e-02 -3.5540583133697510e+00 
-4.8285988159477711e-03 2.1435156464576721e-02 9.9976229667663574e-01 -5.1171970367431641e-01 
0.0000000000000000e+00 0.0000000000000000e+00 0.0000000000000000e+00 1.0000000000000000e+00 
Enterprise-clockwise/0066.pcd
9.9994486570358276e-01 -1.0796265676617622e-02 2.1534780971705914e-03 1.2164863348007202e+00 
1.0806960053741932e-02 9.9993449449539185e-01 -5.2491198293864727e-03 -3.6137075424194336e+00 
-2.0956287626177073e-03 5.2722794935107231e-03 9.9998670816421509e-01 -4.9153119325637817e-01 
0.0000000000000000e+00 0.0000000000000000e+00 0.0000000000000000e+00 1.0000000000000000e+00 
Enterprise-clockwise/0067.pcd
9.9991679191589355e-01 -1.3289761729538441e-02 4.1479110950604081e-04 1.2266379594802856e+00 
1.3295978307723999e-02 9.9942195415496826e-01 -3.1488601118326187e-02 -3.4590029716491699e+00 
4.1823950596153736e-06 3.1491525471210480e-02 9.9950790405273438e-01 -3.6286318302154541e-01 
0.0000000000000000e+00 0.0000000000000000e+00 0.0000000000000000e+00 1.0000000000000000e+00 
Enterprise-clockwise/0068.pcd
9.9999439716339111e-01 -4.4116559438407421e-03 -4.3107365490868688e-04 1.1118633747100830e+00 
4.4089490547776222e-03 9.9998235702514648e-01 -5.4180645383894444e-03 -3.7229123115539551e+00 
4.5444603892974555e-04 5.4161199368536472e-03 9.9998825788497925e-01 -4.0422841906547546e-01 
0.0000000000000000e+00 0.0000000000000000e+00 0.0000000000000000e+00 1.0000000000000000e+00 
Enterprise-clockwise/0069.pcd
1.0000000000000000e+00 0.0000000000000000e+00 0.0000000000000000e+00 1.3985898494720459e+00 
0.0000000000000000e+00 1.0000000000000000e+00 0.0000000000000000e+00 8.6961370706558228e-01 
0.0000000000000000e+00 0.0000000000000000e+00 1.0000000000000000e+00 2.9935026168823242e+00 
0.0000000000000000e+00 0.0000000000000000e+00 0.0000000000000000e+00 1.0000000000000000e+00 
Enterprise-clockwise/0070.pcd
9.9478036165237427e-01 4.3808683753013611e-02 9.2270895838737488e-02 1.5446068048477173e+00 
4.8769801855087280e-02 -9.9744808673858643e-01 -5.2212245762348175e-02 -1.3753791809082031e+01 
-8.9747913181781769e-02 -5.6438364088535309e-02 9.9436831474304199e-01 -2.4014453887939453e+00 
0.0000000000000000e+00 0.0000000000000000e+00 0.0000000000000000e+00 1.0000000000000000e+00 
Enterprise-clockwise/0071.pcd
9.9953609704971313e-01 -1.8908927217125893e-02 2.3946175351738930e-02 1.0243139266967773e+00 
1.8737399950623512e-02 9.9980247020721436e-01 7.3391161859035492e-03 -7.8678704798221588e-02 
-2.4080120027065277e-02 -6.8868976086378098e-03 9.9968802928924561e-01 1.5985013246536255e+00 
0.0000000000000000e+00 0.0000000000000000e+00 0.0000000000000000e+00 1.0000000000000000e+00 
Enterprise-clockwise/0072.pcd
9.9997198581695557e-01 -4.8031029291450977e-04 -6.4872577786445618e-03 1.0529364347457886e+00 
7.1074982406571507e-04 9.9936217069625854e-01 3.5275217145681381e-02 -1.2106549739837646e+00 
6.4664660021662712e-03 -3.5280190408229828e-02 9.9935376644134521e-01 3.0187919139862061e+00 
0.0000000000000000e+00 0.0000000000000000e+00 0.0000000000000000e+00 1.0000000000000000e+00 
Enterprise-clockwise/0073.pcd
9.9970352649688721e-01 6.5702041611075401e-03 2.3536808788776398e-02 1.3432379961013794e+00 
-6.0503361746668816e-03 9.9974179267883301e-01 -2.2152382880449295e-02 -1.5386722087860107e+00 
-2.3675963282585144e-02 2.2007001563906670e-02 9.9948322772979736e-01 1.8604643344879150e+00 
0.0000000000000000e+00 0.0000000000000000e+00 0.0000000000000000e+00 1.0000000000000000e+00 
Enterprise-clockwise/0074.pcd
9.9519193172454834e-01 4.7384873032569885e-02 8.5896193981170654e-02 8.0422651767730713e-01 
-4.8727490007877350e-02 9.9872815608978271e-01 1.3654091395437717e-02 -3.5723707675933838e+00 
-8.5140310227870941e-02 -1.7774321138858795e-02 9.9621778726577759e-01 -1.7844836711883545e+00 
0.0000000000000000e+00 0.0000000000000000e+00 0.0000000000000000e+00 1.0000000000000000e+00 
Enterprise-clockwise/0075.pcd
9.9992966651916504e-01 -1.2141464278101921e-02 -1.0182894038734958e-04 -1.9566260278224945e-02 
1.2140689417719841e-02 9.9989455938339233e-01 -8.6447624489665031e-03 9.1348327696323395e-02 
2.0658822904806584e-04 8.6424034088850021e-03 9.9997037649154663e-01 6.5032921731472015e-02 
0.0000000000000000e+00 0.0000000000000000e+00 0.0000000000000000e+00 1.0000000000000000e+00 
Enterprise-clockwise/0076.pcd
9.9999088048934937e-01 -5.5150850676000118e-03 -2.7088508941233158e-03 2.5988500565290451e-02 
5.5069718509912491e-03 9.9998742341995239e-01 -3.6458142567425966e-03 2.2429611533880234e-02 
2.7291572187095881e-03 3.6303412634879351e-03 9.9999499320983887e-01 4.4802385568618774e-01 
0.0000000000000000e+00 0.0000000000000000e+00 0.0000000000000000e+00 1.0000000000000000e+00 
Enterprise-clockwise/0077.pcd
9.9992966651916504e-01 -1.2975730933248997e-02 4.3362812721170485e-04 -3.2949242740869522e-02 
1.2977877631783485e-02 9.9992865324020386e-01 -1.9224394345656037e-03 1.6387179493904114e-01 
-4.1401694761589170e-04 1.9278574036434293e-03 1.0000094175338745e+00 8.9317802339792252e-03 
0.0000000000000000e+00 0.0000000000000000e+00 0.0000000000000000e+00 1.0000000000000000e+00 
Enterprise-clockwise/0078.pcd
9.9994641542434692e-01 -1.1443767696619034e-02 -1.2034858809784055e-03 -2.4459471926093102e-02 
1.1440502479672432e-02 9.9993097782135010e-01 -5.3915376774966717e-03 1.1949204653501511e-01 
1.2660557404160500e-03 5.3785089403390884e-03 9.9999195337295532e-01 7.2887972928583622e-03 
0.0000000000000000e+00 0.0000000000000000e+00 0.0000000000000000e+00 1.0000000000000000e+00 
Enterprise-clockwise/0079.pcd
9.9998968839645386e-01 -5.8847162872552872e-03 2.1574543789029121e-03 -9.6494659781455994e-02 
5.8919168077409267e-03 9.9998199939727783e-01 -2.1205353550612926e-03 -2.7550357580184937e-01 
-2.1438754629343748e-03 2.1333121694624424e-03 9.9999886751174927e-01 3.3530375361442566e-01 
0.0000000000000000e+00 0.0000000000000000e+00 0.0000000000000000e+00 1.0000000000000000e+00 
Enterprise-clockwise/0080.pcd
9.9989795684814453e-01 -1.0680259205400944e-02 -1.1590630747377872e-02 4.4477380812168121e-02 
1.0662845335900784e-02 9.9995487928390503e-01 -2.2722119465470314e-03 1.2089323252439499e-01 
1.1614079587161541e-02 2.1475695539265871e-03 9.9993681907653809e-01 3.6407080292701721e-01 
0.0000000000000000e+00 0.0000000000000000e+00 0.0000000000000000e+00 1.0000000000000000e+00 
Enterprise-clockwise/0081.pcd
9.9994695186614990e-01 -1.0862281545996666e-02 -1.0622366098687053e-03 -3.0689429491758347e-02 
1.0859789326786995e-02 9.9994051456451416e-01 -3.1849311199039221e-03 1.5504252910614014e-01 
1.0972128948196769e-03 3.1734816730022430e-03 9.9999886751174927e-01 1.7539986968040466e-01 
0.0000000000000000e+00 0.0000000000000000e+00 0.0000000000000000e+00 1.0000000000000000e+00 
Enterprise-clockwise/0082.pcd
9.9992030858993530e-01 -1.0725194588303566e-02 -7.8117633238434792e-03 1.5671230852603912e-02 
1.0673579759895802e-02 9.9992585182189941e-01 -6.8105347454547882e-03 1.2443760037422180e-01 
7.8826276585459709e-03 6.7281438969075680e-03 9.9995005130767822e-01 5.1756650209426880e-01 
0.0000000000000000e+00 0.0000000000000000e+00 0.0000000000000000e+00 1.0000000000000000e+00 
Enterprise-clockwise/0083.pcd
9.9994003772735596e-01 -8.9607685804367065e-03 -7.8244768083095551e-03 2.5262139737606049e-02 
8.9190239086747169e-03 9.9994993209838867e-01 -5.7284804061055183e-03 3.2348986715078354e-02 
7.8756678849458694e-03 5.6558158248662949e-03 9.9996244907379150e-01 7.0584434270858765e-01 
0.0000000000000000e+00 0.0000000000000000e+00 0.0000000000000000e+00 1.0000000000000000e+00 
Enterprise-clockwise/0084.pcd
9.9998950958251953e-01 -5.7909195311367512e-03 -3.9232182316482067e-03 1.7201928421854973e-02 
5.7515180669724941e-03 9.9993818998336792e-01 -1.0324277915060520e-02 -4.1813988238573074e-02 
3.9831786416471004e-03 1.0299359448254108e-02 9.9995064735412598e-01 9.4775199890136719e-01 
0.0000000000000000e+00 0.0000000000000000e+00 0.0000000000000000e+00 1.0000000000000000e+00 
Enterprise-clockwise/0085.pcd
9.9993258714675903e-01 -1.1986596509814262e-02 -3.4611530136317015e-03 -2.4907518178224564e-02 
1.1949575506150723e-02 9.9987590312957764e-01 -1.0682798922061920e-02 2.7470949292182922e-01 
3.5883663222193718e-03 1.0640170425176620e-02 9.9994343519210815e-01 1.0299736633896828e-02 
0.0000000000000000e+00 0.0000000000000000e+00 0.0000000000000000e+00 1.0000000000000000e+00 
Enterprise-clockwise/0086.pcd
9.9996632337570190e-01 -9.5168529078364372e-03 -2.9422147199511528e-03 -6.7021865397691727e-03 
9.4977216795086861e-03 9.9993878602981567e-01 -7.4092261493206024e-03 1.8506892025470734e-01 
3.0132969841361046e-03 7.3849400505423546e-03 9.9997150897979736e-01 1.6220748424530029e-02 
0.0000000000000000e+00 0.0000000000000000e+00 0.0000000000000000e+00 1.0000000000000000e+00 
Enterprise-clockwise/0087.pcd
9.9995124340057373e-01 -1.0408013127744198e-02 -2.2815621923655272e-04 -2.3455297574400902e-02 
1.0406918823719025e-02 9.9993371963500977e-01 -6.2212175689637661e-03 1.7656327784061432e-01 
2.9133542557246983e-04 6.2195477075874805e-03 9.9998694658279419e-01 7.1429032832384109e-03 
0.0000000000000000e+00 0.0000000000000000e+00 0.0000000000000000e+00 1.0000000000000000e+00 
Enterprise-clockwise/0088.pcd
9.9996161460876465e-01 -9.8010813817381859e-03 2.4166441289708018e-04 -2.4646395817399025e-02 
9.8033193498849869e-03 9.9995964765548706e-01 -2.2294644732028246e-03 1.6720560193061829e-01 
-2.2364946198649704e-04 2.2315585520118475e-03 1.0000063180923462e+00 -5.6468793191015720e-03 
0.0000000000000000e+00 0.0000000000000000e+00 0.0000000000000000e+00 1.0000000000000000e+00 
Enterprise-clockwise/0089.pcd
1.0000040531158447e+00 8.4229395724833012e-04 3.1653738114982843e-03 -1.1717566847801208e-01 
-8.3199451910331845e-04 9.9999213218688965e-01 -4.9960426986217499e-03 1.8225446343421936e-02 
-3.1702890992164612e-03 4.9925167113542557e-03 9.9999415874481201e-01 2.8132018446922302e-01 
0.0000000000000000e+00 0.0000000000000000e+00 0.0000000000000000e+00 1.0000000000000000e+00 
Enterprise-clockwise/0090.pcd
9.9999153614044189e-01 -1.5810497570782900e-03 -5.8853146620094776e-03 -1.1716440785676241e-03 
1.5746395802125335e-03 1.0000044107437134e+00 -1.4044563286006451e-03 8.2931838929653168e-02 
5.8867246843874454e-03 1.3968428829684854e-03 9.9998921155929565e-01 6.4163357019424438e-02 
0.0000000000000000e+00 0.0000000000000000e+00 0.0000000000000000e+00 1.0000000000000000e+00 
Enterprise-clockwise/0091.pcd
9.9999785423278809e-01 -2.4794684723019600e-03 -4.6817869879305363e-03 -4.5274943113327026e-02 
2.4769660085439682e-03 1.0000039339065552e+00 -8.2076573744416237e-04 1.0464924573898315e-01 
4.6827341429889202e-03 8.1160845002159476e-04 9.9999314546585083e-01 1.2641118839383125e-02 
0.0000000000000000e+00 0.0000000000000000e+00 0.0000000000000000e+00 1.0000000000000000e+00 
Enterprise-clockwise/0092.pcd
1.0000030994415283e+00 -2.6395723689347506e-03 -2.0672874525189400e-03 -3.0187550932168961e-02 
2.6260791346430779e-03 9.9998390674591064e-01 -6.6406037658452988e-03 1.4163954555988312e-01 
2.0825257524847984e-03 6.6350805573165417e-03 9.9998271465301514e-01 6.8370271474123001e-03 
0.0000000000000000e+00 0.0000000000000000e+00 0.0000000000000000e+00 1.0000000000000000e+00 
Enterprise-clockwise/0093.pcd
9.9998778104782104e-01 -3.1462009064853191e-03 -5.9148911386728287e-03 5.9615392237901688e-02 
3.1383791938424110e-03 1.0000013113021851e+00 -1.3465130468830466e-03 1.8453523516654968e-01 
5.9198392555117607e-03 1.3287158217281103e-03 9.9999123811721802e-01 1.6004877164959908e-02 
0.0000000000000000e+00 0.0000000000000000e+00 0.0000000000000000e+00 1.0000000000000000e+00 
Enterprise-clockwise/0094.pcd
9.9999797344207764e-01 1.1116034584119916e-03 -5.7696383446455002e-03 2.3023992776870728e-02 
-1.1292351409792900e-03 1.0000070333480835e+00 -3.2374663278460503e-03 1.4812931418418884e-01 
5.7634566910564899e-03 3.2446675468236208e-03 9.9998968839645386e-01 2.6770088821649551e-02 
0.0000000000000000e+00 0.0000000000000000e+00 0.0000000000000000e+00 1.0000000000000000e+00 
Enterprise-clockwise/0095.pcd
9.9763631820678711e-01 3.3164692576974630e-03 -6.8735525012016296e-02 -2.3527666926383972e-01 
-3.4548314288258553e-03 9.9999701976776123e-01 -1.9169908482581377e-03 1.5735469758510590e-01 
6.8727880716323853e-02 2.1484997123479843e-03 9.9763804674148560e-01 4.1190195083618164e-01 
0.0000000000000000e+00 0.0000000000000000e+00 0.0000000000000000e+00 1.0000000000000000e+00 
Enterprise-clockwise/0096.pcd
9.8812919855117798e-01 -1.5514508504566038e-06 -1.5366719663143158e-01 -8.1512331962585449e-01 
-1.5121909976005554e-01 -1.7775937914848328e-01 -9.7239232063293457e-01 -2.7302215099334717e+00 
-2.7313835918903351e-02 9.8408043384552002e-01 -1.7564831674098969e-01 -7.8265160322189331e-02 
0.0000000000000000e+00 0.0000000000000000e+00 0.0000000000000000e+00 1.0000000000000000e+00 
Enterprise-clockwise/0097.pcd
9.9978035688400269e-01 -2.0132860168814659e-02 6.7039122804999352e-03 -1.3089801073074341e+00 
2.0258041098713875e-02 9.9962437152862549e-01 -1.9109323620796204e-02 -1.6184421777725220e+00 
-6.3161989673972130e-03 1.9240872934460640e-02 9.9979996681213379e-01 -2.0219121128320694e-02 
0.0000000000000000e+00 0.0000000000000000e+00 0.0000000000000000e+00 1.0000000000000000e+00 
Enterprise-clockwise/0098.pcd
9.9987411499023438e-01 -8.6690206080675125e-03 -1.3745196163654327e-02 -1.0714575052261353e+00 
