Enterprise-clockwise/0000.pcd
3.9410674571990967e-01 -3.8006556034088135e-01 -8.3679741621017456e-01 0.0000000000000000e+00 
8.4108412265777588e-01 5.1617389917373657e-01 1.6168436408042908e-01 0.0000000000000000e+00 
3.7048238515853882e-01 -7.6753795146942139e-01 5.2309477329254150e-01 0.0000000000000000e+00 
0.0000000000000000e+00 0.0000000000000000e+00 0.0000000000000000e+00 1.0000000000000000e+00 
Enterprise-clockwise/0001.pcd
7.9009860754013062e-01 -8.9231133460998535e-02 -6.0648846626281738e-01 2.7571817860007286e-02 
-2.5958383083343506e-01 8.4757775068283081e-01 -4.6287494897842407e-01 -2.1221552044153214e-02 
5.5532729625701904e-01 5.2312743663787842e-01 6.4647549390792847e-01 8.2798139192163944e-04 
0.0000000000000000e+00 0.0000000000000000e+00 0.0000000000000000e+00 1.0000000000000000e+00 
Enterprise-clockwise/0002.pcd
6.4849108457565308e-01 -2.8133738040924072e-01 -7.0736104249954224e-01 5.3569268435239792e-02 
8.8167756795883179e-02 9.5073574781417847e-01 -2.9730260372161865e-01 -8.0081038177013397e-02 
7.5613564252853394e-01 1.3042502105236053e-01 6.4131361246109009e-01 4.5839730650186539e-02 
0.0000000000000000e+00 0.0000000000000000e+00 0.0000000000000000e+00 1.0000000000000000e+00 
Enterprise-clockwise/0003.pcd
5.1577621698379517e-01 -8.2449072599411011e-01 -2.3281373083591461e-01 -1.2451767921447754e-02 
-1.1360791325569153e-01 -3.3517307043075562e-01 9.3528687953948975e-01 -1.3723273761570454e-02 
-8.4678792953491211e-01 -4.5973047614097595e-01 -2.6763415336608887e-01 -3.7166506052017212e-02 
0.0000000000000000e+00 0.0000000000000000e+00 0.0000000000000000e+00 1.0000000000000000e+00 
Enterprise-clockwise/0004.pcd
3.0832982063293457e-01 9.4876682758331299e-01 6.9158241152763367e-02 3.5542916506528854e-02 
-3.3949556946754456e-01 1.7766165733337402e-01 -9.2367553710937500e-01 -1.1803620494902134e-02 
-8.8863581418991089e-01 2.6132088899612427e-01 3.7688410282135010e-01 2.7060413733124733e-02 
0.0000000000000000e+00 0.0000000000000000e+00 0.0000000000000000e+00 1.0000000000000000e+00 
Enterprise-clockwise/0005.pcd
3.9221203327178955e-01 -3.7678918242454529e-01 -8.3918178081512451e-01 3.1409103423357010e-02 
8.9617747068405151e-01 3.6231303215026855e-01 2.5617292523384094e-01 -7.2298380546271801e-03 
2.0751349627971649e-01 -8.5252165794372559e-01 4.7977304458618164e-01 3.3684678375720978e-02 
0.0000000000000000e+00 0.0000000000000000e+00 0.0000000000000000e+00 1.0000000000000000e+00 
Enterprise-clockwise/0006.pcd
-4.1168308258056641e-01 6.7613989114761353e-01 6.1102473735809326e-01 -1.3600035570561886e-02 
-2.3948870599269867e-01 5.6664657592773438e-01 -7.8839540481567383e-01 -1.3888690620660782e-02 
-8.7877440452575684e-01 -4.7176262736320496e-01 -7.2135873138904572e-02 -9.0353107079863548e-03 
0.0000000000000000e+00 0.0000000000000000e+00 0.0000000000000000e+00 1.0000000000000000e+00 
Enterprise-clockwise/0007.pcd
5.6113165616989136e-01 -7.2924387454986572e-01 -3.9158549904823303e-01 8.1174664199352264e-02 
1.1191356182098389e-01 -4.0189656615257263e-01 9.0881729125976562e-01 -9.0720050036907196e-02 
-8.2012814283370972e-01 -5.5379951000213623e-01 -1.4389720559120178e-01 6.4187891781330109e-02 
0.0000000000000000e+00 0.0000000000000000e+00 0.0000000000000000e+00 1.0000000000000000e+00 
Enterprise-clockwise/0008.pcd
5.8287996053695679e-01 -3.2828491926193237e-01 -7.4330383539199829e-01 7.6299853622913361e-02 
2.4836835265159607e-01 9.4296091794967651e-01 -2.2170293331146240e-01 -5.2385833114385605e-02 
7.7368944883346558e-01 -5.5393531918525696e-02 6.3117140531539917e-01 6.1252411454916000e-02 
0.0000000000000000e+00 0.0000000000000000e+00 0.0000000000000000e+00 1.0000000000000000e+00 
Enterprise-clockwise/0009.pcd
8.2399618625640869e-01 -1.1708355741575360e-03 -5.6659847497940063e-01 6.3891202211380005e-02 
-3.5418409109115601e-01 7.7949076890945435e-01 -5.1669156551361084e-01 -2.7211023494601250e-02 
4.4225803017616272e-01 6.2642723321914673e-01 6.4188069105148315e-01 4.2430654168128967e-02 
0.0000000000000000e+00 0.0000000000000000e+00 0.0000000000000000e+00 1.0000000000000000e+00 
Enterprise-clockwise/0010.pcd
7.6180529594421387e-01 -1.4247094094753265e-01 -6.3192486763000488e-01 5.7592377066612244e-02 
-1.8864139914512634e-01 8.8442558050155640e-01 -4.2681086063385010e-01 -7.1348492056131363e-03 
6.1971145868301392e-01 4.4435766339302063e-01 6.4689981937408447e-01 2.0591052249073982e-02 
0.0000000000000000e+00 0.0000000000000000e+00 0.0000000000000000e+00 1.0000000000000000e+00 
Enterprise-clockwise/0011.pcd
5.8110958337783813e-01 -3.3037370443344116e-01 -7.4378478527069092e-01 5.6058626621961594e-02 
2.5412940979003906e-01 9.4188272953033447e-01 -2.1981538832187653e-01 -1.1980722658336163e-02 
7.7315807342529297e-01 -6.1279553920030594e-02 6.3127577304840088e-01 2.2121749818325043e-02 
0.0000000000000000e+00 0.0000000000000000e+00 0.0000000000000000e+00 1.0000000000000000e+00 
Enterprise-clockwise/0012.pcd
5.5832403898239136e-01 -7.3595494031906128e-01 -3.8297268748283386e-01 6.7775391042232513e-02 
1.0095329582691193e-01 -3.9791986346244812e-01 9.1184508800506592e-01 -4.0034390985965729e-03 
-8.2346916198730469e-01 -5.4776841402053833e-01 -1.4787545800209045e-01 2.0655967295169830e-02 
0.0000000000000000e+00 0.0000000000000000e+00 0.0000000000000000e+00 1.0000000000000000e+00 
Enterprise-clockwise/0013.pcd
6.0500317811965942e-01 7.8284907341003418e-01 -1.4541888236999512e-01 6.6855095326900482e-02 
-4.7563582658767700e-01 2.0885378122329712e-01 -8.5451275110244751e-01 -1.4321288093924522e-02 
-6.3758820295333862e-01 5.8740437030792236e-01 4.9845713376998901e-01 3.3364254981279373e-02 
0.0000000000000000e+00 0.0000000000000000e+00 0.0000000000000000e+00 1.0000000000000000e+00 
Enterprise-clockwise/0014.pcd
2.1000993251800537e-01 -9.3610501289367676e-01 2.8214228153228760e-01 9.4666026532649994e-02 
-6.1928856372833252e-01 9.5946863293647766e-02 7.7928823232650757e-01 -5.3625013679265976e-03 
-7.5657576322555542e-01 -3.3838263154029846e-01 -5.5957531929016113e-01 4.5859467238187790e-02 
0.0000000000000000e+00 0.0000000000000000e+00 0.0000000000000000e+00 1.0000000000000000e+00 
Enterprise-clockwise/0015.pcd
6.1153995990753174e-01 -3.1010803580284119e-01 -7.2794574499130249e-01 6.8565458059310913e-02 
1.7757697403430939e-01 9.5035201311111450e-01 -2.5566795468330383e-01 1.1323161888867617e-03 
7.7104526758193970e-01 2.7093021199107170e-02 6.3620418310165405e-01 3.2694552093744278e-02 
0.0000000000000000e+00 0.0000000000000000e+00 0.0000000000000000e+00 1.0000000000000000e+00 
Enterprise-clockwise/0016.pcd
6.1586934328079224e-01 -3.0546632409095764e-01 -7.2626519203186035e-01 8.4535636007785797e-02 
1.6312268376350403e-01 9.5126533508300781e-01 -2.6177883148193359e-01 -1.8168957903981209e-02 
7.7081328630447388e-01 4.2748268693685532e-02 6.3565188646316528e-01 9.2395603656768799e-02 
0.0000000000000000e+00 0.0000000000000000e+00 0.0000000000000000e+00 1.0000000000000000e+00 
Enterprise-clockwise/0017.pcd
7.5043886899948120e-01 6.0091066360473633e-01 -2.7523308992385864e-01 8.2401670515537262e-02 
-5.3879171609878540e-01 3.1497076153755188e-01 -7.8136312961578369e-01 -1.0884991288185120e-01 
-3.8283807039260864e-01 7.3465514183044434e-01 5.6012982130050659e-01 6.3428252935409546e-02 
0.0000000000000000e+00 0.0000000000000000e+00 0.0000000000000000e+00 1.0000000000000000e+00 
Enterprise-clockwise/0018.pcd
3.9447790384292603e-01 -3.7971788644790649e-01 -8.3678561449050903e-01 4.4044811278581619e-02 
8.3813297748565674e-01 5.2201646566390991e-01 1.5823180973529816e-01 -1.0387400398030877e-03 
3.7673115730285645e-01 -7.6375252008438110e-01 5.2417296171188354e-01 1.4951991848647594e-02 
0.0000000000000000e+00 0.0000000000000000e+00 0.0000000000000000e+00 1.0000000000000000e+00 
Enterprise-clockwise/0019.pcd
-5.1047152280807495e-01 4.7424256801605225e-01 7.1731424331665039e-01 7.4070997536182404e-02 
-3.0563929677009583e-01 6.7965239286422729e-01 -6.6684561967849731e-01 -3.5967379808425903e-02 
-8.0376148223876953e-01 -5.5964654684066772e-01 -2.0198781788349152e-01 7.3479667305946350e-02 
0.0000000000000000e+00 0.0000000000000000e+00 0.0000000000000000e+00 1.0000000000000000e+00 
Enterprise-clockwise/0020.pcd
7.1468669176101685e-01 -2.1059855818748474e-01 -6.6698741912841797e-01 6.7118354141712189e-02 
-7.5447119772434235e-02 9.2482644319534302e-01 -3.7284848093986511e-01 1.3775514438748360e-02 
6.9536036252975464e-01 3.1679558753967285e-01 6.4506280422210693e-01 7.2027884423732758e-02 
0.0000000000000000e+00 0.0000000000000000e+00 0.0000000000000000e+00 1.0000000000000000e+00 
Enterprise-clockwise/0021.pcd
7.3840755224227905e-01 -1.8001987040042877e-01 -6.4988934993743896e-01 4.9121279269456863e-02 
-1.2975375354290009e-01 9.0777748823165894e-01 -3.9888581633567810e-01 2.7717886492609978e-02 
6.6176056861877441e-01 3.7886250019073486e-01 6.4694631099700928e-01 -2.2318903356790543e-03 
0.0000000000000000e+00 0.0000000000000000e+00 0.0000000000000000e+00 1.0000000000000000e+00 
Enterprise-clockwise/0022.pcd
4.6739958226680756e-02 -8.8898020982742310e-01 4.5560422539710999e-01 3.3026650547981262e-02 
-7.1223652362823486e-01 2.9013553261756897e-01 6.3919281959533691e-01 1.9130174070596695e-02 
-7.0040804147720337e-01 -3.5436898469924927e-01 -6.1958640813827515e-01 -1.3574321754276752e-02 
0.0000000000000000e+00 0.0000000000000000e+00 0.0000000000000000e+00 1.0000000000000000e+00 
Enterprise-clockwise/0023.pcd
4.9461278319358826e-01 -3.7013950943946838e-01 -7.8636044263839722e-01 5.8734145015478134e-02 
4.8065245151519775e-01 8.7032276391983032e-01 -1.0733655840158463e-01 1.9973019137978554e-02 
7.2411328554153442e-01 -3.2487457990646362e-01 6.0837775468826294e-01 6.0910481959581375e-02 
0.0000000000000000e+00 0.0000000000000000e+00 0.0000000000000000e+00 1.0000000000000000e+00 
Enterprise-clockwise/0024.pcd
8.5319840908050537e-01 1.4313606917858124e-01 -5.0156599283218384e-01 4.3278198689222336e-02 
-4.5920440554618835e-01 6.6219323873519897e-01 -5.9215641021728516e-01 -6.4937461866065860e-04 
2.4736973643302917e-01 7.3554682731628418e-01 6.3070529699325562e-01 4.0061576291918755e-03 
0.0000000000000000e+00 0.0000000000000000e+00 0.0000000000000000e+00 1.0000000000000000e+00 
Enterprise-clockwise/0025.pcd
7.9684352874755859e-01 -7.5364783406257629e-02 -5.9949976205825806e-01 4.8597708344459534e-02 
-2.7717930078506470e-01 8.3602607250213623e-01 -4.7352871298789978e-01 3.9771483279764652e-03 
5.3688609600067139e-01 5.4348558187484741e-01 6.4528787136077881e-01 1.3770350255072117e-02 
0.0000000000000000e+00 0.0000000000000000e+00 0.0000000000000000e+00 1.0000000000000000e+00 
Enterprise-clockwise/0026.pcd
8.3136188983917236e-01 4.0663397312164307e-01 -3.7883526086807251e-01 5.6298822164535522e-03 
-5.4346811771392822e-01 4.5233246684074402e-01 -7.0713257789611816e-01 -7.3601710028015077e-05 
-1.1618132144212723e-01 7.9376018047332764e-01 5.9703975915908813e-01 -1.5572761185467243e-02 
0.0000000000000000e+00 0.0000000000000000e+00 0.0000000000000000e+00 1.0000000000000000e+00 
Enterprise-clockwise/0027.pcd
-1.9571922719478607e-01 8.8242095708847046e-01 4.2789015173912048e-01 -1.9241807749494910e-03 
-2.0875908434391022e-01 3.8883545994758606e-01 -8.9736425876617432e-01 4.3113678693771362e-03 
-9.5819598436355591e-01 -2.6494184136390686e-01 1.0810785740613937e-01 -2.2270098328590393e-02 
0.0000000000000000e+00 0.0000000000000000e+00 0.0000000000000000e+00 1.0000000000000000e+00 
Enterprise-clockwise/0028.pcd
5.5040752887725830e-01 -5.8329683542251587e-01 -5.9739571809768677e-01 -3.0048843473196030e-02 
4.6490013599395752e-01 -3.8020670413970947e-01 7.9958009719848633e-01 3.4173846244812012e-02 
-6.9108217954635620e-01 -7.2031921148300171e-01 5.9306103736162186e-02 -4.5133203268051147e-02 
0.0000000000000000e+00 0.0000000000000000e+00 0.0000000000000000e+00 1.0000000000000000e+00 
Enterprise-clockwise/0029.pcd
-5.6357353925704956e-01 9.7763329744338989e-02 8.2029604911804199e-01 -6.5783165395259857e-02 
-4.5497667789459229e-01 7.9204094409942627e-01 -4.0700808167457581e-01 2.3503074422478676e-02 
-6.9226598739624023e-01 -6.0207730531692505e-01 -3.9775997400283813e-01 -4.1485730558633804e-02 
0.0000000000000000e+00 0.0000000000000000e+00 0.0000000000000000e+00 1.0000000000000000e+00 
Enterprise-clockwise/0030.pcd
3.8774687051773071e-01 -9.2130440473556519e-01 2.9804546386003494e-02 2.8526317328214645e-02 
-4.1023311018943787e-01 -1.4351905882358551e-01 9.0062445402145386e-01 6.7303828895092010e-02 
-8.2545423507690430e-01 -3.6143660545349121e-01 -4.3358775973320007e-01 -5.2446890622377396e-02 
0.0000000000000000e+00 0.0000000000000000e+00 0.0000000000000000e+00 1.0000000000000000e+00 
Enterprise-clockwise/0031.pcd
4.0964481234550476e-01 -3.8643708825111389e-01 -8.2636523246765137e-01 6.3088731840252876e-03 
9.1215229034423828e-01 1.6031858325004578e-01 3.7719896435737610e-01 6.4470626413822174e-02 
-1.3280767947435379e-02 -9.0828055143356323e-01 4.1815632581710815e-01 -7.0556849241256714e-02 
0.0000000000000000e+00 0.0000000000000000e+00 0.0000000000000000e+00 1.0000000000000000e+00 
Enterprise-clockwise/0032.pcd
6.0416495800018311e-01 -3.1823614239692688e-01 -7.3057305812835693e-01 3.0297342687845230e-02 
1.9669529795646667e-01 9.4799667596817017e-01 -2.5028246641159058e-01 9.1266661882400513e-02 
7.7221941947937012e-01 7.5142933055758476e-03 6.3532513380050659e-01 -1.8241561949253082e-02 
0.0000000000000000e+00 0.0000000000000000e+00 0.0000000000000000e+00 1.0000000000000000e+00 
Enterprise-clockwise/0033.pcd
5.4526150226593018e-01 8.3352220058441162e-01 -8.9526653289794922e-02 1.2397622689604759e-02 
-4.4089719653129578e-01 1.9427652657032013e-01 -8.7629634141921997e-01 4.0098670870065689e-02 
-7.1644073724746704e-01 5.1191109418869019e-01 4.7395712137222290e-01 3.8389433175325394e-03 
0.0000000000000000e+00 0.0000000000000000e+00 0.0000000000000000e+00 1.0000000000000000e+00 
Enterprise-clockwise/0034.pcd
-5.2357500791549683e-01 4.2407307028770447e-01 7.3893719911575317e-01 -1.4050613157451153e-02 
-3.2699036598205566e-01 7.0087897777557373e-01 -6.3391149044036865e-01 3.8983553647994995e-02 
-7.8816151618957520e-01 -5.7235270738601685e-01 -2.2628533840179443e-01 3.8376066833734512e-02 
0.0000000000000000e+00 0.0000000000000000e+00 0.0000000000000000e+00 1.0000000000000000e+00 
Enterprise-clockwise/0035.pcd
5.4504150152206421e-01 -5.5514812469482422e-01 -6.2830317020416260e-01 -1.3461777009069920e-02 
5.1287484169006348e-01 -3.7206304073333740e-01 7.7365022897720337e-01 4.4797006994485855e-02 
-6.6324561834335327e-01 -7.4390161037445068e-01 8.1929497420787811e-02 -1.9599853549152613e-03 
0.0000000000000000e+00 0.0000000000000000e+00 0.0000000000000000e+00 1.0000000000000000e+00 
Enterprise-clockwise/0036.pcd
-4.7478196024894714e-01 -2.8934228420257568e-01 8.3119720220565796e-01 -3.0289070680737495e-02 
-6.2454843521118164e-01 7.7618145942687988e-01 -8.6551733314990997e-02 6.6069796681404114e-02 
-6.2011218070983887e-01 -5.6020921468734741e-01 -5.4921752214431763e-01 9.6476450562477112e-03 
0.0000000000000000e+00 0.0000000000000000e+00 0.0000000000000000e+00 1.0000000000000000e+00 
Enterprise-clockwise/0037.pcd
-1.5438799560070038e-01 9.0085446834564209e-01 4.0576025843620300e-01 -1.2857024557888508e-02 
-2.1337114274501801e-01 3.7059363722801208e-01 -9.0397149324417114e-01 6.8595014512538910e-02 
-9.6468853950500488e-01 -2.2612869739532471e-01 1.3499329984188080e-01 1.6675900667905807e-02 
0.0000000000000000e+00 0.0000000000000000e+00 0.0000000000000000e+00 1.0000000000000000e+00 
Enterprise-clockwise/0038.pcd
7.7745413780212402e-01 -1.1968655884265900e-01 -6.1744600534439087e-01 -1.6989782452583313e-02 
-2.2010929882526398e-01 8.6787790060043335e-01 -4.4537833333015442e-01 1.2925268709659576e-01 
5.8917516469955444e-01 4.8216676712036133e-01 6.4839422702789307e-01 7.2985882870852947e-03 
0.0000000000000000e+00 0.0000000000000000e+00 0.0000000000000000e+00 1.0000000000000000e+00 
Enterprise-clockwise/0039.pcd
7.7533930540084839e-01 -1.3312700390815735e-01 -6.1736649274826050e-01 -2.4054016917943954e-02 
-2.0593985915184021e-01 8.7080788612365723e-01 -4.4641351699829102e-01 7.9147033393383026e-02 
5.9703201055526733e-01 4.7326108813285828e-01 6.4774757623672485e-01 5.8665252290666103e-03 
0.0000000000000000e+00 0.0000000000000000e+00 0.0000000000000000e+00 1.0000000000000000e+00 
Enterprise-clockwise/0040.pcd
8.2574689388275146e-01 -1.8635379150509834e-02 -5.6374788284301758e-01 -2.5411302223801613e-02 
-3.3564558625221252e-01 7.8701233863830566e-01 -5.1765179634094238e-01 7.7733650803565979e-02 
4.5332005620002747e-01 6.1666309833526611e-01 6.4361190795898438e-01 1.1842738837003708e-02 
0.0000000000000000e+00 0.0000000000000000e+00 0.0000000000000000e+00 1.0000000000000000e+00 
Enterprise-clockwise/0041.pcd
8.6065977811813354e-01 2.5706258416175842e-01 -4.3953171372413635e-01 -1.8948027864098549e-02 
-5.0240200757980347e-01 5.6914633512496948e-01 -6.5090000629425049e-01 9.2930898070335388e-02 
8.2835882902145386e-02 7.8102278709411621e-01 6.1898857355117798e-01 1.7039911821484566e-02 
0.0000000000000000e+00 0.0000000000000000e+00 0.0000000000000000e+00 1.0000000000000000e+00 
Enterprise-clockwise/0042.pcd
5.3926420211791992e-01 8.3727091550827026e-01 -9.0517297387123108e-02 -2.7065858244895935e-02 
-4.4161191582679749e-01 1.8962563574314117e-01 -8.7694269418716431e-01 1.5647244453430176e-01 
-7.1707361936569214e-01 5.1287633180618286e-01 4.7201031446456909e-01 1.1630597524344921e-02 
0.0000000000000000e+00 0.0000000000000000e+00 0.0000000000000000e+00 1.0000000000000000e+00 
Enterprise-clockwise/0043.pcd
-4.9217325448989868e-01 -2.4363839626312256e-01 8.3572834730148315e-01 -1.8618602305650711e-02 
-6.0536974668502808e-01 7.8568595647811890e-01 -1.2745928764343262e-01 8.7779045104980469e-02 
-6.2541806697845459e-01 -5.6857705116271973e-01 -5.3439569473266602e-01 -3.3148694783449173e-03 
0.0000000000000000e+00 0.0000000000000000e+00 0.0000000000000000e+00 1.0000000000000000e+00 
Enterprise-clockwise/0044.pcd
-5.5783534049987793e-01 1.7427852749824524e-01 8.1146848201751709e-01 -2.8226766735315323e-02 
-4.2732635140419006e-01 7.7785497903823853e-01 -4.6081820130348206e-01 9.6839182078838348e-02 
-7.1172696352005005e-01 -6.0374099016189575e-01 -3.5911491513252258e-01 -5.3893291624262929e-04 
0.0000000000000000e+00 0.0000000000000000e+00 0.0000000000000000e+00 1.0000000000000000e+00 
Enterprise-clockwise/0045.pcd
-2.9179528355598450e-01 8.0327278375625610e-01 5.1925283670425415e-01 -2.3723170161247253e-02 
-2.1710644662380219e-01 4.7308182716369629e-01 -8.5384732484817505e-01 8.7527513504028320e-02 
-9.3151795864105225e-01 -3.6188021302223206e-01 3.6353029310703278e-02 -7.8990589827299118e-03 
0.0000000000000000e+00 0.0000000000000000e+00 0.0000000000000000e+00 1.0000000000000000e+00 
Enterprise-clockwise/0046.pcd
2.5181239843368530e-01 -9.3973797559738159e-01 2.3133176565170288e-01 -1.3725060969591141e-02 
-5.8866828680038452e-01 4.0997099131345749e-02 8.0733609199523926e-01 8.8451817631721497e-02 
-7.6855736970901489e-01 -3.3791574835777283e-01 -5.4325574636459351e-01 -9.1973152011632919e-03 
0.0000000000000000e+00 0.0000000000000000e+00 0.0000000000000000e+00 1.0000000000000000e+00 
Enterprise-clockwise/0047.pcd
7.7652865648269653e-01 5.6232285499572754e-01 -2.8429794311523438e-01 -8.0327568575739861e-03 
-5.3079086542129517e-01 3.4064438939094543e-01 -7.7602958679199219e-01 8.1070013344287872e-02 
-3.4154266119003296e-01 7.5201487541198730e-01 5.6375181674957275e-01 2.0656913984566927e-03 
0.0000000000000000e+00 0.0000000000000000e+00 0.0000000000000000e+00 1.0000000000000000e+00 
Enterprise-clockwise/0048.pcd
-3.6696422100067139e-01 7.2132802009582520e-01 5.8742731809616089e-01 -2.5520874187350273e-02 
-2.3112930357456207e-01 5.4097217321395874e-01 -8.0866557359695435e-01 1.0027857124805450e-01 
-9.0058088302612305e-01 -4.3344438076019287e-01 -3.2562185078859329e-02 -3.9641964249312878e-03 
0.0000000000000000e+00 0.0000000000000000e+00 0.0000000000000000e+00 1.0000000000000000e+00 
Enterprise-clockwise/0049.pcd
5.3791987895965576e-01 8.3955776691436768e-01 -7.6216533780097961e-02 -1.7392801120877266e-02 
-4.3239623308181763e-01 1.9716654717922211e-01 -8.7987524271011353e-01 9.7549699246883392e-02 
-7.2405266761779785e-01 5.0565266609191895e-01 4.6913540363311768e-01 5.4083005525171757e-03 
0.0000000000000000e+00 0.0000000000000000e+00 0.0000000000000000e+00 1.0000000000000000e+00 
Enterprise-clockwise/0050.pcd
7.4292743206024170e-01 -1.8778192996978760e-01 -6.4248090982437134e-01 -3.1191879883408546e-02 
-1.2879946827888489e-01 9.0178775787353516e-01 -4.1250842809677124e-01 1.2563036382198334e-01 
6.5680730342864990e-01 3.8923302292823792e-01 6.4583033323287964e-01 1.0644291527569294e-02 
0.0000000000000000e+00 0.0000000000000000e+00 0.0000000000000000e+00 1.0000000000000000e+00 
Enterprise-clockwise/0051.pcd
7.6987177133560181e-01 -1.3640990853309631e-01 -6.2346702814102173e-01 -2.6985120028257370e-02 
-2.0037859678268433e-01 8.7583059072494507e-01 -4.3906152248382568e-01 1.7616790533065796e-01 
6.0593670606613159e-01 4.6294334530830383e-01 6.4693218469619751e-01 1.8677186220884323e-02 
0.0000000000000000e+00 0.0000000000000000e+00 0.0000000000000000e+00 1.0000000000000000e+00 
Enterprise-clockwise/0052.pcd
5.7435351610183716e-01 -3.5098287463188171e-01 -7.3955929279327393e-01 -4.5796722173690796e-02 
2.7516803145408630e-01 9.3364739418029785e-01 -2.2939215600490570e-01 7.2404325008392334e-02 
7.7220708131790161e-01 -7.2513312101364136e-02 6.3120448589324951e-01 -3.5210417117923498e-03 
0.0000000000000000e+00 0.0000000000000000e+00 0.0000000000000000e+00 1.0000000000000000e+00 
Enterprise-clockwise/0053.pcd
8.1273007392883301e-01 -4.3931372463703156e-02 -5.8100354671478271e-01 -3.0379712581634521e-02 
-3.1166401505470276e-01 8.0973041057586670e-01 -4.9719724059104919e-01 1.8746389448642731e-01 
4.9229621887207031e-01 5.8515709638595581e-01 6.4439123868942261e-01 1.5717130154371262e-02 
0.0000000000000000e+00 0.0000000000000000e+00 0.0000000000000000e+00 1.0000000000000000e+00 
Enterprise-clockwise/0054.pcd
8.2692354917526245e-01 -2.9870277270674706e-02 -5.6154412031173706e-01 -5.0016906112432480e-02 
-3.2438153028488159e-01 7.9037851095199585e-01 -5.1972156763076782e-01 7.7757112681865692e-02 
4.6132636070251465e-01 6.1183989048004150e-01 6.4252972602844238e-01 7.1441093459725380e-03 
0.0000000000000000e+00 0.0000000000000000e+00 0.0000000000000000e+00 1.0000000000000000e+00 
Enterprise-clockwise/0055.pcd
8.6121767759323120e-01 2.9044356942176819e-01 -4.1706845164299011e-01 -3.9245225489139557e-02 
-5.0739079713821411e-01 5.3874081373214722e-01 -6.7255079746246338e-01 1.1587139964103699e-01 
2.9353523626923561e-02 7.9082959890365601e-01 6.1134141683578491e-01 -5.0232852809131145e-03 
0.0000000000000000e+00 0.0000000000000000e+00 0.0000000000000000e+00 1.0000000000000000e+00 
Enterprise-clockwise/0056.pcd
7.2592687606811523e-01 6.5073895454406738e-01 -2.2264134883880615e-01 -5.0402846187353134e-02 
-5.0871390104293823e-01 2.9016643762588501e-01 -8.1057101488113403e-01 1.3277640938758850e-01 
-4.6313509345054626e-01 7.0141857862472534e-01 5.4176044464111328e-01 -4.6415445394814014e-03 
0.0000000000000000e+00 0.0000000000000000e+00 0.0000000000000000e+00 1.0000000000000000e+00 
Enterprise-clockwise/0057.pcd
-2.7123695239424706e-02 -8.5298681259155273e-01 5.2123910188674927e-01 -5.8329869061708450e-02 
-7.3837149143218994e-01 3.6859560012817383e-01 5.6474953889846802e-01 1.0112072527408600e-01 
-6.7399245500564575e-01 -3.7541413307189941e-01 -6.3622176647186279e-01 2.2113261744379997e-02 
0.0000000000000000e+00 0.0000000000000000e+00 0.0000000000000000e+00 1.0000000000000000e+00 
Enterprise-clockwise/0058.pcd
4.6220663189888000e-01 8.8664841651916504e-01 -1.4911018311977386e-02 -5.1774550229310989e-02 
-3.9372563362121582e-01 1.9011586904525757e-01 -8.9934611320495605e-01 1.1576060205698013e-01 
-7.9308855533599854e-01 4.2437344789505005e-01 4.3691059947013855e-01 2.3787301033735275e-02 
0.0000000000000000e+00 0.0000000000000000e+00 0.0000000000000000e+00 1.0000000000000000e+00 
Enterprise-clockwise/0059.pcd
1.1921431869268417e-02 9.5551306009292603e-01 2.9473030567169189e-01 -1.7739908769726753e-02 
-2.3887202143669128e-01 2.8893801569938660e-01 -9.2707324028015137e-01 9.3510776758193970e-02 
-9.7097313404083252e-01 -5.8970697224140167e-02 2.3180396854877472e-01 4.3462272733449936e-03 
0.0000000000000000e+00 0.0000000000000000e+00 0.0000000000000000e+00 1.0000000000000000e+00 
Enterprise-clockwise/0060.pcd
6.8771886825561523e-01 -2.6495048403739929e-01 -6.7590063810348511e-01 -4.0051043033599854e-02 
1.4998186379671097e-02 9.3602216243743896e-01 -3.5165411233901978e-01 1.4640367031097412e-01 
7.2612541913986206e-01 2.3158603906631470e-01 6.4738899469375610e-01 6.7983460612595081e-03 
0.0000000000000000e+00 0.0000000000000000e+00 0.0000000000000000e+00 1.0000000000000000e+00 
Enterprise-clockwise/0061.pcd
5.5785441398620605e-01 -3.6207523941993713e-01 -7.4679619073867798e-01 -3.5412687808275223e-02 
3.1184017658233643e-01 9.2533558607101440e-01 -2.1569369733333588e-01 1.4183056354522705e-01 
7.6912498474121094e-01 -1.1255379766225815e-01 6.2910258769989014e-01 1.7111392691731453e-02 
0.0000000000000000e+00 0.0000000000000000e+00 0.0000000000000000e+00 1.0000000000000000e+00 
Enterprise-clockwise/0062.pcd
8.5628920793533325e-01 1.4702261984348297e-01 -4.9514490365982056e-01 -2.7019204571843147e-02 
-4.5887649059295654e-01 6.5660011768341064e-01 -5.9860426187515259e-01 2.2046567499637604e-01 
2.3710227012634277e-01 7.3978048563003540e-01 6.2969666719436646e-01 3.0594794079661369e-02 
0.0000000000000000e+00 0.0000000000000000e+00 0.0000000000000000e+00 1.0000000000000000e+00 
Enterprise-clockwise/0063.pcd
-1.3638566434383392e-01 9.1262125968933105e-01 3.8538220524787903e-01 -2.8309209272265434e-02 
-2.1976046264171600e-01 3.5145214200019836e-01 -9.1004306077957153e-01 1.3533599674701691e-01 
-9.6597218513488770e-01 -2.0880888402462006e-01 1.5262712538242340e-01 -1.1227419599890709e-02 
0.0000000000000000e+00 0.0000000000000000e+00 0.0000000000000000e+00 1.0000000000000000e+00 
Enterprise-clockwise/0064.pcd
3.8641747832298279e-01 -3.8685238361358643e-01 -8.3726626634597778e-01 -7.9697370529174805e-02 
9.2176872491836548e-01 1.9361172616481781e-01 3.3597385883331299e-01 1.3018567860126495e-01 
3.4183055162429810e-02 -9.0361887216567993e-01 4.2700985074043274e-01 1.9499495625495911e-02 
0.0000000000000000e+00 0.0000000000000000e+00 0.0000000000000000e+00 1.0000000000000000e+00 
Enterprise-clockwise/0065.pcd
-5.2170753479003906e-01 -1.0513529926538467e-01 8.4668749570846558e-01 5.1172915846109390e-02 
-5.4888176918029785e-01 8.0109429359436035e-01 -2.3870086669921875e-01 1.6760860383510590e-01 
-6.4763051271438599e-01 -5.8810585737228394e-01 -4.8435261845588684e-01 -1.7292045056819916e-02 
0.0000000000000000e+00 0.0000000000000000e+00 0.0000000000000000e+00 1.0000000000000000e+00 
Enterprise-clockwise/0066.pcd
4.3336868286132812e-01 -3.8533815741539001e-01 -8.1467270851135254e-01 -2.9466617852449417e-02 
6.6621983051300049e-01 7.4576222896575928e-01 1.6562473028898239e-03 1.9865983724594116e-01 
6.0691124200820923e-01 -5.4346424341201782e-01 5.7990509271621704e-01 -1.6916766762733459e-03 
0.0000000000000000e+00 0.0000000000000000e+00 0.0000000000000000e+00 1.0000000000000000e+00 
Enterprise-clockwise/0067.pcd
-4.5981398224830627e-01 -3.1322363018989563e-01 8.3096027374267578e-01 -5.0606500357389450e-02 
-6.3222891092300415e-01 7.7257156372070312e-01 -5.8625970035791397e-02 1.9361999630928040e-01 
-6.2346833944320679e-01 -5.5221813917160034e-01 -5.5350178480148315e-01 2.2340044379234314e-02 
0.0000000000000000e+00 0.0000000000000000e+00 0.0000000000000000e+00 1.0000000000000000e+00 
Enterprise-clockwise/0068.pcd
-2.4254870414733887e-01 8.3804094791412354e-01 4.8880076408386230e-01 -4.1185002774000168e-02 
-2.1061874926090240e-01 4.4633847475051880e-01 -8.6974799633026123e-01 1.5687634050846100e-01 
-9.4702708721160889e-01 -3.1389525532722473e-01 6.8249143660068512e-02 2.0388282835483551e-02 
0.0000000000000000e+00 0.0000000000000000e+00 0.0000000000000000e+00 1.0000000000000000e+00 
Enterprise-clockwise/0069.pcd
-4.8513287305831909e-01 5.1294839382171631e-01 7.0820134878158569e-01 -6.2068630009889603e-02 
-2.9071080684661865e-01 6.6921728849411011e-01 -6.8385368585586548e-01 2.1193327009677887e-01 
-8.2444077730178833e-01 -5.3790223598480225e-01 -1.7592869699001312e-01 2.0128319039940834e-02 
0.0000000000000000e+00 0.0000000000000000e+00 0.0000000000000000e+00 1.0000000000000000e+00 
Enterprise-clockwise/0070.pcd
-3.4887221455574036e-01 -5.3456866741180420e-01 7.6976889371871948e-01 2.0589374005794525e-02 
-7.1088373661041260e-01 6.8616813421249390e-01 1.5432929992675781e-01 1.1745709180831909e-01 
-6.1090546846389771e-01 -4.9370577931404114e-01 -6.1891978979110718e-01 2.2068707272410393e-02 
0.0000000000000000e+00 0.0000000000000000e+00 0.0000000000000000e+00 1.0000000000000000e+00 
Enterprise-clockwise/0071.pcd
-5.0990104675292969e-01 4.7369220852851868e-01 7.1807140111923218e-01 6.7268118262290955e-02 
-2.9943618178367615e-01 6.8480998277664185e-01 -6.6438287496566772e-01 1.0095892101526260e-01 
-8.0643987655639648e-01 -5.5376440286636353e-01 -2.0733748376369476e-01 5.8155488222837448e-02 
0.0000000000000000e+00 0.0000000000000000e+00 0.0000000000000000e+00 1.0000000000000000e+00 
Enterprise-clockwise/0072.pcd
7.9568111896514893e-01 -1.0206848382949829e-01 -5.9707397222518921e-01 -1.8779156729578972e-02 
-2.5321376323699951e-01 8.3940595388412476e-01 -4.8093658685684204e-01 2.1662345528602600e-01 
5.5026936531066895e-01 5.3385090827941895e-01 6.4204150438308716e-01 4.0528338402509689e-02 
0.0000000000000000e+00 0.0000000000000000e+00 0.0000000000000000e+00 1.0000000000000000e+00 
Enterprise-clockwise/0073.pcd
6.8680262565612793e-01 -2.5954887270927429e-01 -6.7895960807800293e-01 -7.3095358908176422e-02 
7.2997026145458221e-03 9.3650197982788086e-01 -3.5061520338058472e-01 1.8440899252891541e-01 
7.2774261236190796e-01 2.3550590872764587e-01 6.4416992664337158e-01 1.7213666811585426e-02 
0.0000000000000000e+00 0.0000000000000000e+00 0.0000000000000000e+00 1.0000000000000000e+00 
Enterprise-clockwise/0074.pcd
3.7902358174324036e-01 -3.8489148020744324e-01 -8.4154921770095825e-01 -6.4431749284267426e-02 
8.7501704692840576e-01 4.4503867626190186e-01 1.9055572152137756e-01 1.6398358345031738e-01 
3.0117416381835938e-01 -8.0858516693115234e-01 5.0546365976333618e-01 -2.6347011327743530e-02 
0.0000000000000000e+00 0.0000000000000000e+00 0.0000000000000000e+00 1.0000000000000000e+00 
Enterprise-clockwise/0075.pcd
5.4845440387725830e-01 -7.5472384691238403e-01 -3.6003163456916809e-01 -5.7688660919666290e-02 
6.2277834862470627e-02 -3.9250138401985168e-01 9.1766017675399780e-01 9.8088003695011139e-02 
-8.3386284112930298e-01 -5.2570450305938721e-01 -1.6826051473617554e-01 -6.7643441259860992e-02 
0.0000000000000000e+00 0.0000000000000000e+00 0.0000000000000000e+00 1.0000000000000000e+00 
Enterprise-clockwise/0076.pcd
1.9902071356773376e-01 -9.3681514263153076e-01 2.8774324059486389e-01 -6.5968468785285950e-02 
-6.2749588489532471e-01 1.0371679812669754e-01 7.7169209718704224e-01 1.0637877881526947e-01 
-7.5222897529602051e-01 -3.3670830726623535e-01 -5.6639844179153442e-01 3.7585839629173279e-02 
0.0000000000000000e+00 0.0000000000000000e+00 0.0000000000000000e+00 1.0000000000000000e+00 
Enterprise-clockwise/0077.pcd
-5.5540585517883301e-01 7.6414629817008972e-02 8.2806998491287231e-01 -4.3302353471517563e-02 
-4.6830642223358154e-01 7.9413539171218872e-01 -3.8738670945167542e-01 1.6699640452861786e-01 
-6.8719238042831421e-01 -6.0293370485305786e-01 -4.0527692437171936e-01 4.8443078994750977e-03 
0.0000000000000000e+00 0.0000000000000000e+00 0.0000000000000000e+00 1.0000000000000000e+00 
Enterprise-clockwise/0078.pcd
-1.3468152284622192e-01 9.0841853618621826e-01 3.9582589268684387e-01 -5.2132789045572281e-02 
-2.1180546283721924e-01 3.6383771896362305e-01 -9.0707838535308838e-01 1.4274796843528748e-01 
-9.6828049421310425e-01 -2.0415316522121429e-01 1.4419709146022797e-01 3.6503739655017853e-02 
0.0000000000000000e+00 0.0000000000000000e+00 0.0000000000000000e+00 1.0000000000000000e+00 
Enterprise-clockwise/0079.pcd
5.5512326955795288e-01 -5.8309918642044067e-01 -5.9317815303802490e-01 -5.0338644534349442e-02 
4.4707778096199036e-01 -3.9220115542411804e-01 8.0392414331436157e-01 1.9885285198688507e-01 
-7.0141410827636719e-01 -7.1147203445434570e-01 4.2964234948158264e-02 3.1300198286771774e-02 
0.0000000000000000e+00 0.0000000000000000e+00 0.0000000000000000e+00 1.0000000000000000e+00 
Enterprise-clockwise/0080.pcd
4.5064997673034668e-01 8.9260762929916382e-01 -1.5264255926012993e-02 2.3095637559890747e-02 
-3.9091375470161438e-01 1.8193712830543518e-01 -9.0227985382080078e-01 1.7015630006790161e-01 
-8.0387079715728760e-01 4.0990990400314331e-01 4.3097430467605591e-01 5.4842773824930191e-03 
0.0000000000000000e+00 0.0000000000000000e+00 0.0000000000000000e+00 1.0000000000000000e+00 
Enterprise-clockwise/0081.pcd
-2.9263165593147278e-01 -6.0133278369903564e-01 7.4354445934295654e-01 1.8716817721724510e-02 
-7.3076164722442627e-01 6.4212852716445923e-01 2.3171754181385040e-01 1.7152470350265503e-01 
-6.1548149585723877e-01 -4.7298476099967957e-01 -6.3043600320816040e-01 2.1162053570151329e-02 
0.0000000000000000e+00 0.0000000000000000e+00 0.0000000000000000e+00 1.0000000000000000e+00 
Enterprise-clockwise/0082.pcd
3.1538993120193481e-01 9.4565844535827637e-01 8.0222763121128082e-02 6.7020900547504425e-02 
-3.2944187521934509e-01 1.8840019404888153e-01 -9.2519694566726685e-01 1.8464179337024689e-01 
-8.9222997426986694e-01 2.5822949409484863e-01 3.7032824754714966e-01 -6.7734182812273502e-04 
0.0000000000000000e+00 0.0000000000000000e+00 0.0000000000000000e+00 1.0000000000000000e+00 
Enterprise-clockwise/0083.pcd
8.2976853847503662e-01 4.2499405145645142e-01 -3.6187425255775452e-01 3.1790699809789658e-02 
-5.3703540563583374e-01 4.3123832345008850e-01 -7.2500228881835938e-01 1.4696457982063293e-01 
-1.5635341405868530e-01 7.9353851079940796e-01 5.8802813291549683e-01 1.3551653362810612e-02 
0.0000000000000000e+00 0.0000000000000000e+00 0.0000000000000000e+00 1.0000000000000000e+00 
Enterprise-clockwise/0084.pcd
7.4530106782913208e-01 -1.7700222134590149e-01 -6.4285147190093994e-01 1.1483996175229549e-02 
-1.5130917727947235e-01 8.9406239986419678e-01 -4.2164289951324463e-01 2.0174454152584076e-01 
6.4704394340515137e-01 4.1201910376548767e-01 6.4153730869293213e-01 -1.7034414922818542e-03 
0.0000000000000000e+00 0.0000000000000000e+00 0.0000000000000000e+00 1.0000000000000000e+00 
Enterprise-clockwise/0085.pcd
8.5276222229003906e-01 3.2569622993469238e-01 -4.0831607580184937e-01 -3.1815446913242340e-02 
-5.2216935157775879e-01 5.1428723335266113e-01 -6.8032443523406982e-01 3.2232907414436340e-01 
-1.0934020392596722e-02 7.9362422227859497e-01 6.0832250118255615e-01 7.4146352708339691e-03 
0.0000000000000000e+00 0.0000000000000000e+00 0.0000000000000000e+00 1.0000000000000000e+00 
Enterprise-clockwise/0086.pcd
-1.7321522533893585e-01 -7.4110817909240723e-01 6.4866203069686890e-01 -3.9592586457729340e-02 
-7.4796587228775024e-01 5.2748662233352661e-01 4.0288403630256653e-01 1.8390227854251862e-01 
-6.4153331518173218e-01 -4.1871607303619385e-01 -6.4275377988815308e-01 2.8849404305219650e-02 
0.0000000000000000e+00 0.0000000000000000e+00 0.0000000000000000e+00 1.0000000000000000e+00 
Enterprise-clockwise/0087.pcd
6.9881683588027954e-01 6.8175822496414185e-01 -2.1647839248180389e-01 -3.4485600888729095e-02 
-5.1268476247787476e-01 2.6634278893470764e-01 -8.1621742248535156e-01 1.7385253310203552e-01 
-4.9881011247634888e-01 6.8136984109878540e-01 5.3564286231994629e-01 -3.1453231349587440e-03 
0.0000000000000000e+00 0.0000000000000000e+00 0.0000000000000000e+00 1.0000000000000000e+00 
Enterprise-clockwise/0088.pcd
4.9644798040390015e-01 -3.7286627292633057e-01 -7.8391593694686890e-01 -8.4074959158897400e-03 
4.7372987866401672e-01 8.7309336662292480e-01 -1.1527805030345917e-01 1.7266842722892761e-01 
7.2741734981536865e-01 -3.1413248181343079e-01 6.1008423566818237e-01 -1.1545880697667599e-03 
0.0000000000000000e+00 0.0000000000000000e+00 0.0000000000000000e+00 1.0000000000000000e+00 
Enterprise-clockwise/0089.pcd
3.8634657859802246e-01 -3.6788138747215271e-01 -8.4593802690505981e-01 3.4621797502040863e-02 
8.6283624172210693e-01 4.6830230951309204e-01 1.9030030071735382e-01 1.0964503139257431e-01 
3.2200258970260620e-01 -7.9925054311752319e-01 5.0728088617324829e-01 7.0588802918791771e-03 
0.0000000000000000e+00 0.0000000000000000e+00 0.0000000000000000e+00 1.0000000000000000e+00 
Enterprise-clockwise/0090.pcd
8.0293244123458862e-01 -5.9855982661247253e-02 -5.9312289953231812e-01 8.7380828335881233e-03 
-3.0130943655967712e-01 8.1774997711181641e-01 -4.9043929576873779e-01 1.3468417525291443e-01 
5.1298338174819946e-01 5.7257533073425293e-01 6.3954162597656250e-01 3.4293349832296371e-02 
0.0000000000000000e+00 0.0000000000000000e+00 0.0000000000000000e+00 1.0000000000000000e+00 
Enterprise-clockwise/0091.pcd
6.7684859037399292e-01 7.0818048715591431e-01 -2.0122173428535461e-01 3.7261825054883957e-02 
-5.0056505203247070e-01 2.4230571091175079e-01 -8.3109784126281738e-01 1.4021995663642883e-01 
-5.4567879438400269e-01 6.5685635805130005e-01 5.2021318674087524e-01 -1.1747648939490318e-02 
0.0000000000000000e+00 0.0000000000000000e+00 0.0000000000000000e+00 1.0000000000000000e+00 
Enterprise-clockwise/0092.pcd
2.1584005653858185e-01 -9.3804669380187988e-01 2.7107423543930054e-01 -7.9685792326927185e-02 
-6.0968244075775146e-01 8.7401412427425385e-02 7.8781700134277344e-01 1.4137908816337585e-01 
-7.6157039403915405e-01 -3.4023416042327881e-01 -5.5162942409515381e-01 1.7614461481571198e-02 
0.0000000000000000e+00 0.0000000000000000e+00 0.0000000000000000e+00 1.0000000000000000e+00 
Enterprise-clockwise/0093.pcd
5.8165085315704346e-01 8.0414807796478271e-01 -1.2256979197263718e-01 2.7171591296792030e-02 
-4.5980387926101685e-01 2.0073197782039642e-01 -8.6503708362579346e-01 1.7733639478683472e-01 
-6.6936403512954712e-01 5.6183356046676636e-01 4.8614442348480225e-01 2.9033694416284561e-02 
0.0000000000000000e+00 0.0000000000000000e+00 0.0000000000000000e+00 1.0000000000000000e+00 
Enterprise-clockwise/0094.pcd
6.3687622547149658e-01 -2.9239892959594727e-01 -7.1338629722595215e-01 3.7687893956899643e-02 
1.1128537356853485e-01 9.5047760009765625e-01 -2.9022532701492310e-01 1.7503002285957336e-01 
7.6290369033813477e-01 1.0545243322849274e-01 6.3786250352859497e-01 3.4129831939935684e-02 
0.0000000000000000e+00 0.0000000000000000e+00 0.0000000000000000e+00 1.0000000000000000e+00 
Enterprise-clockwise/0095.pcd
5.1887023448944092e-01 -3.6359256505966187e-01 -7.7367728948593140e-01 8.3248563110828400e-02 
4.1104918718338013e-01 8.9967346191406250e-01 -1.4713220298290253e-01 1.9512006640434265e-01 
7.4954837560653687e-01 -2.4166518449783325e-01 6.1626476049423218e-01 1.6362613067030907e-02 
0.0000000000000000e+00 0.0000000000000000e+00 0.0000000000000000e+00 1.0000000000000000e+00 
Enterprise-clockwise/0096.pcd
-3.1976756453514099e-01 7.7636688947677612e-01 5.4321688413619995e-01 6.6382504999637604e-02 
-2.0972065627574921e-01 5.0116640329360962e-01 -8.3954924345016479e-01 1.5983247756958008e-01 
-9.2103677988052368e-01 -3.8940033316612244e-01 -2.4195150472223759e-03 -1.8162690103054047e-02 
0.0000000000000000e+00 0.0000000000000000e+00 0.0000000000000000e+00 1.0000000000000000e+00 
Enterprise-clockwise/0097.pcd
4.4226619601249695e-01 -3.7875542044639587e-01 -8.1297594308853149e-01 8.5061483085155487e-02 
6.2885510921478271e-01 7.7724421024322510e-01 -2.0003037527203560e-02 1.5517209470272064e-01 
6.3946658372879028e-01 -5.0240892171859741e-01 5.8194059133529663e-01 5.4248742759227753e-02 
0.0000000000000000e+00 0.0000000000000000e+00 0.0000000000000000e+00 1.0000000000000000e+00 
Enterprise-clockwise/0098.pcd
