Enterprise-counter/0000.pcd
-3.9878204464912415e-02 -9.9920457601547241e-01 0.0000000000000000e+00 0.0000000000000000e+00 
9.9920457601547241e-01 -3.9878204464912415e-02 -0.0000000000000000e+00 0.0000000000000000e+00 
0.0000000000000000e+00 0.0000000000000000e+00 1.0000000000000000e+00 0.0000000000000000e+00 
0.0000000000000000e+00 0.0000000000000000e+00 0.0000000000000000e+00 1.0000000000000000e+00 
Enterprise-counter/0001.pcd
1.0000133514404297e+00 3.1190033041639253e-05 -1.0850684484466910e-03 -1.0649068826751318e-05 
-3.1151601433521137e-05 1.0000071525573730e+00 7.9392758198082447e-04 5.4401913075707853e-05 
1.0835048742592335e-03 -7.9264503438025713e-04 1.0000058412551880e+00 -4.1240438818931580e-02 
0.0000000000000000e+00 0.0000000000000000e+00 0.0000000000000000e+00 1.0000000000000000e+00 
Enterprise-counter/0002.pcd
1.0000058412551880e+00 3.0462349968729541e-05 -1.6164946136996150e-03 3.0392168555408716e-03 
-3.1464678613701835e-05 1.0000004768371582e+00 6.2722501752432436e-05 9.0743604232557118e-05 
1.6170501476153731e-03 -6.3640589360147715e-05 1.0000060796737671e+00 -2.1230573765933514e-03 
0.0000000000000000e+00 0.0000000000000000e+00 0.0000000000000000e+00 1.0000000000000000e+00 
Enterprise-counter/0003.pcd
1.0000114440917969e+00 1.6377033898606896e-03 -8.5586641216650605e-04 5.3630206733942032e-02 
-1.6385457711294293e-03 1.0000057220458984e+00 6.0391583247110248e-04 2.7980752289295197e-02 
8.5764558752998710e-04 -6.0471560573205352e-04 1.0000098943710327e+00 -2.3254897445440292e-02 
0.0000000000000000e+00 0.0000000000000000e+00 0.0000000000000000e+00 1.0000000000000000e+00 
Enterprise-counter/0004.pcd
1.0000025033950806e+00 4.6485788516292814e-06 -6.2373028413276188e-06 4.3615265167318285e-04 
-5.1343395170988515e-06 1.0000020265579224e+00 3.2989703413477400e-06 2.6543133571976796e-05 
7.3047044679697137e-06 -4.7668095248809550e-06 1.0000029802322388e+00 -2.4259826750494540e-04 
0.0000000000000000e+00 0.0000000000000000e+00 0.0000000000000000e+00 1.0000000000000000e+00 
Enterprise-counter/0005.pcd
9.9999934434890747e-01 -3.0409077226067893e-05 6.2088758568279445e-05 -2.6249850634485483e-03 
2.9240367439342663e-05 1.0000020265579224e+00 -1.6599817172391340e-05 -1.4322721108328551e-04 
-6.0681446484522894e-05 1.3806473361910321e-05 1.0000038146972656e+00 1.3673469657078385e-03 
0.0000000000000000e+00 0.0000000000000000e+00 0.0000000000000000e+00 1.0000000000000000e+00 
Enterprise-counter/0006.pcd
1.0000180006027222e+00 -2.9717581128352322e-05 8.0410201917402446e-05 -2.7764919213950634e-03 
2.8784310416085646e-05 1.0000137090682983e+00 -4.2233266867697239e-05 -1.0540735092945397e-04 
-8.1690224760677665e-05 3.9548896893393248e-05 1.0000156164169312e+00 2.2400552406907082e-03 
0.0000000000000000e+00 0.0000000000000000e+00 0.0000000000000000e+00 1.0000000000000000e+00 
Enterprise-counter/0007.pcd
1.0000156164169312e+00 -7.2717564762569964e-05 1.3893436698708683e-04 -4.2089782655239105e-03 
7.1875743742566556e-05 1.0000097751617432e+00 8.1894286267925054e-06 -9.5685260021127760e-05 
-1.3877419405616820e-04 -9.4930173872853629e-06 1.0000131130218506e+00 1.1368191335350275e-03 
0.0000000000000000e+00 0.0000000000000000e+00 0.0000000000000000e+00 1.0000000000000000e+00 
Enterprise-counter/0008.pcd
1.0000133514404297e+00 -1.1330823181197047e-03 -6.6967500606551766e-04 -3.4065220504999161e-02 
1.1329451808705926e-03 1.0000095367431641e+00 -4.8113826778717339e-05 5.0895544700324535e-04 
6.6792196594178677e-04 5.2250255976105109e-05 1.0000046491622925e+00 -4.5643118210136890e-04 
0.0000000000000000e+00 0.0000000000000000e+00 0.0000000000000000e+00 1.0000000000000000e+00 
Enterprise-counter/0009.pcd
1.0000067949295044e+00 2.8248301532585174e-05 -7.2519338573329151e-05 2.7253765147179365e-03 
-2.7306268748361617e-05 1.0000033378601074e+00 2.3598438929184340e-05 1.7903103434946388e-04 
6.9017325586173683e-05 -2.1367597582866438e-05 1.0000046491622925e+00 -1.9251200137659907e-03 
0.0000000000000000e+00 0.0000000000000000e+00 0.0000000000000000e+00 1.0000000000000000e+00 
Enterprise-counter/0010.pcd
1.0000109672546387e+00 -6.7349806158745196e-06 -4.3123532668687403e-04 1.0594167979434133e-03 
6.4002047110989224e-06 1.0000029802322388e+00 4.0543486829847097e-04 -4.3687839934136719e-05 
4.3007262866012752e-04 -4.0446256753057241e-04 1.0000084638595581e+00 -2.0538300275802612e-02 
0.0000000000000000e+00 0.0000000000000000e+00 0.0000000000000000e+00 1.0000000000000000e+00 
Enterprise-counter/0011.pcd
1.0000047683715820e+00 3.6384822124091443e-06 -1.1560466373339295e-03 9.1631064424291253e-04 
-1.9133819932903862e-06 1.0000071525573730e+00 7.5938575901091099e-04 3.6989257205277681e-04 
1.1566593311727047e-03 -7.5661897426471114e-04 1.0000048875808716e+00 -4.0616810321807861e-02 
0.0000000000000000e+00 0.0000000000000000e+00 0.0000000000000000e+00 1.0000000000000000e+00 
Enterprise-counter/0012.pcd
1.0000058412551880e+00 7.0201799644564744e-06 -4.3112650746479630e-04 1.0731932707130909e-03 
-6.7576320361695252e-06 1.0000064373016357e+00 3.7153676385059953e-04 1.0900283086812124e-04 
4.3061675387434661e-04 -3.6669036489911377e-04 1.0000035762786865e+00 -2.1986609324812889e-02 
0.0000000000000000e+00 0.0000000000000000e+00 0.0000000000000000e+00 1.0000000000000000e+00 
Enterprise-counter/0013.pcd
1.0000098943710327e+00 -3.4534048609202728e-05 1.5824770089238882e-03 -2.6761067565530539e-03 
3.2885651307879016e-05 1.0000019073486328e+00 -6.0743750509573147e-05 -3.6793251638300717e-05 
-1.5836819075047970e-03 5.8780253311851993e-05 1.0000067949295044e+00 2.1326134447008371e-03 
0.0000000000000000e+00 0.0000000000000000e+00 0.0000000000000000e+00 1.0000000000000000e+00 
Enterprise-counter/0014.pcd
1.0000132322311401e+00 -8.8248780230060220e-04 1.6679435793776065e-04 -2.5512903928756714e-02 
8.8136282283812761e-04 1.0000092983245850e+00 4.7527169954264536e-05 1.1773617006838322e-04 
-1.6810200759209692e-04 -4.6805369493085891e-05 1.0000112056732178e+00 -2.5277993700001389e-05 
0.0000000000000000e+00 0.0000000000000000e+00 0.0000000000000000e+00 1.0000000000000000e+00 
Enterprise-counter/0015.pcd
1.0000081062316895e+00 -2.7286259864922613e-05 4.2192561522824690e-05 -2.4412912316620350e-03 
2.7166450308868662e-05 1.0000125169754028e+00 -1.6540408978471532e-05 -2.1789075981359929e-04 
-4.1621085983933881e-05 1.2599985893757548e-05 1.0000103712081909e+00 1.1516633676365018e-03 
0.0000000000000000e+00 0.0000000000000000e+00 0.0000000000000000e+00 1.0000000000000000e+00 
Enterprise-counter/0016.pcd
1.0000053644180298e+00 -1.1708160855050664e-05 2.8689823011518456e-05 -1.2550045503303409e-03 
1.3230259355623275e-05 1.0000060796737671e+00 -1.0023744835052639e-05 -6.2047212850302458e-05 
-2.7636460799840279e-05 1.3342535567062441e-05 1.0000027418136597e+00 7.0658011827617884e-04 
0.0000000000000000e+00 0.0000000000000000e+00 0.0000000000000000e+00 1.0000000000000000e+00 
Enterprise-counter/0017.pcd
1.0000139474868774e+00 1.1158166671521030e-05 -1.8445138266542926e-05 1.1994946980848908e-03 
-1.1219335647183470e-05 1.0000116825103760e+00 1.7333066352875903e-05 2.0399758068379015e-04 
1.5818714018678293e-05 -1.6521227735211141e-05 1.0000147819519043e+00 -9.7286771051585674e-04 
0.0000000000000000e+00 0.0000000000000000e+00 0.0000000000000000e+00 1.0000000000000000e+00 
Enterprise-counter/0018.pcd
1.0000073909759521e+00 1.2198312906548381e-03 5.1593634998425841e-04 3.7367481738328934e-02 
-1.2191330315545201e-03 1.0000115633010864e+00 5.2671832236228511e-05 -5.6917942129075527e-04 
-5.1639688899740577e-04 -4.8378467909060419e-05 1.0000082254409790e+00 4.2353462777100503e-04 
0.0000000000000000e+00 0.0000000000000000e+00 0.0000000000000000e+00 1.0000000000000000e+00 
Enterprise-counter/0019.pcd
1.0000016689300537e+00 1.1900386307388544e-03 3.7413672544062138e-04 -1.4403110370039940e-02 
-1.1884733103215694e-03 1.0000047683715820e+00 1.5602940402459353e-04 -1.5529090538620949e-02 
-3.7602783413603902e-04 -1.5771359903737903e-04 1.0000077486038208e+00 9.2762988060712814e-03 
0.0000000000000000e+00 0.0000000000000000e+00 0.0000000000000000e+00 1.0000000000000000e+00 
Enterprise-counter/0020.pcd
1.0000092983245850e+00 -3.3210624678758904e-05 1.5876323450356722e-03 -2.6540160179138184e-03 
3.2575866498518735e-05 1.0000017881393433e+00 -5.5416989198420197e-05 -2.0026694983243942e-05 
-1.5898485435172915e-03 5.6117478379746899e-05 1.0000003576278687e+00 2.0611591171473265e-03 
0.0000000000000000e+00 0.0000000000000000e+00 0.0000000000000000e+00 1.0000000000000000e+00 
Enterprise-counter/0021.pcd
1.0000149011611938e+00 4.9278383812634274e-05 -1.0630899341776967e-03 6.7486596526578069e-04 
-4.8361122026108205e-05 1.0000092983245850e+00 8.7143667042255402e-04 4.8233148845611140e-05 
1.0614830534905195e-03 -8.6959620239213109e-04 1.0000023841857910e+00 -4.1506007313728333e-02 
0.0000000000000000e+00 0.0000000000000000e+00 0.0000000000000000e+00 1.0000000000000000e+00 
Enterprise-counter/0022.pcd
1.0000038146972656e+00 2.7193002097192220e-05 -1.6133665340021253e-03 2.5378495920449495e-03 
-2.7395595679990947e-05 1.0000078678131104e+00 5.5201562645379454e-05 7.5038296927232295e-06 
1.6124277608469129e-03 -5.5383010476361960e-05 1.0000040531158447e+00 -2.6449700817465782e-03 
0.0000000000000000e+00 0.0000000000000000e+00 0.0000000000000000e+00 1.0000000000000000e+00 
Enterprise-counter/0023.pcd
1.0000046491622925e+00 3.8378104363800958e-05 -7.7559285273309797e-05 3.1046844087541103e-03 
-3.7277030060067773e-05 1.0000090599060059e+00 2.5508734324830584e-05 1.4803052181378007e-04 
7.7064643846824765e-05 -2.6340727345086634e-05 1.0000052452087402e+00 -1.6326440963894129e-03 
0.0000000000000000e+00 0.0000000000000000e+00 0.0000000000000000e+00 1.0000000000000000e+00 
Enterprise-counter/0024.pcd
1.0000069141387939e+00 1.0120488695974927e-05 -1.5335726857301779e-05 1.0078505147248507e-03 
-1.0835226021299604e-05 1.0000046491622925e+00 8.8667648014961742e-06 7.5677693530451506e-05 
1.7501988622825593e-05 -1.0766893865366001e-05 1.0000156164169312e+00 -5.8581726625561714e-04 
0.0000000000000000e+00 0.0000000000000000e+00 0.0000000000000000e+00 1.0000000000000000e+00 
Enterprise-counter/0025.pcd
1.0000058412551880e+00 -2.4649398255860433e-05 5.2147650421829894e-05 -2.3101409897208214e-03 
2.3901331587694585e-05 1.0000079870223999e+00 -2.3936672732816078e-05 -1.3960637443233281e-04 
-5.1773906307062134e-05 2.3526250515715219e-05 1.0000030994415283e+00 1.5572904376313090e-03 
0.0000000000000000e+00 0.0000000000000000e+00 0.0000000000000000e+00 1.0000000000000000e+00 
Enterprise-counter/0026.pcd
1.0000001192092896e+00 -2.8443346309359185e-05 3.9901013224152848e-05 -2.2737632971256971e-03 
2.8687785743386485e-05 1.0000014305114746e+00 -1.4073802958591841e-05 -8.2120408478658646e-05 
-3.9841528632678092e-05 1.2475457879190799e-05 1.0000032186508179e+00 6.5629510208964348e-04 
0.0000000000000000e+00 0.0000000000000000e+00 0.0000000000000000e+00 1.0000000000000000e+00 
Enterprise-counter/0027.pcd
1.0000070333480835e+00 2.8368374842102639e-05 -6.3508596213068813e-05 2.6943841949105263e-03 
-2.8307200409471989e-05 1.0000078678131104e+00 3.5382152418605983e-05 1.7669959925115108e-04 
6.3716703152749687e-05 -3.3730178984114900e-05 1.0000087022781372e+00 -1.8790353788062930e-03 
0.0000000000000000e+00 0.0000000000000000e+00 0.0000000000000000e+00 1.0000000000000000e+00 
Enterprise-counter/0028.pcd
1.0000126361846924e+00 9.7939491752185859e-06 -4.1205028537660837e-04 4.5370159205049276e-04 
-8.0156460171565413e-06 1.0000121593475342e+00 4.2222844786010683e-04 -1.2289831647649407e-04 
4.1013048030436039e-04 -4.1876445175148547e-04 1.0000095367431641e+00 -1.8777213990688324e-02 
0.0000000000000000e+00 0.0000000000000000e+00 0.0000000000000000e+00 1.0000000000000000e+00 
Enterprise-counter/0029.pcd
1.0000053644180298e+00 -1.2594612599059474e-05 -4.9590691924095154e-04 5.6694127852097154e-04 
1.2362539564492181e-05 1.0000034570693970e+00 2.4497509002685547e-04 2.1666698739863932e-04 
4.9338443204760551e-04 -2.4528137873858213e-04 1.0000029802322388e+00 -2.2845784202218056e-02 
0.0000000000000000e+00 0.0000000000000000e+00 0.0000000000000000e+00 1.0000000000000000e+00 
Enterprise-counter/0030.pcd
1.0000000000000000e+00 -5.5672258895356208e-05 1.0562780516920611e-04 -3.3786396961659193e-03 
5.5359763791784644e-05 9.9999970197677612e-01 -2.6115589207620360e-05 -2.2356605768436566e-05 
-1.0461865167599171e-04 2.6776981030707248e-05 1.0000036954879761e+00 1.7688577063381672e-03 
0.0000000000000000e+00 0.0000000000000000e+00 0.0000000000000000e+00 1.0000000000000000e+00 
Enterprise-counter/0031.pcd
1.0000005960464478e+00 -1.2245025718584657e-03 -5.1405129488557577e-04 -3.6712206900119781e-02 
1.2246913975104690e-03 1.0000069141387939e+00 -5.1336674005142413e-06 4.8823904944583774e-04 
5.1593623356893659e-04 1.0389740054961294e-05 1.0000027418136597e+00 -1.0378421284258366e-03 
0.0000000000000000e+00 0.0000000000000000e+00 0.0000000000000000e+00 1.0000000000000000e+00 
Enterprise-counter/0032.pcd
1.0000140666961670e+00 8.9037584984907880e-06 -1.2332501355558634e-03 2.4064275203272700e-04 
-8.3168961282353848e-06 1.0000079870223999e+00 7.3215324664488435e-04 2.4980443413369358e-04 
1.2281015515327454e-03 -7.3061481816694140e-04 1.0000083446502686e+00 -4.0393669158220291e-02 
0.0000000000000000e+00 0.0000000000000000e+00 0.0000000000000000e+00 1.0000000000000000e+00 
Enterprise-counter/0033.pcd
1.0000140666961670e+00 -5.8020232245326042e-05 -7.3800038080662489e-04 1.6357650747522712e-03 
5.7840359659167007e-05 1.0000101327896118e+00 3.0781951500102878e-04 3.4214413608424366e-04 
7.3786696884781122e-04 -3.0796212377026677e-04 1.0000073909759521e+00 -1.8074955791234970e-02 
0.0000000000000000e+00 0.0000000000000000e+00 0.0000000000000000e+00 1.0000000000000000e+00 
Enterprise-counter/0034.pcd
1.0000015497207642e+00 -4.4341257307678461e-05 1.6285906312987208e-03 -3.6513931117951870e-03 
4.5098055124981329e-05 1.0000059604644775e+00 -8.2610597019083798e-05 8.4622653957922012e-05 
-1.6294665401801467e-03 8.6256135546136647e-05 9.9999916553497314e-01 3.4929786343127489e-03 
0.0000000000000000e+00 0.0000000000000000e+00 0.0000000000000000e+00 1.0000000000000000e+00 
Enterprise-counter/0035.pcd
1.0000077486038208e+00 -9.8812207579612732e-04 2.6797218015417457e-04 -2.7222298085689545e-02 
9.8813348449766636e-04 1.0000050067901611e+00 5.1300350605743006e-05 3.5409652628004551e-04 
-2.6903269463218749e-04 -4.8836573114385828e-05 1.0000089406967163e+00 -2.2520884522236884e-04 
0.0000000000000000e+00 0.0000000000000000e+00 0.0000000000000000e+00 1.0000000000000000e+00 
Enterprise-counter/0036.pcd
1.0000127553939819e+00 -1.7149994164356031e-05 4.6176883188309148e-05 -1.9196995999664068e-03 
1.6456968296552077e-05 1.0000090599060059e+00 -2.0132207282586023e-05 -2.2835913114249706e-04 
-4.7432375140488148e-05 2.0617861082428135e-05 1.0000046491622925e+00 1.7731346888467669e-03 
0.0000000000000000e+00 0.0000000000000000e+00 0.0000000000000000e+00 1.0000000000000000e+00 
Enterprise-counter/0037.pcd
1.0000067949295044e+00 -4.3570023990469053e-05 -1.6697944374755025e-03 -2.0774607546627522e-03 
4.2537212721072137e-05 1.0000040531158447e+00 2.9080899548716843e-04 4.6522612683475018e-04 
1.6688981559127569e-03 -2.9181907302699983e-04 1.0000047683715820e+00 -4.4732049107551575e-02 
0.0000000000000000e+00 0.0000000000000000e+00 0.0000000000000000e+00 1.0000000000000000e+00 
Enterprise-counter/0038.pcd
1.0000030994415283e+00 -2.9331182304304093e-05 -1.5308014117181301e-03 -5.9118232456967235e-04 
2.8858868972747587e-05 1.0000046491622925e+00 5.4386578267440200e-04 3.8590593612752855e-04 
1.5309603186324239e-03 -5.4614490363746881e-04 1.0000036954879761e+00 -4.6316109597682953e-02 
0.0000000000000000e+00 0.0000000000000000e+00 0.0000000000000000e+00 1.0000000000000000e+00 
Enterprise-counter/0039.pcd
1.0000035762786865e+00 -1.1772648431360722e-03 -2.7136299759149551e-03 7.5273752212524414e-02 
1.1827318230643868e-03 1.0000059604644775e+00 1.7162391450256109e-03 -8.1763667985796928e-03 
2.7103824540972710e-03 -1.7208335921168327e-03 1.0000026226043701e+00 -8.5500460118055344e-03 
0.0000000000000000e+00 0.0000000000000000e+00 0.0000000000000000e+00 1.0000000000000000e+00 
Enterprise-counter/0040.pcd
1.0000122785568237e+00 -1.9202417752239853e-04 -1.2004371965304017e-03 -5.9089162386953831e-03 
1.9093508308287710e-04 1.0000046491622925e+00 2.2878259187564254e-05 4.0422836900688708e-04 
1.1967085301876068e-03 -2.6567731765680946e-05 1.0000131130218506e+00 5.1377026829868555e-04 
0.0000000000000000e+00 0.0000000000000000e+00 0.0000000000000000e+00 1.0000000000000000e+00 
Enterprise-counter/0041.pcd
1.0000092983245850e+00 -1.7471126921009272e-04 -1.2100334279239178e-03 -4.2488006874918938e-03 
1.7345638480037451e-04 1.0000064373016357e+00 9.7304502560291439e-05 5.7860702509060502e-04 
1.2132115662097931e-03 -9.8415839602239430e-05 1.0000065565109253e+00 -2.8569423593580723e-03 
0.0000000000000000e+00 0.0000000000000000e+00 0.0000000000000000e+00 1.0000000000000000e+00 
Enterprise-counter/0042.pcd
1.0000116825103760e+00 -8.5122667951509356e-04 -1.9854975398629904e-03 1.8958816304802895e-02 
8.4643799345940351e-04 1.0000022649765015e+00 -2.6615445967763662e-03 3.5754468291997910e-02 
1.9835834391415119e-03 2.6632086373865604e-03 1.0000007152557373e+00 -6.8050967529416084e-03 
0.0000000000000000e+00 0.0000000000000000e+00 0.0000000000000000e+00 1.0000000000000000e+00 
Enterprise-counter/0043.pcd
1.0000044107437134e+00 -2.5639529339969158e-03 -7.9231499694287777e-04 -6.3821398653090000e-03 
2.5649373419582844e-03 1.0000035762786865e+00 1.0382086038589478e-03 1.6262581571936607e-02 
7.8825588570907712e-04 -1.0439989855512977e-03 1.0000106096267700e+00 -3.3860307186841965e-02 
0.0000000000000000e+00 0.0000000000000000e+00 0.0000000000000000e+00 1.0000000000000000e+00 
Enterprise-counter/0044.pcd
1.0000128746032715e+00 -1.6213826893363148e-04 -2.5519640184938908e-03 -5.2388603799045086e-03 
1.6136748308781534e-04 1.0000054836273193e+00 1.5517121937591583e-04 1.3764131290372461e-04 
2.5507980026304722e-03 -1.5575464931316674e-04 1.0000048875808716e+00 -5.5794343352317810e-03 
0.0000000000000000e+00 0.0000000000000000e+00 0.0000000000000000e+00 1.0000000000000000e+00 
Enterprise-counter/0045.pcd
1.0000079870223999e+00 -2.8293824288994074e-03 -1.3931622961536050e-03 9.0695898979902267e-03 
2.8262969572097063e-03 1.0000048875808716e+00 -2.1886390168219805e-03 4.3323479592800140e-02 
1.3981504598632455e-03 2.1863945294171572e-03 1.0000059604644775e+00 -7.7455672435462475e-03 
0.0000000000000000e+00 0.0000000000000000e+00 0.0000000000000000e+00 1.0000000000000000e+00 
Enterprise-counter/0046.pcd
1.0000112056732178e+00 -1.9366833148524165e-03 -3.7974066799506545e-04 1.1102086864411831e-02 
1.9360894802957773e-03 1.0000029802322388e+00 3.3444911241531372e-04 1.8618594855070114e-02 
3.8010216667316854e-04 -3.3725606044754386e-04 1.0000102519989014e+00 -3.4845168702304363e-03 
0.0000000000000000e+00 0.0000000000000000e+00 0.0000000000000000e+00 1.0000000000000000e+00 
Enterprise-counter/0047.pcd
1.0000119209289551e+00 8.9442939497530460e-05 -1.1272805277258158e-03 2.4216443300247192e-02 
-9.0812776761595160e-05 1.0000075101852417e+00 -2.6933319168165326e-04 4.3447767384350300e-03 
1.1276111472398043e-03 2.6604032609611750e-04 1.0000127553939819e+00 2.4095743428915739e-03 
0.0000000000000000e+00 0.0000000000000000e+00 0.0000000000000000e+00 1.0000000000000000e+00 
Enterprise-counter/0048.pcd
1.0000071525573730e+00 -2.2572800517082214e-03 -3.4873711410909891e-04 3.2574772834777832e-02 
2.2578216157853603e-03 1.0000038146972656e+00 -4.8620518646202981e-04 3.0550288036465645e-02 
3.4539669286459684e-04 4.8821180826053023e-04 1.0000027418136597e+00 -8.7513187900185585e-03 
0.0000000000000000e+00 0.0000000000000000e+00 0.0000000000000000e+00 1.0000000000000000e+00 
Enterprise-counter/0049.pcd
1.0000002384185791e+00 -3.3490196801722050e-03 1.0902136564254761e-03 3.7513133138418198e-02 
3.3490480855107307e-03 1.0000002384185791e+00 -5.5918545695021749e-04 4.2218465358018875e-02 
-1.0883677750825882e-03 5.6294235400855541e-04 1.0000060796737671e+00 -7.9220486804842949e-03 
0.0000000000000000e+00 0.0000000000000000e+00 0.0000000000000000e+00 1.0000000000000000e+00 
Enterprise-counter/0050.pcd
1.0000081062316895e+00 -1.9330990035086870e-03 8.4336480358615518e-04 2.6321813464164734e-02 
1.9371942616999149e-03 9.9999219179153442e-01 -5.0090751610696316e-03 7.8700989484786987e-02 
-8.3545758388936520e-04 5.0128810107707977e-03 9.9999034404754639e-01 -3.9758980274200439e-02 
0.0000000000000000e+00 0.0000000000000000e+00 0.0000000000000000e+00 1.0000000000000000e+00 
Enterprise-counter/0051.pcd
1.0000094175338745e+00 1.0041082277894020e-03 -1.1371612781658769e-03 2.1165069192647934e-02 
-1.0072810109704733e-03 1.0000064373016357e+00 -9.3663210282102227e-04 3.1881138682365417e-02 
1.1356297181919217e-03 9.3629024922847748e-04 1.0000041723251343e+00 -2.0267255604267120e-02 
0.0000000000000000e+00 0.0000000000000000e+00 0.0000000000000000e+00 1.0000000000000000e+00 
Enterprise-counter/0052.pcd
9.9999791383743286e-01 -4.0447437204420567e-03 -2.0011195738334209e-04 6.7483864724636078e-02 
4.0443185716867447e-03 9.9999701976776123e-01 -7.5218937126919627e-04 5.4413847625255585e-02 
2.0169385243207216e-04 7.5025553815066814e-04 1.0000066757202148e+00 -7.4258237145841122e-04 
0.0000000000000000e+00 0.0000000000000000e+00 0.0000000000000000e+00 1.0000000000000000e+00 
Enterprise-counter/0053.pcd
1.0000008344650269e+00 -4.6532726846635342e-03 -1.3830180978402495e-03 8.9809261262416840e-02 
4.6499371528625488e-03 9.9999690055847168e-01 -1.1255831923335791e-03 6.6380575299263000e-02 
1.3913237489759922e-03 1.1179016437381506e-03 1.0000090599060059e+00 -8.9989323168992996e-03 
0.0000000000000000e+00 0.0000000000000000e+00 0.0000000000000000e+00 1.0000000000000000e+00 
Enterprise-counter/0054.pcd
1.0000098943710327e+00 -1.8811811460182071e-03 -4.4106156565248966e-04 8.5448361933231354e-02 
1.8815340008586645e-03 1.0000009536743164e+00 -8.9397624833509326e-04 4.1298411786556244e-02 
4.3712882325053215e-04 8.9372391812503338e-04 1.0000064373016357e+00 -1.0245090350508690e-02 
0.0000000000000000e+00 0.0000000000000000e+00 0.0000000000000000e+00 1.0000000000000000e+00 
Enterprise-counter/0055.pcd
1.0000106096267700e+00 6.4975797431543469e-04 -9.2367944307625294e-04 2.5115648284554482e-02 
-6.4939423464238644e-04 1.0000052452087402e+00 8.8976684492081404e-04 6.2605485320091248e-02 
9.2156988102942705e-04 -8.8794896146282554e-04 1.0000044107437134e+00 -9.8619358614087105e-03 
0.0000000000000000e+00 0.0000000000000000e+00 0.0000000000000000e+00 1.0000000000000000e+00 
Enterprise-counter/0056.pcd
1.0000126361846924e+00 1.3015484728384763e-04 -1.5054391697049141e-03 1.2622921727597713e-02 
-1.2602329661604017e-04 1.0000001192092896e+00 3.7187929265201092e-03 6.5951265394687653e-02 
1.5074658440425992e-03 -3.7195989862084389e-03 1.0000005960464478e+00 -5.8530006557703018e-02 
0.0000000000000000e+00 0.0000000000000000e+00 0.0000000000000000e+00 1.0000000000000000e+00 
Enterprise-counter/0057.pcd
9.9994701147079468e-01 8.5851061157882214e-04 -1.1455199681222439e-02 -4.2476785182952881e-01 
-8.1210175994783640e-04 9.9999684095382690e-01 4.2030559852719307e-03 1.9021592140197754e+00 
1.1456986889243126e-02 -4.1937474161386490e-03 9.9993330240249634e-01 -2.5763113498687744e+00 
0.0000000000000000e+00 0.0000000000000000e+00 0.0000000000000000e+00 1.0000000000000000e+00 
Enterprise-counter/0058.pcd
9.9993282556533813e-01 -3.7877243012189865e-03 -1.1467074044048786e-02 -3.3719730377197266e-01 
3.8457938935607672e-03 9.9998366832733154e-01 5.0988048315048218e-03 1.8339272737503052e+00 
1.1447384953498840e-02 -5.1425048150122166e-03 9.9992758035659790e-01 -2.7933197021484375e+00 
0.0000000000000000e+00 0.0000000000000000e+00 0.0000000000000000e+00 1.0000000000000000e+00 
Enterprise-counter/0059.pcd
9.9983704090118408e-01 1.2882359325885773e-02 -1.3203780166804790e-02 -3.2905560731887817e-01 
-1.2783439829945564e-02 9.9989449977874756e-01 7.5696893036365509e-03 1.8135042190551758e+00 
1.3299264945089817e-02 -7.3993382975459099e-03 9.9988889694213867e-01 -2.6291618347167969e+00 
0.0000000000000000e+00 0.0000000000000000e+00 0.0000000000000000e+00 1.0000000000000000e+00 
Enterprise-counter/0060.pcd
9.9900215864181519e-01 -4.3292697519063950e-02 -1.1379322968423367e-02 -7.1272331476211548e-01 
4.3255101889371872e-02 9.9905711412429810e-01 -3.5697354469448328e-03 2.4039545059204102e+00 
1.1522877030074596e-02 3.0736562330275774e-03 9.9993020296096802e-01 -2.5128805637359619e+00 
0.0000000000000000e+00 0.0000000000000000e+00 0.0000000000000000e+00 1.0000000000000000e+00 
Enterprise-counter/0061.pcd
9.9991577863693237e-01 5.0931596197187901e-03 -1.2531460262835026e-02 -4.0617972612380981e-01 
-5.0742989405989647e-03 9.9998968839645386e-01 1.5724590048193932e-03 1.9089281558990479e+00 
1.2538166716694832e-02 -1.5088330255821347e-03 9.9992585182189941e-01 -2.6358149051666260e+00 
0.0000000000000000e+00 0.0000000000000000e+00 0.0000000000000000e+00 1.0000000000000000e+00 
Enterprise-counter/0062.pcd
9.9988847970962524e-01 1.0963870212435722e-02 -1.1472474783658981e-02 -4.2487210035324097e-01 
-1.0980793274939060e-02 9.9994468688964844e-01 -1.4547276077792048e-03 1.9801993370056152e+00 
1.1456063948571682e-02 1.5784483402967453e-03 9.9995040893554688e-01 -2.4964129924774170e+00 
0.0000000000000000e+00 0.0000000000000000e+00 0.0000000000000000e+00 1.0000000000000000e+00 
Enterprise-counter/0063.pcd
9.9981099367141724e-01 1.1673591099679470e-02 -1.6175130382180214e-02 -2.5623181462287903e-01 
-1.1563627049326897e-02 9.9991828203201294e-01 6.8803364410996437e-03 1.8809497356414795e+00 
1.6254615038633347e-02 -6.6923177801072598e-03 9.9985188245773315e-01 -2.5474376678466797e+00 
0.0000000000000000e+00 0.0000000000000000e+00 0.0000000000000000e+00 1.0000000000000000e+00 
Enterprise-counter/0064.pcd
9.9964654445648193e-01 -5.3347390348790213e-05 -2.6981541886925697e-02 -7.6890192925930023e-02 
1.7142647993750870e-04 9.9999660253524780e-01 4.3826471082866192e-03 1.9514195919036865e+00 
2.6979975402355194e-02 -4.3860771693289280e-03 9.9963277578353882e-01 -2.5137448310852051e+00 
0.0000000000000000e+00 0.0000000000000000e+00 0.0000000000000000e+00 1.0000000000000000e+00 
Enterprise-counter/0065.pcd
9.9975669384002686e-01 1.7054133117198944e-02 -1.4616306871175766e-02 -3.6599174141883850e-01 
-1.6975801438093185e-02 9.9984878301620483e-01 5.4654316045343876e-03 1.9269304275512695e+00 
1.4705661684274673e-02 -5.2152848802506924e-03 9.9988198280334473e-01 -2.4402530193328857e+00 
0.0000000000000000e+00 0.0000000000000000e+00 0.0000000000000000e+00 1.0000000000000000e+00 
Enterprise-counter/0066.pcd
9.9947971105575562e-01 3.0895469710230827e-02 -1.0334636084735394e-02 -3.6698320508003235e-01 
-3.0945954844355583e-02 9.9951952695846558e-01 -4.6465271152555943e-03 1.8712729215621948e+00 
1.0182705707848072e-02 4.9648191779851913e-03 9.9993920326232910e-01 -2.3622519969940186e+00 
0.0000000000000000e+00 0.0000000000000000e+00 0.0000000000000000e+00 1.0000000000000000e+00 
Enterprise-counter/0067.pcd
9.9992591142654419e-01 7.6133632101118565e-03 -1.0308026336133480e-02 -6.6370123624801636e-01 
-7.6809800229966640e-03 9.9995636940002441e-01 -6.5357671119272709e-03 1.9907155036926270e+00 
1.0258994996547699e-02 6.6151907667517662e-03 9.9993163347244263e-01 -2.6078689098358154e+00 
0.0000000000000000e+00 0.0000000000000000e+00 0.0000000000000000e+00 1.0000000000000000e+00 
Enterprise-counter/0068.pcd
9.9992519617080688e-01 -4.0986849926412106e-03 -1.3111931271851063e-02 1.1724738404154778e-02 
4.0431288070976734e-03 9.9999886751174927e-01 -4.2503187432885170e-03 1.1747015267610550e-01 
1.3128007762134075e-02 4.1972752660512924e-03 9.9991786479949951e-01 6.8295327946543694e-03 
0.0000000000000000e+00 0.0000000000000000e+00 0.0000000000000000e+00 1.0000000000000000e+00 
Enterprise-counter/0069.pcd
9.9993449449539185e-01 -5.8899354189634323e-03 -1.1102903634309769e-02 -1.0227648541331291e-02 
5.8764973655343056e-03 9.9999165534973145e-01 -1.2225477257743478e-03 1.1468555033206940e-01 
1.1107988655567169e-02 1.1592652881518006e-03 9.9994307756423950e-01 9.5030795782804489e-03 
0.0000000000000000e+00 0.0000000000000000e+00 0.0000000000000000e+00 1.0000000000000000e+00 
Enterprise-counter/0070.pcd
1.0000008344650269e+00 -2.8106642421334982e-03 -4.7854492440819740e-03 1.0910223238170147e-02 
2.8285509906709194e-03 9.9999594688415527e-01 3.9853514172136784e-03 1.3131567835807800e-01 
4.7744284383952618e-03 -3.9993687532842159e-03 9.9999231100082397e-01 3.0054686591029167e-02 
0.0000000000000000e+00 0.0000000000000000e+00 0.0000000000000000e+00 1.0000000000000000e+00 
Enterprise-counter/0071.pcd
9.9999642372131348e-01 -4.3278662487864494e-03 3.8396739400923252e-03 5.9141885489225388e-02 
4.3318644165992737e-03 1.0000022649765015e+00 -1.1399592040106654e-03 7.0747725665569305e-02 
-3.8313837721943855e-03 1.1594132520258427e-03 1.0000033378601074e+00 5.1913363859057426e-03 
0.0000000000000000e+00 0.0000000000000000e+00 0.0000000000000000e+00 1.0000000000000000e+00 
Enterprise-counter/0072.pcd
9.9996125698089600e-01 -3.0135859269648790e-03 8.7213963270187378e-03 1.8406435847282410e-02 
3.1329079065471888e-03 9.9991130828857422e-01 -1.3680994510650635e-02 1.1862140148878098e-01 
-8.6767552420496941e-03 1.3711991719901562e-02 9.9987417459487915e-01 2.4977825582027435e-02 
0.0000000000000000e+00 0.0000000000000000e+00 0.0000000000000000e+00 1.0000000000000000e+00 
Enterprise-counter/0073.pcd
9.9994975328445435e-01 -1.7395470058545470e-03 1.0469905100762844e-02 7.9221548512578011e-03 
1.7753749853000045e-03 1.0000039339065552e+00 -3.3311140723526478e-03 6.1900861561298370e-02 
-1.0468570515513420e-02 3.3527419436722994e-03 9.9994492530822754e-01 7.7066109515726566e-03 
0.0000000000000000e+00 0.0000000000000000e+00 0.0000000000000000e+00 1.0000000000000000e+00 
Enterprise-counter/0074.pcd
9.9998724460601807e-01 -5.4554487578570843e-03 4.2569111101329327e-03 -8.4358763694763184e-01 
5.4481364786624908e-03 9.9998992681503296e-01 1.3245687587186694e-03 6.6621214151382446e-01 
-4.2642070911824703e-03 -1.3010342372581363e-03 9.9999821186065674e-01 -1.4961329698562622e+00 
0.0000000000000000e+00 0.0000000000000000e+00 0.0000000000000000e+00 1.0000000000000000e+00 
Enterprise-counter/0075.pcd
9.9998027086257935e-01 -6.9544562138617039e-03 3.3269127015955746e-04 -6.6891378164291382e-01 
6.9488203153014183e-03 9.9996614456176758e-01 -5.0008562393486500e-03 5.4863381385803223e-01 
-2.9979782993905246e-04 5.0034895539283752e-03 9.9999290704727173e-01 -1.4438992738723755e+00 
0.0000000000000000e+00 0.0000000000000000e+00 0.0000000000000000e+00 1.0000000000000000e+00 
Enterprise-counter/0076.pcd
1.0000021457672119e+00 -3.6561537999659777e-03 1.0584199335426092e-03 -7.1502530574798584e-01 
3.6686395760625601e-03 9.9997568130493164e-01 -6.6793854348361492e-03 5.5420094728469849e-01 
-1.0328573407605290e-03 6.6787838004529476e-03 9.9997949600219727e-01 -1.3500655889511108e+00 
0.0000000000000000e+00 0.0000000000000000e+00 0.0000000000000000e+00 1.0000000000000000e+00 
Enterprise-counter/0077.pcd
9.9998593330383301e-01 -4.8604453913867474e-03 -4.7344644553959370e-03 -7.8356724977493286e-01 
4.8658964224159718e-03 9.9999439716339111e-01 1.6409953823313117e-03 6.0537844896316528e-01 
4.7266175970435143e-03 -1.6652748454362154e-03 9.9999743700027466e-01 -1.4069935083389282e+00 
0.0000000000000000e+00 0.0000000000000000e+00 0.0000000000000000e+00 1.0000000000000000e+00 
Enterprise-counter/0078.pcd
9.9997085332870483e-01 -8.2196034491062164e-03 -2.7372536715120077e-03 -8.0060863494873047e-01 
8.2198968157172203e-03 9.9997431039810181e-01 1.2173660797998309e-03 6.3254606723785400e-01 
2.7279378846287727e-03 -1.2428280897438526e-03 1.0000028610229492e+00 -1.3622407913208008e+00 
0.0000000000000000e+00 0.0000000000000000e+00 0.0000000000000000e+00 1.0000000000000000e+00 
Enterprise-counter/0079.pcd
9.9995988607406616e-01 -1.0041999630630016e-02 -2.5612583849579096e-03 -7.3639613389968872e-01 
1.0023497976362705e-02 9.9993276596069336e-01 -7.2511755861341953e-03 6.5273141860961914e-01 
2.6343630161136389e-03 7.2235553525388241e-03 9.9998152256011963e-01 -1.3339724540710449e+00 
0.0000000000000000e+00 0.0000000000000000e+00 0.0000000000000000e+00 1.0000000000000000e+00 
Enterprise-counter/0080.pcd
9.9999916553497314e-01 -3.0706510879099369e-03 -3.4420182928442955e-03 -6.9180971384048462e-01 
3.0669467523694038e-03 1.0000052452087402e+00 -2.2034080757293850e-04 5.8153003454208374e-01 
3.4391100052744150e-03 2.1296662453096360e-04 1.0000025033950806e+00 -1.3648244142532349e+00 
0.0000000000000000e+00 0.0000000000000000e+00 0.0000000000000000e+00 1.0000000000000000e+00 
Enterprise-counter/0081.pcd
9.9997282028198242e-01 -7.9048061743378639e-03 -1.4290034305304289e-03 -7.5267851352691650e-01 
7.9125789925456047e-03 9.9994242191314697e-01 7.6539330184459686e-03 6.3241839408874512e-01 
1.3680425472557545e-03 -7.6660295017063618e-03 9.9997437000274658e-01 -1.4443407058715820e+00 
0.0000000000000000e+00 0.0000000000000000e+00 0.0000000000000000e+00 1.0000000000000000e+00 
Enterprise-counter/0082.pcd
9.9996256828308105e-01 -1.0371622629463673e-02 5.8606039965525270e-04 -7.5574171543121338e-01 
1.0364796966314316e-02 9.9994403123855591e-01 5.5803321301937103e-03 6.4082407951354980e-01 
-6.4580509206280112e-04 -5.5749765597283840e-03 9.9999380111694336e-01 -1.4520646333694458e+00 
0.0000000000000000e+00 0.0000000000000000e+00 0.0000000000000000e+00 1.0000000000000000e+00 
Enterprise-counter/0083.pcd
9.9992519617080688e-01 -1.2058937922120094e-02 -2.7371586766093969e-03 -7.3052692413330078e-01 
1.2045319192111492e-02 9.9991613626480103e-01 -4.4032935984432697e-03 5.9277510643005371e-01 
2.7896983083337545e-03 4.3706009164452553e-03 9.9998652935028076e-01 -1.2938281297683716e+00 
0.0000000000000000e+00 0.0000000000000000e+00 0.0000000000000000e+00 1.0000000000000000e+00 
Enterprise-counter/0084.pcd
9.9991494417190552e-01 -1.0056403465569019e-02 -9.2768603935837746e-03 -2.4302836507558823e-02 
9.9610527977347374e-03 9.9990713596343994e-01 -1.0125245898962021e-02 8.5554465651512146e-02 
9.3777766451239586e-03 1.0030245408415794e-02 9.9991428852081299e-01 1.7356496304273605e-02 
0.0000000000000000e+00 0.0000000000000000e+00 0.0000000000000000e+00 1.0000000000000000e+00 
Enterprise-counter/0085.pcd
9.9995654821395874e-01 -8.8805668056011200e-03 -5.5256281048059464e-03 -6.7406103014945984e-02 
8.8697168976068497e-03 9.9996453523635864e-01 -2.1650474518537521e-03 9.6278168261051178e-02 
5.5433711968362331e-03 2.1149858366698027e-03 9.9999171495437622e-01 2.0584186539053917e-02 
0.0000000000000000e+00 0.0000000000000000e+00 0.0000000000000000e+00 1.0000000000000000e+00 
Enterprise-counter/0086.pcd
9.9988037347793579e-01 -1.6246274113655090e-02 1.0992155876010656e-03 -1.5194342471659184e-02 
1.6226297244429588e-02 9.9975430965423584e-01 1.5702057629823685e-02 1.2456507235765457e-01 
-1.3572312891483307e-03 -1.5685472637414932e-02 9.9988603591918945e-01 -5.4110307246446609e-03 
0.0000000000000000e+00 0.0000000000000000e+00 0.0000000000000000e+00 1.0000000000000000e+00 
Enterprise-counter/0087.pcd
9.9985277652740479e-01 -1.6785494983196259e-02 6.2317503616213799e-03 -8.0438740551471710e-03 
1.6702098771929741e-02 9.9978733062744141e-01 1.3150298036634922e-02 9.0732984244823456e-02 
-6.4512286335229874e-03 -1.3044412247836590e-02 9.9990385770797729e-01 6.6713959677144885e-04 
0.0000000000000000e+00 0.0000000000000000e+00 0.0000000000000000e+00 1.0000000000000000e+00 
Enterprise-counter/0088.pcd
9.9989402294158936e-01 -1.2527698650956154e-02 8.7969563901424408e-03 -1.6544004902243614e-02 
1.2565604411065578e-02 9.9991673231124878e-01 -4.3062502518296242e-03 2.7604229748249054e-02 
-8.7433410808444023e-03 4.4153430499136448e-03 9.9996060132980347e-01 1.7034750431776047e-02 
0.0000000000000000e+00 0.0000000000000000e+00 0.0000000000000000e+00 1.0000000000000000e+00 
Enterprise-counter/0089.pcd
9.9986910820007324e-01 -1.6198823228478432e-02 4.9384073354303837e-03 -9.5745816826820374e-02 
1.6250552609562874e-02 9.9981898069381714e-01 -1.0751103982329369e-02 9.8855845630168915e-02 
-4.7621289268136024e-03 1.0828336700797081e-02 9.9994194507598877e-01 7.4800970032811165e-03 
0.0000000000000000e+00 0.0000000000000000e+00 0.0000000000000000e+00 1.0000000000000000e+00 
Enterprise-counter/0090.pcd
9.9980396032333374e-01 -2.0032787695527077e-02 1.1990828206762671e-03 -3.7808548659086227e-02 
2.0028926432132721e-02 9.9980574846267700e-01 1.6315710963681340e-03 1.2975937128067017e-01 
-1.2279646471142769e-03 -1.6067367978394032e-03 1.0000057220458984e+00 -6.7410622723400593e-03 
0.0000000000000000e+00 0.0000000000000000e+00 0.0000000000000000e+00 1.0000000000000000e+00 
Enterprise-counter/0091.pcd
9.9981611967086792e-01 -1.9895954057574272e-02 -1.6307573532685637e-03 -6.8136252462863922e-02 
1.9912296906113625e-02 9.9975681304931641e-01 1.0093264281749725e-02 1.5165799856185913e-01 
1.4253694098442793e-03 -1.0124663822352886e-02 9.9995815753936768e-01 3.5005654208362103e-03 
0.0000000000000000e+00 0.0000000000000000e+00 0.0000000000000000e+00 1.0000000000000000e+00 
Enterprise-counter/0092.pcd
9.9987316131591797e-01 -1.6230003908276558e-02 1.0808232764247805e-04 -6.5549269318580627e-02 
1.6229316592216492e-02 9.9987304210662842e-01 9.3258480774238706e-04 1.0142703354358673e-01 
-1.2367421004455537e-04 -9.3049474526196718e-04 1.0000069141387939e+00 1.2144315056502819e-02 
0.0000000000000000e+00 0.0000000000000000e+00 0.0000000000000000e+00 1.0000000000000000e+00 
Enterprise-counter/0093.pcd
9.9979269504547119e-01 -2.0447660237550735e-02 -7.2311697294935584e-04 -6.8522676825523376e-02 
2.0443109795451164e-02 9.9978071451187134e-01 -5.0792610272765160e-03 1.1620951443910599e-01 
8.3317299140617251e-04 5.0602890551090240e-03 9.9999558925628662e-01 1.7103740945458412e-02 
0.0000000000000000e+00 0.0000000000000000e+00 0.0000000000000000e+00 1.0000000000000000e+00 
Enterprise-counter/0094.pcd
9.9975258111953735e-01 -2.2924231365323067e-02 9.3821238260716200e-04 -6.6227413713932037e-02 
2.2924890741705894e-02 9.9974900484085083e-01 -1.1659931624308228e-03 1.1836805939674377e-01 
-9.1149745276197791e-04 1.1880935635417700e-03 1.0000115633010864e+00 1.4033613726496696e-02 
0.0000000000000000e+00 0.0000000000000000e+00 0.0000000000000000e+00 1.0000000000000000e+00 
Enterprise-counter/0095.pcd
9.9970823526382446e-01 -2.4354575201869011e-02 1.3010624388698488e-04 -5.2874986082315445e-02 
2.4351339787244797e-02 9.9970048666000366e-01 4.2355274781584740e-03 1.1840685456991196e-01 
-2.3009149299468845e-04 -4.2361272498965263e-03 9.9999892711639404e-01 1.8282217206433415e-03 
0.0000000000000000e+00 0.0000000000000000e+00 0.0000000000000000e+00 1.0000000000000000e+00 
Enterprise-counter/0096.pcd
9.9973249435424805e-01 -2.3663831874728203e-02 -4.5235326979309320e-04 -5.9403229504823685e-02 
2.3665254935622215e-02 9.9972319602966309e-01 4.0704654529690742e-03 1.0357393324375153e-01 
3.5548675805330276e-04 -4.0824543684720993e-03 1.0000039339065552e+00 5.8624392841011286e-04 
0.0000000000000000e+00 0.0000000000000000e+00 0.0000000000000000e+00 1.0000000000000000e+00 
Enterprise-counter/0097.pcd
9.9968761205673218e-01 -2.5519503280520439e-02 1.2253045570105314e-03 -8.4126532077789307e-02 
2.5518184527754784e-02 9.9968796968460083e-01 7.1334186941385269e-05 1.2152417749166489e-01 
-1.2241818476468325e-03 -4.2540672438917682e-05 1.0000134706497192e+00 1.8041187897324562e-02 
0.0000000000000000e+00 0.0000000000000000e+00 0.0000000000000000e+00 1.0000000000000000e+00 
Enterprise-counter/0098.pcd
9.9969959259033203e-01 -2.4821896106004715e-02 3.9551178924739361e-03 -9.3334943056106567e-02 
2.4816051125526428e-02 9.9970555305480957e-01 1.3815973652526736e-03 1.1270564049482346e-01 
-3.9891852065920830e-03 -1.2845048913732171e-03 1.0000011920928955e+00 2.4235522374510765e-02 
