Research-counter-fast/0000.pcd
4.4763454794883728e-01 8.9421659708023071e-01 0.0000000000000000e+00 0.0000000000000000e+00 
-8.9421659708023071e-01 4.4763454794883728e-01 -0.0000000000000000e+00 0.0000000000000000e+00 
-0.0000000000000000e+00 0.0000000000000000e+00 1.0000000000000000e+00 0.0000000000000000e+00 
0.0000000000000000e+00 0.0000000000000000e+00 0.0000000000000000e+00 1.0000000000000000e+00 
Research-counter-fast/0001.pcd
9.9999779462814331e-01 8.0758691183291376e-06 -3.2725019991630688e-06 6.2092539155855775e-04 
-9.1284609879949130e-06 1.0000030994415283e+00 -9.0104767878074199e-06 -1.3132457388564944e-04 
3.2550865398661699e-06 6.1987534536456224e-06 1.0000009536743164e+00 1.0023052891483530e-04 
0.0000000000000000e+00 0.0000000000000000e+00 0.0000000000000000e+00 1.0000000000000000e+00 
Research-counter-fast/0002.pcd
1.0000172853469849e+00 -1.9662533886730671e-03 1.0488797124708071e-04 -5.1644865423440933e-02 
1.9666417501866817e-03 1.0000036954879761e+00 1.4493478229269385e-03 5.6306989863514900e-03 
-1.0847975499927998e-04 -1.4495714567601681e-03 1.0000122785568237e+00 -1.4787341933697462e-03 
0.0000000000000000e+00 0.0000000000000000e+00 0.0000000000000000e+00 1.0000000000000000e+00 
Research-counter-fast/0003.pcd
1.0000103712081909e+00 -9.0966431889683008e-04 -2.0199615391902626e-04 -3.3820293843746185e-02 
9.0916745830327272e-04 1.0000011920928955e+00 1.1555873788893223e-03 2.0924641285091639e-03 
2.0175892859697342e-04 -1.1608724016696215e-03 1.0000119209289551e+00 -8.1682082964107394e-04 
0.0000000000000000e+00 0.0000000000000000e+00 0.0000000000000000e+00 1.0000000000000000e+00 
Research-counter-fast/0004.pcd
1.0000027418136597e+00 1.9452385604381561e-03 -8.5675681475549936e-05 4.9819767475128174e-02 
-1.9453250570222735e-03 1.0000038146972656e+00 -1.0834317654371262e-03 -4.7298511490225792e-03 
8.4153907664585859e-05 1.0836056899279356e-03 1.0000048875808716e+00 1.4886461431160569e-03 
0.0000000000000000e+00 0.0000000000000000e+00 0.0000000000000000e+00 1.0000000000000000e+00 
Research-counter-fast/0005.pcd
1.0000054836273193e+00 1.9202101611881517e-05 -6.9863567659922410e-06 2.9172473587095737e-03 
-2.0915835193591192e-05 1.0000060796737671e+00 -3.1545310775982216e-05 2.0965939620509744e-04 
8.8237384261447005e-06 2.9804783480358310e-05 1.0000150203704834e+00 -2.0266276260372251e-04 
0.0000000000000000e+00 0.0000000000000000e+00 0.0000000000000000e+00 1.0000000000000000e+00 
Research-counter-fast/0006.pcd
1.0000032186508179e+00 -3.6866770824417472e-04 5.4263527272269130e-04 -6.7988492548465729e-02 
3.6937449476681650e-04 1.0000027418136597e+00 -7.3998398147523403e-04 1.8900008872151375e-02 
-5.4303265642374754e-04 7.4387900531291962e-04 1.0000022649765015e+00 3.0836719088256359e-03 
0.0000000000000000e+00 0.0000000000000000e+00 0.0000000000000000e+00 1.0000000000000000e+00 
Research-counter-fast/0007.pcd
1.0000118017196655e+00 4.1292587411589921e-05 -2.0288727682782337e-05 2.9480871744453907e-03 
-4.1227176552638412e-05 1.0000101327896118e+00 -4.1388455429114401e-05 -7.0465765020344406e-05 
1.8909027858171612e-05 4.1393348510609940e-05 1.0000059604644775e+00 -6.0876711359014735e-05 
0.0000000000000000e+00 0.0000000000000000e+00 0.0000000000000000e+00 1.0000000000000000e+00 
Research-counter-fast/0008.pcd
1.0000160932540894e+00 -2.1755220368504524e-03 -4.8930896446108818e-04 3.3217810094356537e-02 
2.1759984083473682e-03 1.0000033378601074e+00 4.6761613339185715e-03 -7.0727087557315826e-02 
4.8010941827669740e-04 -4.6848230995237827e-03 1.0000021457672119e+00 -3.1123866792768240e-03 
0.0000000000000000e+00 0.0000000000000000e+00 0.0000000000000000e+00 1.0000000000000000e+00 
Research-counter-fast/0009.pcd
1.0000059604644775e+00 7.9816166544333100e-04 -3.9980717701837420e-04 8.0408923327922821e-02 
-7.9802144318819046e-04 1.0000078678131104e+00 3.2358372118324041e-04 -2.1341810002923012e-02 
4.0012501995079219e-04 -3.2137954258359969e-04 1.0000038146972656e+00 -2.2544632665812969e-03 
0.0000000000000000e+00 0.0000000000000000e+00 0.0000000000000000e+00 1.0000000000000000e+00 
Research-counter-fast/0010.pcd
1.0000064373016357e+00 2.7605441573541611e-05 -1.6006788428057916e-05 2.6967765297740698e-03 
-2.6819478080142289e-05 1.0000013113021851e+00 -3.3626369258854538e-05 -1.7338336328975856e-04 
1.4977787031966727e-05 3.5519140510587022e-05 1.0000051259994507e+00 3.1910475809127092e-04 
0.0000000000000000e+00 0.0000000000000000e+00 0.0000000000000000e+00 1.0000000000000000e+00 
Research-counter-fast/0011.pcd
1.0000103712081909e+00 -2.0256598945707083e-03 4.9879938160302117e-05 -5.1761921495199203e-02 
2.0259351003915071e-03 9.9999964237213135e-01 1.3342188904061913e-03 5.4792058654129505e-03 
-5.3179312089923769e-05 -1.3329462381079793e-03 1.0000061988830566e+00 -1.4367513358592987e-03 
0.0000000000000000e+00 0.0000000000000000e+00 0.0000000000000000e+00 1.0000000000000000e+00 
Research-counter-fast/0012.pcd
1.0000157356262207e+00 -1.0795742273330688e-03 -2.7268099074717611e-05 -2.9700161889195442e-02 
1.0802388424053788e-03 1.0000129938125610e+00 -5.8126606745645404e-04 -3.6715352325700223e-04 
2.4911418222473003e-05 5.8134342543780804e-04 1.0000065565109253e+00 5.5418722331523895e-04 
0.0000000000000000e+00 0.0000000000000000e+00 0.0000000000000000e+00 1.0000000000000000e+00 
Research-counter-fast/0013.pcd
1.0000082254409790e+00 1.4773084549233317e-03 7.5816042226506397e-06 4.1645884513854980e-02 
-1.4763551298528910e-03 1.0000084638595581e+00 6.8020145408809185e-04 -8.8417076040059328e-04 
-8.5100436990614980e-06 -6.7262625088915229e-04 1.0000030994415283e+00 -1.7853332974482328e-04 
0.0000000000000000e+00 0.0000000000000000e+00 0.0000000000000000e+00 1.0000000000000000e+00 
Research-counter-fast/0014.pcd
9.9999976158142090e-01 -4.7676608664914966e-04 2.1478606504388154e-04 -1.7411205917596817e-02 
4.7635118244215846e-04 1.0000079870223999e+00 5.6849945394787937e-05 -2.5878672022372484e-04 
-2.1097014541737735e-04 -5.1538052503019571e-05 1.0000054836273193e+00 5.4200622253119946e-04 
0.0000000000000000e+00 0.0000000000000000e+00 0.0000000000000000e+00 1.0000000000000000e+00 
Research-counter-fast/0015.pcd
1.0000112056732178e+00 -1.0066699469462037e-03 1.4692697732243687e-04 -2.6423668488860130e-02 
1.0067950934171677e-03 1.0000069141387939e+00 -6.2204449204728007e-04 -5.5352307390421629e-04 
-1.4691217802464962e-04 6.2174681806936860e-04 1.0000069141387939e+00 1.6412299009971321e-04 
0.0000000000000000e+00 0.0000000000000000e+00 0.0000000000000000e+00 1.0000000000000000e+00 
Research-counter-fast/0016.pcd
1.0000038146972656e+00 1.8011528300121427e-03 -2.4826746084727347e-04 6.9141104817390442e-02 
-1.8013332737609744e-03 1.0000047683715820e+00 5.6282442528754473e-05 -2.4372744373977184e-03 
2.4814344942569733e-04 -5.7468991144560277e-05 1.0000033378601074e+00 1.1039205128327012e-03 
0.0000000000000000e+00 0.0000000000000000e+00 0.0000000000000000e+00 1.0000000000000000e+00 
Research-counter-fast/0017.pcd
1.0000088214874268e+00 3.0009772672201507e-05 -2.0256189600331709e-05 3.0510909855365753e-03 
-3.0701383366249502e-05 1.0000058412551880e+00 -4.5945202145958319e-05 -8.4386891103349626e-05 
2.1930187358520925e-05 3.9462614950025454e-05 1.0000045299530029e+00 5.3171988110989332e-04 
0.0000000000000000e+00 0.0000000000000000e+00 0.0000000000000000e+00 1.0000000000000000e+00 
Research-counter-fast/0018.pcd
1.0000002384185791e+00 1.4635203406214714e-03 1.4865951015963219e-05 3.3212054520845413e-02 
-1.4633614337071776e-03 1.0000004768371582e+00 1.5849950723350048e-03 1.2602059869095683e-03 
-1.2653966223297175e-05 -1.5867279144003987e-03 1.0000011920928955e+00 -6.8832997931167483e-04 
0.0000000000000000e+00 0.0000000000000000e+00 0.0000000000000000e+00 1.0000000000000000e+00 
Research-counter-fast/0019.pcd
1.0000063180923462e+00 4.4588203309103847e-05 -8.4463254097499885e-06 5.0618383102118969e-03 
-4.5021068217465654e-05 1.0000063180923462e+00 -5.6903263612184674e-05 1.9382938626222312e-04 
9.2652508101309650e-06 5.7627799833426252e-05 1.0000104904174805e+00 -3.8031791336834431e-04 
0.0000000000000000e+00 0.0000000000000000e+00 0.0000000000000000e+00 1.0000000000000000e+00 
Research-counter-fast/0020.pcd
1.0000078678131104e+00 -4.9706065328791738e-04 3.7013971450505778e-05 -6.1288323253393173e-02 
4.9776263767853379e-04 1.0000008344650269e+00 -6.0949486214667559e-04 1.6339272260665894e-02 
-3.7329984479583800e-05 6.1341765103861690e-04 1.0000069141387939e+00 1.7870674491859972e-04 
0.0000000000000000e+00 0.0000000000000000e+00 0.0000000000000000e+00 1.0000000000000000e+00 
Research-counter-fast/0021.pcd
1.0000144243240356e+00 -2.0447925198823214e-03 -5.1381852244958282e-04 2.4964403361082077e-02 
2.0452074240893126e-03 1.0000102519989014e+00 4.8082630382850766e-04 -1.4262385666370392e-02 
5.1309011178091168e-04 -4.8393956967629492e-04 1.0000039339065552e+00 -2.8261439874768257e-03 
0.0000000000000000e+00 0.0000000000000000e+00 0.0000000000000000e+00 1.0000000000000000e+00 
Research-counter-fast/0022.pcd
1.0000021457672119e+00 -1.5442761359736323e-03 3.6066930624656379e-04 -7.3301307857036591e-02 
1.5430555213242769e-03 1.0000067949295044e+00 1.0188695741817355e-03 3.6807728465646505e-03 
-3.6367122083902359e-04 -1.0232117492705584e-03 1.0000035762786865e+00 -2.1546741481870413e-03 
0.0000000000000000e+00 0.0000000000000000e+00 0.0000000000000000e+00 1.0000000000000000e+00 
Research-counter-fast/0023.pcd
1.0000060796737671e+00 -1.8088212236762047e-03 1.2535697896964848e-04 -4.9090553075075150e-02 
1.8083127215504646e-03 1.0000044107437134e+00 9.1392715694382787e-04 4.5674126595258713e-03 
-1.2610275007318705e-04 -9.1479503316804767e-04 1.0000065565109253e+00 -7.3895131936296821e-04 
0.0000000000000000e+00 0.0000000000000000e+00 0.0000000000000000e+00 1.0000000000000000e+00 
Research-counter-fast/0024.pcd
1.0000035762786865e+00 1.8612038111314178e-03 5.5375375086441636e-04 9.6359990537166595e-02 
-1.8630181439220905e-03 9.9999493360519409e-01 2.8573276940733194e-03 9.8990340120508336e-06 
-5.4961792193353176e-04 -2.8577882330864668e-03 1.0000010728836060e+00 1.2758460361510515e-03 
0.0000000000000000e+00 0.0000000000000000e+00 0.0000000000000000e+00 1.0000000000000000e+00 
Research-counter-fast/0025.pcd
1.0000119209289551e+00 -6.1227851801959332e-06 4.5557067096524406e-06 -8.2141475286334753e-04 
6.5657854975142982e-06 1.0000133514404297e+00 1.1491591067169793e-05 -5.4377982451114804e-05 
-5.8244922911399044e-06 -1.7604785170988180e-05 1.0000145435333252e+00 -1.3081515498925000e-04 
0.0000000000000000e+00 0.0000000000000000e+00 0.0000000000000000e+00 1.0000000000000000e+00 
Research-counter-fast/0026.pcd
1.0000070333480835e+00 -4.1787078953348100e-04 -1.8233187802252360e-05 -6.9705210626125336e-02 
4.1852696449495852e-04 1.0000002384185791e+00 1.4927525771781802e-03 1.6904071671888232e-03 
1.5862502550589852e-05 -1.4863293617963791e-03 1.0000029802322388e+00 -8.8295160094276071e-04 
0.0000000000000000e+00 0.0000000000000000e+00 0.0000000000000000e+00 1.0000000000000000e+00 
Research-counter-fast/0027.pcd
1.0000072717666626e+00 2.1955559495836496e-03 -7.9159108281601220e-05 9.2886082828044891e-02 
-2.1955857519060373e-03 1.0000028610229492e+00 -8.7446841644123197e-04 -5.6259944103658199e-03 
7.6247379183769226e-05 8.7252509547397494e-04 1.0000066757202148e+00 2.1627098321914673e-03 
0.0000000000000000e+00 0.0000000000000000e+00 0.0000000000000000e+00 1.0000000000000000e+00 
Research-counter-fast/0028.pcd
1.0000101327896118e+00 2.2481402847915888e-03 4.1148561285808682e-04 8.1546083092689514e-02 
-2.2500446066260338e-03 9.9999624490737915e-01 2.6996764354407787e-03 7.6408003224059939e-04 
-4.0552212158218026e-04 -2.7055779937654734e-03 1.0000027418136597e+00 7.2807259857654572e-04 
0.0000000000000000e+00 0.0000000000000000e+00 0.0000000000000000e+00 1.0000000000000000e+00 
Research-counter-fast/0029.pcd
1.0000084638595581e+00 -9.6045996542670764e-06 2.1334424218366621e-06 -1.0684208245947957e-03 
1.0786785423988476e-05 1.0000034570693970e+00 1.8777624063659459e-05 1.0505027603358030e-05 
-7.3123310357914306e-06 -1.5181583876255900e-05 1.0000061988830566e+00 -1.8725286645349115e-04 
0.0000000000000000e+00 0.0000000000000000e+00 0.0000000000000000e+00 1.0000000000000000e+00 
Research-counter-fast/0030.pcd
1.0000172853469849e+00 -4.5460157707566395e-05 5.6512151786591858e-05 -4.2871725745499134e-03 
4.5820146624464542e-05 1.0000125169754028e+00 -1.3009843314648606e-05 -4.7284775064326823e-05 
-5.7747478422243148e-05 1.1692277439578902e-05 1.0000087022781372e+00 1.0557027999311686e-03 
0.0000000000000000e+00 0.0000000000000000e+00 0.0000000000000000e+00 1.0000000000000000e+00 
Research-counter-fast/0031.pcd
9.9999976158142090e-01 -3.3397454535588622e-04 1.5009439084678888e-03 -1.0501941666007042e-02 
3.3354377956129611e-04 1.0000063180923462e+00 -1.8567488586995751e-04 -1.9876539590768516e-04 
-1.4996436657384038e-03 1.8237809126731008e-04 1.0000014305114746e+00 5.5811851052567363e-04 
0.0000000000000000e+00 0.0000000000000000e+00 0.0000000000000000e+00 1.0000000000000000e+00 
Research-counter-fast/0032.pcd
1.0000118017196655e+00 -5.1339896162971854e-04 1.1573770316317677e-03 -1.3429148122668266e-02 
5.1321770297363400e-04 1.0000044107437134e+00 1.1245692148804665e-03 1.8835943192243576e-03 
-1.1570089263841510e-03 -1.1252930853515863e-03 1.0000151395797729e+00 -1.4647446805611253e-03 
0.0000000000000000e+00 0.0000000000000000e+00 0.0000000000000000e+00 1.0000000000000000e+00 
Research-counter-fast/0033.pcd
1.0000036954879761e+00 -1.2515120906755328e-03 3.8527132710441947e-04 -3.2938458025455475e-02 
1.2513576075434685e-03 1.0000028610229492e+00 8.1843591760843992e-04 2.4169248063117266e-03 
-3.8592354394495487e-04 -8.2008476601913571e-04 1.0000042915344238e+00 -3.4372560912743211e-04 
0.0000000000000000e+00 0.0000000000000000e+00 0.0000000000000000e+00 1.0000000000000000e+00 
Research-counter-fast/0034.pcd
1.0000056028366089e+00 -2.5340458378195763e-03 3.5232061054557562e-04 -5.9946484863758087e-02 
2.5346730835735798e-03 1.0000027418136597e+00 1.6204439816647209e-05 5.0541418604552746e-03 
-3.5421884967945516e-04 -1.3126573321642354e-05 1.0000056028366089e+00 -1.2019847054034472e-03 
0.0000000000000000e+00 0.0000000000000000e+00 0.0000000000000000e+00 1.0000000000000000e+00 
Research-counter-fast/0035.pcd
1.0000070333480835e+00 1.1192161764483899e-05 3.7231431633699685e-05 6.2104692915454507e-04 
-1.0657787242962513e-05 1.0000040531158447e+00 -7.8417469921987504e-05 1.5167867240961641e-04 
-3.8955153286224231e-05 8.0415593401994556e-05 1.0000054836273193e+00 1.8773155170492828e-04 
0.0000000000000000e+00 0.0000000000000000e+00 0.0000000000000000e+00 1.0000000000000000e+00 
Research-counter-fast/0036.pcd
9.9998724460601807e-01 -6.8062776699662209e-03 5.8831361820921302e-04 -8.0592408776283264e-03 
6.8005039356648922e-03 9.9993509054183960e-01 9.8567754030227661e-03 1.5621736645698547e-02 
-6.5497722243890166e-04 -9.8511064425110817e-03 9.9995815753936768e-01 -1.4361841604113579e-02 
0.0000000000000000e+00 0.0000000000000000e+00 0.0000000000000000e+00 1.0000000000000000e+00 
Research-counter-fast/0037.pcd
9.9999219179153442e-01 -5.3027016110718250e-03 1.2818858958780766e-03 -1.0736103169620037e-02 
5.2992212586104870e-03 9.9998742341995239e-01 3.1189278233796358e-03 2.3800551891326904e-02 
-1.2982542393729091e-03 -3.1085642985999584e-03 9.9999749660491943e-01 -3.3389506861567497e-03 
0.0000000000000000e+00 0.0000000000000000e+00 0.0000000000000000e+00 1.0000000000000000e+00 
Research-counter-fast/0038.pcd
9.9998253583908081e-01 -6.9469306617975235e-03 1.1986786266788840e-03 1.9848529249429703e-02 
6.9539318792521954e-03 9.9996680021286011e-01 -5.8630965650081635e-03 5.5157866328954697e-02 
-1.1576400138437748e-03 5.8737536892294884e-03 9.9998718500137329e-01 1.2919597327709198e-02 
0.0000000000000000e+00 0.0000000000000000e+00 0.0000000000000000e+00 1.0000000000000000e+00 
Research-counter-fast/0039.pcd
1.0000047683715820e+00 -2.0372821018099785e-03 -2.1180415933486074e-04 3.8592603523284197e-03 
2.0377798937261105e-03 1.0000030994415283e+00 1.5382084529846907e-03 1.2452340684831142e-02 
2.0849042630288750e-04 -1.5378671232610941e-03 1.0000010728836060e+00 1.9027770031243563e-03 
0.0000000000000000e+00 0.0000000000000000e+00 0.0000000000000000e+00 1.0000000000000000e+00 
Research-counter-fast/0040.pcd
9.9996459484100342e-01 -8.9904237538576126e-03 -1.0991067392751575e-03 -4.6082171611487865e-03 
8.9890565723180771e-03 9.9996852874755859e-01 -5.1829614676535130e-04 3.0662149190902710e-02 
1.1045789578929543e-03 5.0283136079087853e-04 1.0000054836273193e+00 1.9961325451731682e-03 
0.0000000000000000e+00 0.0000000000000000e+00 0.0000000000000000e+00 1.0000000000000000e+00 
Research-counter-fast/0041.pcd
9.9994540214538574e-01 -1.1485583148896694e-02 -1.0625385912135243e-03 -1.4209265820682049e-02 
1.1487576179206371e-02 9.9993991851806641e-01 2.6635157410055399e-03 4.1842877864837646e-02 
1.0321895824745297e-03 -2.6836358010768890e-03 1.0000053644180298e+00 4.7339187585748732e-04 
0.0000000000000000e+00 0.0000000000000000e+00 0.0000000000000000e+00 1.0000000000000000e+00 
Research-counter-fast/0042.pcd
9.9993944168090820e-01 -1.2276521883904934e-02 -1.6663882706779987e-04 -2.3811211809515953e-02 
1.2277314439415932e-02 9.9993211030960083e-01 2.8352439403533936e-03 4.3240256607532501e-02 
1.3113822205923498e-04 -2.8342304285615683e-03 1.0000016689300537e+00 3.4688333980739117e-03 
0.0000000000000000e+00 0.0000000000000000e+00 0.0000000000000000e+00 1.0000000000000000e+00 
Research-counter-fast/0043.pcd
9.9988812208175659e-01 -1.5383976511657238e-02 1.0202919365838170e-03 -3.1896863132715225e-02 
1.5378955751657486e-02 9.9987828731536865e-01 4.6823048032820225e-03 5.4220210760831833e-02 
-1.0914298472926021e-03 -4.6643130481243134e-03 9.9999141693115234e-01 1.1690084356814623e-03 
0.0000000000000000e+00 0.0000000000000000e+00 0.0000000000000000e+00 1.0000000000000000e+00 
Research-counter-fast/0044.pcd
9.9988228082656860e-01 -1.6074918210506439e-02 1.5649744309484959e-03 -3.4231975674629211e-02 
1.6073936596512794e-02 9.9987989664077759e-01 1.3069068081676960e-03 5.1283556967973709e-02 
-1.5874633099883795e-03 -1.2746769934892654e-03 1.0000027418136597e+00 2.8810745570808649e-03 
0.0000000000000000e+00 0.0000000000000000e+00 0.0000000000000000e+00 1.0000000000000000e+00 
Research-counter-fast/0045.pcd
9.9979877471923828e-01 -2.0901720970869064e-02 1.4250657986849546e-03 -3.1305912882089615e-02 
2.0904477685689926e-02 9.9978977441787720e-01 -1.3769587967544794e-03 6.2477480620145798e-02 
-1.3974314788356423e-03 1.4075563522055745e-03 1.0000061988830566e+00 4.6932678669691086e-03 
0.0000000000000000e+00 0.0000000000000000e+00 0.0000000000000000e+00 1.0000000000000000e+00 
Research-counter-fast/0046.pcd
9.9968314170837402e-01 -2.5716409087181091e-02 4.7768151853233576e-04 -5.0176087766885757e-02 
2.5717927142977715e-02 9.9968200922012329e-01 -9.4968068879097700e-04 7.4585691094398499e-02 
-4.5394295011647046e-04 9.6576689975336194e-04 1.0000023841857910e+00 2.1010278724133968e-03 
0.0000000000000000e+00 0.0000000000000000e+00 0.0000000000000000e+00 1.0000000000000000e+00 
Research-counter-fast/0047.pcd
9.9968934059143066e-01 -2.5286348536610603e-02 -1.2160451151430607e-03 -6.0440625995397568e-02 
2.5289528071880341e-02 9.9968624114990234e-01 1.7509474419057369e-03 8.1082679331302643e-02 
1.1717383749783039e-03 -1.7788880504667759e-03 1.0000036954879761e+00 4.4309031218290329e-03 
0.0000000000000000e+00 0.0000000000000000e+00 0.0000000000000000e+00 1.0000000000000000e+00 
Research-counter-fast/0048.pcd
9.9963814020156860e-01 -2.7229299768805504e-02 -5.6484009837731719e-04 -5.8843392878770828e-02 
2.7230493724346161e-02 9.9963301420211792e-01 4.4927539420314133e-05 7.9449407756328583e-02 
5.6250224588438869e-04 -6.3337130995932966e-05 1.0000073909759521e+00 1.0130573064088821e-03 
0.0000000000000000e+00 0.0000000000000000e+00 0.0000000000000000e+00 1.0000000000000000e+00 
Research-counter-fast/0049.pcd
9.9955189228057861e-01 -3.0240368098020554e-02 -9.0178853133693337e-04 -5.9868041425943375e-02 
3.0241893604397774e-02 9.9954891204833984e-01 1.6269863117486238e-03 9.3528598546981812e-02 
8.5156882414594293e-04 -1.6526510007679462e-03 1.0000015497207642e+00 4.5249643735587597e-03 
0.0000000000000000e+00 0.0000000000000000e+00 0.0000000000000000e+00 1.0000000000000000e+00 
Research-counter-fast/0050.pcd
9.9950921535491943e-01 -3.1694483011960983e-02 1.6103360103443265e-03 -6.1170861124992371e-02 
3.1691204756498337e-02 9.9950444698333740e-01 2.8193236794322729e-03 9.6882797777652740e-02 
-1.6991387819871306e-03 -2.7683523949235678e-03 1.0000056028366089e+00 1.7630422953516245e-03 
0.0000000000000000e+00 0.0000000000000000e+00 0.0000000000000000e+00 1.0000000000000000e+00 
Research-counter-fast/0051.pcd
9.9948346614837646e-01 -3.2173600047826767e-02 2.1768899168819189e-03 -6.4440406858921051e-02 
3.2179642468690872e-02 9.9948179721832275e-01 -2.4728467687964439e-03 1.0428479313850403e-01 
-2.0962732378393412e-03 2.5414766278117895e-03 9.9999934434890747e-01 2.6953674387186766e-03 
0.0000000000000000e+00 0.0000000000000000e+00 0.0000000000000000e+00 1.0000000000000000e+00 
Research-counter-fast/0052.pcd
9.9940806627273560e-01 -3.4770574420690536e-02 -2.9889307916164398e-04 -7.7673941850662231e-02 
3.4770432859659195e-02 9.9940556287765503e-01 -2.1054269745945930e-04 1.0669674724340439e-01 
3.0646543018519878e-04 2.0045290875714272e-04 1.0000034570693970e+00 1.3652417110279202e-03 
0.0000000000000000e+00 0.0000000000000000e+00 0.0000000000000000e+00 1.0000000000000000e+00 
Research-counter-fast/0053.pcd
9.9935477972030640e-01 -3.6130793392658234e-02 -1.2937152059748769e-03 -7.5890190899372101e-02 
3.6131143569946289e-02 9.9935472011566162e-01 2.2505754895973951e-04 1.2916815280914307e-01 
1.2840487761422992e-03 -2.6989070465788245e-04 1.0000030994415283e+00 1.3201857218518853e-03 
0.0000000000000000e+00 0.0000000000000000e+00 0.0000000000000000e+00 1.0000000000000000e+00 
Research-counter-fast/0054.pcd
9.9940645694732666e-01 -3.4726254642009735e-02 -1.4301892369985580e-03 -7.2215467691421509e-02 
3.4727230668067932e-02 9.9940508604049683e-01 8.5477880202233791e-04 1.0681482404470444e-01 
1.3996480265632272e-03 -9.0327014913782477e-04 1.0000041723251343e+00 7.0554565172642469e-04 
0.0000000000000000e+00 0.0000000000000000e+00 0.0000000000000000e+00 1.0000000000000000e+00 
Research-counter-fast/0055.pcd
9.9929678440093994e-01 -3.7625823169946671e-02 -1.9802448805421591e-03 -8.7512664496898651e-02 
3.7630707025527954e-02 9.9929648637771606e-01 2.1092277020215988e-03 1.0826402157545090e-01 
1.8992139957845211e-03 -2.1795805077999830e-03 9.9999982118606567e-01 -2.5913643185049295e-03 
0.0000000000000000e+00 0.0000000000000000e+00 0.0000000000000000e+00 1.0000000000000000e+00 
Research-counter-fast/0056.pcd
9.9928772449493408e-01 -3.7856377661228180e-02 -2.2502546198666096e-03 -8.9831016957759857e-02 
3.7886537611484528e-02 9.9916559457778931e-01 1.5801582485437393e-02 1.2443173676729202e-01 
1.6506825340911746e-03 -1.5876224264502525e-02 9.9987953901290894e-01 -1.0394449345767498e-02 
0.0000000000000000e+00 0.0000000000000000e+00 0.0000000000000000e+00 1.0000000000000000e+00 
Research-counter-fast/0057.pcd
9.9935179948806763e-01 -3.6237902939319611e-02 -1.1480605462566018e-03 -1.0190510004758835e-01 
3.6255776882171631e-02 9.9904721975326538e-01 2.4576546624302864e-02 1.1922854185104370e-01 
2.5567258126102388e-04 -2.4601899087429047e-02 9.9970364570617676e-01 -2.4983389303088188e-02 
0.0000000000000000e+00 0.0000000000000000e+00 0.0000000000000000e+00 1.0000000000000000e+00 
Research-counter-fast/0058.pcd
9.9951618909835815e-01 -3.1451329588890076e-02 2.0207294437568635e-04 -7.8568659722805023e-02 
3.1440369784832001e-02 9.9928492307662964e-01 2.1398412063717842e-02 1.7258033156394958e-01 
-8.7540649110451341e-04 -2.1380269899964333e-02 9.9977570772171021e-01 -2.5029629468917847e-02 
0.0000000000000000e+00 0.0000000000000000e+00 0.0000000000000000e+00 1.0000000000000000e+00 
Research-counter-fast/0059.pcd
9.9939477443695068e-01 -3.4840539097785950e-02 -2.1533740218728781e-03 -7.3345348238945007e-02 
3.4890923649072647e-02 9.9889659881591797e-01 3.1602717936038971e-02 1.7570614814758301e-01 
1.0499330237507820e-03 -3.1658824533224106e-02 9.9950164556503296e-01 -4.2841553688049316e-02 
0.0000000000000000e+00 0.0000000000000000e+00 0.0000000000000000e+00 1.0000000000000000e+00 
Research-counter-fast/0060.pcd
9.9929076433181763e-01 -3.7536125630140305e-02 -4.7172345221042633e-03 -8.6405605077743530e-02 
3.7687018513679504e-02 9.9859058856964111e-01 3.7575434893369675e-02 2.1243765950202942e-01 
3.2999177929013968e-03 -3.7726391106843948e-02 9.9928820133209229e-01 -5.1786944270133972e-02 
0.0000000000000000e+00 0.0000000000000000e+00 0.0000000000000000e+00 1.0000000000000000e+00 
Research-counter-fast/0061.pcd
9.9937230348587036e-01 -3.5327699035406113e-02 -4.8295608721673489e-03 -8.2322388887405396e-02 
3.5456746816635132e-02 9.9893432855606079e-01 2.9840948060154915e-02 2.1345563232898712e-01 
3.7700580433011055e-03 -2.9994150623679161e-02 9.9954724311828613e-01 -4.4022854417562485e-02 
0.0000000000000000e+00 0.0000000000000000e+00 0.0000000000000000e+00 1.0000000000000000e+00 
Research-counter-fast/0062.pcd
9.9970489740371704e-01 -2.4627014994621277e-02 6.8148795980960131e-04 -4.9518540501594543e-02 
2.4607252329587936e-02 9.9947696924209595e-01 2.1394595503807068e-02 3.0492410063743591e-01 
-1.2089523952454329e-03 -2.1370697766542435e-02 9.9977552890777588e-01 -3.0522309243679047e-02 
0.0000000000000000e+00 0.0000000000000000e+00 0.0000000000000000e+00 1.0000000000000000e+00 
Research-counter-fast/0063.pcd
9.9982190132141113e-01 -1.9424922764301300e-02 -4.9415230751037598e-04 -2.5833552703261375e-02 
1.9431097432971001e-02 9.9962466955184937e-01 1.9815431907773018e-02 3.2841810584068298e-01 
1.0769451910164207e-04 -1.9819892942905426e-02 9.9980878829956055e-01 -1.6916090622544289e-02 
0.0000000000000000e+00 0.0000000000000000e+00 0.0000000000000000e+00 1.0000000000000000e+00 
Research-counter-fast/0064.pcd
9.9998438358306885e-01 -6.4242053776979446e-03 -2.6580842677503824e-03 9.9330149590969086e-02 
6.4380108378827572e-03 9.9997150897979736e-01 5.1255612634122372e-03 2.9719045758247375e-01 
2.6250923983752728e-03 -5.1439716480672359e-03 9.9999099969863892e-01 7.9181343317031860e-03 
0.0000000000000000e+00 0.0000000000000000e+00 0.0000000000000000e+00 1.0000000000000000e+00 
Research-counter-fast/0065.pcd
9.9995583295822144e-01 -9.0018529444932938e-03 -5.2848546765744686e-03 6.0286220163106918e-02 
9.0394355356693268e-03 9.9994659423828125e-01 7.0987646467983723e-03 3.5027292370796204e-01 
5.2194111049175262e-03 -7.1440329775214195e-03 9.9996531009674072e-01 1.3244335539638996e-02 
0.0000000000000000e+00 0.0000000000000000e+00 0.0000000000000000e+00 1.0000000000000000e+00 
Research-counter-fast/0066.pcd
9.9998623132705688e-01 -4.4898544438183308e-03 -5.2927262149751186e-03 6.9993332028388977e-02 
4.5216423459351063e-03 9.9997943639755249e-01 5.9304283931851387e-03 2.5135084986686707e-01 
5.2647199481725693e-03 -5.9533431194722652e-03 9.9996948242187500e-01 1.6437541926279664e-03 
0.0000000000000000e+00 0.0000000000000000e+00 0.0000000000000000e+00 1.0000000000000000e+00 
Research-counter-fast/0067.pcd
9.9995708465576172e-01 -7.9085594043135643e-03 -5.5008349008858204e-03 8.6523965001106262e-02 
7.9476144164800644e-03 9.9995297193527222e-01 7.1665123105049133e-03 3.1208401918411255e-01 
5.4433019831776619e-03 -7.2078974917531013e-03 9.9996036291122437e-01 1.5888925408944488e-03 
0.0000000000000000e+00 0.0000000000000000e+00 0.0000000000000000e+00 1.0000000000000000e+00 
Research-counter-fast/0068.pcd
9.9993753433227539e-01 -1.1687763966619968e-02 -8.6662512330804020e-05 9.3460455536842346e-02 
1.1688023805618286e-02 9.9991810321807861e-01 6.5404335036873817e-03 2.3749130964279175e-01 
1.0158968507312238e-05 -6.5402723848819733e-03 9.9998021125793457e-01 -1.8044019117951393e-02 
0.0000000000000000e+00 0.0000000000000000e+00 0.0000000000000000e+00 1.0000000000000000e+00 
Research-counter-fast/0069.pcd
9.9986672401428223e-01 -1.6205675899982452e-02 3.4677227959036827e-03 2.1860718727111816e-02 
1.6180263832211494e-02 9.9985104799270630e-01 7.2232824750244617e-03 6.2367428094148636e-02 
-3.5843825899064541e-03 -7.1661556139588356e-03 9.9997007846832275e-01 -2.3570913821458817e-02 
0.0000000000000000e+00 0.0000000000000000e+00 0.0000000000000000e+00 1.0000000000000000e+00 
Research-counter-fast/0070.pcd
9.9965435266494751e-01 -2.6669127866625786e-02 -1.8138063605874777e-03 -3.8915991783142090e-02 
2.6694983243942261e-02 9.9952179193496704e-01 1.6058310866355896e-02 2.7843624353408813e-01 
1.3865518849343061e-03 -1.6100984066724777e-02 9.9987435340881348e-01 -1.0638579726219177e-02 
0.0000000000000000e+00 0.0000000000000000e+00 0.0000000000000000e+00 1.0000000000000000e+00 
Research-counter-fast/0071.pcd
9.9955707788467407e-01 -2.9843810945749283e-02 -3.5159015096724033e-03 -8.3305582404136658e-02 
2.9844138771295547e-02 9.9956279993057251e-01 4.9552498239791021e-05 3.4128871560096741e-01 
3.5134954378008842e-03 -1.5455750690307468e-04 9.9999940395355225e-01 1.0885435622185469e-03 
0.0000000000000000e+00 0.0000000000000000e+00 0.0000000000000000e+00 1.0000000000000000e+00 
Research-counter-fast/0072.pcd
9.9945801496505737e-01 -3.3033631742000580e-02 -3.8670962676405907e-03 -6.3589416444301605e-02 
3.3041492104530334e-02 9.9946027994155884e-01 1.9944328814744949e-03 2.7391770482063293e-01 
3.8009041454643011e-03 -2.1210173144936562e-03 9.9999678134918213e-01 7.5785582885146141e-03 
0.0000000000000000e+00 0.0000000000000000e+00 0.0000000000000000e+00 1.0000000000000000e+00 
Research-counter-fast/0073.pcd
9.9934273958206177e-01 -3.6420587450265884e-02 -3.1123720109462738e-03 -6.3714124262332916e-02 
3.6434032022953033e-02 9.9933522939682007e-01 4.2636869475245476e-03 2.6862725615501404e-01 
2.9553070198744535e-03 -4.3734726496040821e-03 9.9999535083770752e-01 9.1266212984919548e-03 
0.0000000000000000e+00 0.0000000000000000e+00 0.0000000000000000e+00 1.0000000000000000e+00 
Research-counter-fast/0074.pcd
9.9929827451705933e-01 -3.7614200264215469e-02 -2.9541254043579102e-03 -7.5358644127845764e-02 
3.7624865770339966e-02 9.9929368495941162e-01 3.6026628222316504e-03 2.2635208070278168e-01 
2.8176885098218918e-03 -3.7113626021891832e-03 9.9999386072158813e-01 2.3309716489166021e-03 
0.0000000000000000e+00 0.0000000000000000e+00 0.0000000000000000e+00 1.0000000000000000e+00 
Research-counter-fast/0075.pcd
9.9931204319000244e-01 -3.7084303796291351e-02 -3.6560944281518459e-03 -6.1241585761308670e-02 
3.7070989608764648e-02 9.9931389093399048e-01 -3.5682411398738623e-03 2.0638936758041382e-01 
3.7870192900300026e-03 3.4308228641748428e-03 9.9999231100082397e-01 1.4674105681478977e-02 
0.0000000000000000e+00 0.0000000000000000e+00 0.0000000000000000e+00 1.0000000000000000e+00 
Research-counter-fast/0076.pcd
9.9953573942184448e-01 -3.0654555186629295e-02 -2.7144763153046370e-03 -7.0215418934822083e-02 
3.0662352219223976e-02 9.9953013658523560e-01 2.3111354093998671e-03 2.8435140848159790e-01 
2.6437623891979456e-03 -2.3931676987558603e-03 1.0000007152557373e+00 3.0322102829813957e-03 
0.0000000000000000e+00 0.0000000000000000e+00 0.0000000000000000e+00 1.0000000000000000e+00 
Research-counter-fast/0077.pcd
9.9970006942749023e-01 -2.4208441376686096e-02 -5.6089386343955994e-03 -4.6299729496240616e-02 
2.4259291589260101e-02 9.9967151880264282e-01 9.2834467068314552e-03 2.9850208759307861e-01 
5.3830165416002274e-03 -9.4161666929721832e-03 9.9994790554046631e-01 6.0560181736946106e-03 
0.0000000000000000e+00 0.0000000000000000e+00 0.0000000000000000e+00 1.0000000000000000e+00 
Research-counter-fast/0078.pcd
9.9984592199325562e-01 -1.5675550326704979e-02 -8.8008223101496696e-03 -3.3868160098791122e-02 
1.5731574967503548e-02 9.9986690282821655e-01 6.2873894348740578e-03 1.9330362975597382e-01 
8.7017081677913666e-03 -6.4253699965775013e-03 9.9994838237762451e-01 6.6859931685030460e-03 
0.0000000000000000e+00 0.0000000000000000e+00 0.0000000000000000e+00 1.0000000000000000e+00 
Research-counter-fast/0079.pcd
9.9992257356643677e-01 -1.0877188295125961e-02 -8.1060612574219704e-03 -2.4517040699720383e-02 
1.0923013091087341e-02 9.9993646144866943e-01 5.5567692033946514e-03 2.6742357015609741e-01 
8.0475388094782829e-03 -5.6451056152582169e-03 9.9996036291122437e-01 1.4717994257807732e-02 
0.0000000000000000e+00 0.0000000000000000e+00 0.0000000000000000e+00 1.0000000000000000e+00 
Research-counter-fast/0080.pcd
9.9997174739837646e-01 -7.9737156629562378e-03 -2.8724323492497206e-03 -1.9085550680756569e-02 
7.9712672159075737e-03 9.9997049570083618e-01 -9.3156658113002777e-04 2.9087337851524353e-01 
2.8813292738050222e-03 9.0781378094106913e-04 9.9999892711639404e-01 1.3696735724806786e-02 
0.0000000000000000e+00 0.0000000000000000e+00 0.0000000000000000e+00 1.0000000000000000e+00 
Research-counter-fast/0081.pcd
9.9992191791534424e-01 -1.3553741388022900e-02 -1.2084558838978410e-03 -1.3469714671373367e-02 
1.3556284829974174e-02 9.9991422891616821e-01 1.1770416749641299e-03 3.4471592307090759e-01 
1.1940698605030775e-03 -1.1926087317988276e-03 1.0000039339065552e+00 2.2631747648119926e-02 
0.0000000000000000e+00 0.0000000000000000e+00 0.0000000000000000e+00 1.0000000000000000e+00 
Research-counter-fast/0082.pcd
9.9988180398941040e-01 -1.5629148110747337e-02 2.3514279164373875e-03 -2.5383513420820236e-02 
1.5654969960451126e-02 9.9982917308807373e-01 -1.0284235700964928e-02 3.2886415719985962e-01 
-2.1914115641266108e-03 1.0318762622773647e-02 9.9995362758636475e-01 2.5913828983902931e-02 
0.0000000000000000e+00 0.0000000000000000e+00 0.0000000000000000e+00 1.0000000000000000e+00 
Research-counter-fast/0083.pcd
9.9992614984512329e-01 -1.2638704851269722e-02 1.0187680600211024e-03 -2.4132747203111649e-03 
1.2640162371098995e-02 9.9992609024047852e-01 -7.5753004057332873e-04 3.9921450614929199e-01 
-1.0092810261994600e-03 7.7357882400974631e-04 1.0000023841857910e+00 9.8713412880897522e-03 
0.0000000000000000e+00 0.0000000000000000e+00 0.0000000000000000e+00 1.0000000000000000e+00 
Research-counter-fast/0084.pcd
9.9993425607681274e-01 -1.1788446456193924e-02 -3.4588533453643322e-03 -1.6687429742887616e-03 
1.1788350529968739e-02 9.9993324279785156e-01 -5.2568392129614949e-04 3.8297519087791443e-01 
3.4648461733013391e-03 4.8365371185354888e-04 9.9999856948852539e-01 4.7114272601902485e-03 
0.0000000000000000e+00 0.0000000000000000e+00 0.0000000000000000e+00 1.0000000000000000e+00 
Research-counter-fast/0085.pcd
9.9997776746749878e-01 -3.5684525500983000e-03 -6.8884827196598053e-03 -1.2312249280512333e-02 
3.5468663554638624e-03 9.9999678134918213e-01 -3.1167266424745321e-03 3.3840483427047729e-01 
6.9024381227791309e-03 3.0924472957849503e-03 9.9997723102569580e-01 9.8216682672500610e-03 
0.0000000000000000e+00 0.0000000000000000e+00 0.0000000000000000e+00 1.0000000000000000e+00 
Research-counter-fast/0086.pcd
1.0000034570693970e+00 -1.5817552339285612e-03 -3.4547382965683937e-03 -6.6085271537303925e-03 
1.5814712969586253e-03 1.0000048875808716e+00 -3.3970377990044653e-04 3.2513514161109924e-01 
3.4573220182210207e-03 3.3438464743085206e-04 9.9999988079071045e-01 2.4815782904624939e-02 
0.0000000000000000e+00 0.0000000000000000e+00 0.0000000000000000e+00 1.0000000000000000e+00 
Research-counter-fast/0087.pcd
1.0000150203704834e+00 -1.3589037116616964e-03 5.6262109865201637e-05 8.5506006143987179e-04 
1.3604718260467052e-03 9.9999809265136719e-01 5.0939163193106651e-03 3.6376109719276428e-01 
-6.2199658714234829e-05 -5.0952136516571045e-03 1.0000004768371582e+00 2.1163837984204292e-02 
0.0000000000000000e+00 0.0000000000000000e+00 0.0000000000000000e+00 1.0000000000000000e+00 
Research-counter-fast/0088.pcd
1.0000109672546387e+00 -9.6956983907148242e-04 -1.1672001564875245e-03 4.4517153874039650e-03 
9.6967548597604036e-04 1.0000063180923462e+00 -1.6706770984455943e-03 3.2600831985473633e-01 
1.1689541861414909e-03 1.6665363218635321e-03 1.0000108480453491e+00 1.4688940718770027e-02 
0.0000000000000000e+00 0.0000000000000000e+00 0.0000000000000000e+00 1.0000000000000000e+00 
Research-counter-fast/0089.pcd
1.0000035762786865e+00 9.6188607858493924e-04 -1.2805761070922017e-03 2.0073866471648216e-03 
-9.7090512281283736e-04 9.9997138977050781e-01 -8.0500598996877670e-03 3.4757852554321289e-01 
1.2748277513310313e-03 8.0506140366196632e-03 9.9997007846832275e-01 2.6089524850249290e-02 
0.0000000000000000e+00 0.0000000000000000e+00 0.0000000000000000e+00 1.0000000000000000e+00 
Research-counter-fast/0090.pcd
1.0000013113021851e+00 -3.0534113757312298e-03 -1.6933856386458501e-05 8.7204435840249062e-03 
3.0539243016391993e-03 9.9999898672103882e-01 3.0169091187417507e-03 3.9822289347648621e-01 
6.9914385676383972e-06 -3.0156956054270267e-03 1.0000020265579224e+00 3.0632400885224342e-02 
0.0000000000000000e+00 0.0000000000000000e+00 0.0000000000000000e+00 1.0000000000000000e+00 
Research-counter-fast/0091.pcd
1.0000050067901611e+00 -1.6115452162921429e-03 2.0427454728633165e-03 3.0552087351679802e-02 
1.6193090705201030e-03 9.9999696016311646e-01 -3.0614754650741816e-03 4.2572531104087830e-01 
-2.0367624238133430e-03 3.0646640807390213e-03 9.9999839067459106e-01 1.5371457673609257e-02 
0.0000000000000000e+00 0.0000000000000000e+00 0.0000000000000000e+00 1.0000000000000000e+00 
Research-counter-fast/0092.pcd
9.9999469518661499e-01 5.8999191969633102e-04 4.1507761925458908e-03 3.8232993334531784e-02 
-5.8047135826200247e-04 1.0000008344650269e+00 -2.1867745090276003e-03 3.6326318979263306e-01 
-4.1524516418576241e-03 2.1853838115930557e-03 9.9999564886093140e-01 1.8840506672859192e-02 
0.0000000000000000e+00 0.0000000000000000e+00 0.0000000000000000e+00 1.0000000000000000e+00 
Research-counter-fast/0093.pcd
9.9999374151229858e-01 -4.4198906980454922e-03 3.6321927327662706e-03 1.1952939443290234e-02 
4.4043413363397121e-03 9.9998903274536133e-01 4.3764002621173859e-03 3.9882057905197144e-01 
-3.6511179059743881e-03 -4.3597910553216934e-03 9.9999094009399414e-01 1.9797161221504211e-02 
0.0000000000000000e+00 0.0000000000000000e+00 0.0000000000000000e+00 1.0000000000000000e+00 
Research-counter-fast/0094.pcd
1.0000072717666626e+00 -1.3199261156842113e-03 1.8984042108058929e-03 1.8259113654494286e-02 
1.3273340882733464e-03 1.0000022649765015e+00 -3.6618704907596111e-03 3.8634109497070312e-01 
-1.8899992574006319e-03 3.6648788955062628e-03 9.9999815225601196e-01 2.5036932900547981e-02 
0.0000000000000000e+00 0.0000000000000000e+00 0.0000000000000000e+00 1.0000000000000000e+00 
Research-counter-fast/0095.pcd
1.0000045299530029e+00 3.3983606845140457e-03 3.1335599487647414e-04 1.0158173739910126e-02 
-3.3980149310082197e-03 9.9999737739562988e-01 -6.1751081375405192e-05 3.9901319146156311e-01 
-3.1130920979194343e-04 6.0227266658330336e-05 1.0000058412551880e+00 5.0236354582011700e-03 
0.0000000000000000e+00 0.0000000000000000e+00 0.0000000000000000e+00 1.0000000000000000e+00 
Research-counter-fast/0096.pcd
1.0000139474868774e+00 -1.5701412921771407e-03 -1.1958633549511433e-03 6.7224283702671528e-03 
1.5763308620080352e-03 9.9999660253524780e-01 5.2297278307378292e-03 4.4111090898513794e-01 
1.1893985792994499e-03 -5.2318605594336987e-03 9.9999618530273438e-01 9.5680681988596916e-03 
0.0000000000000000e+00 0.0000000000000000e+00 0.0000000000000000e+00 1.0000000000000000e+00 
Research-counter-fast/0097.pcd
1.0000059604644775e+00 -1.3608284061774611e-03 3.9623314514756203e-03 5.0773308612406254e-03 
1.2941318564116955e-03 9.9986952543258667e-01 1.6651764512062073e-02 4.4740206003189087e-01 
-3.9811343885958195e-03 -1.6646753996610641e-02 9.9986177682876587e-01 1.0452372953295708e-02 
0.0000000000000000e+00 0.0000000000000000e+00 0.0000000000000000e+00 1.0000000000000000e+00 
Research-counter-fast/0098.pcd
