Research-counter/0000.pcd
-7.5957715511322021e-01 -6.4071285724639893e-01 -1.1193577200174332e-01 0.0000000000000000e+00 
6.3849675655364990e-01 -7.0173311233520508e-01 -3.1605780124664307e-01 0.0000000000000000e+00 
1.2395324558019638e-01 -3.1154090166091919e-01 9.4211363792419434e-01 0.0000000000000000e+00 
0.0000000000000000e+00 0.0000000000000000e+00 0.0000000000000000e+00 1.0000000000000000e+00 
Research-counter/0001.pcd
9.9230861663818359e-01 7.9277746379375458e-02 9.5123507082462311e-02 -4.2672239243984222e-02 
-7.2768442332744598e-02 9.9488836526870728e-01 -7.0053353905677795e-02 -8.1710261292755604e-04 
-1.0018973797559738e-01 6.2590010464191437e-02 9.9299865961074829e-01 -1.5281441621482372e-02 
0.0000000000000000e+00 0.0000000000000000e+00 0.0000000000000000e+00 1.0000000000000000e+00 
Research-counter/0002.pcd
9.8874640464782715e-01 -1.2133193761110306e-01 8.7603718042373657e-02 -5.5419348180294037e-02 
1.2835168838500977e-01 9.8853939771652222e-01 -7.9495027661323547e-02 -1.5445003518834710e-03 
-7.6954752206802368e-02 8.9845873415470123e-02 9.9298214912414551e-01 -1.1618812568485737e-02 
0.0000000000000000e+00 0.0000000000000000e+00 0.0000000000000000e+00 1.0000000000000000e+00 
Research-counter/0003.pcd
9.8860651254653931e-01 -1.2259998917579651e-01 8.7386496365070343e-02 -3.6758933216333389e-02 
1.2960691750049591e-01 9.8837840557098389e-01 -7.9578422009944916e-02 2.3020335938781500e-03 
-7.6615244150161743e-02 9.0010777115821838e-02 9.9297624826431274e-01 -8.2124667242169380e-03 
0.0000000000000000e+00 0.0000000000000000e+00 0.0000000000000000e+00 1.0000000000000000e+00 
Research-counter/0004.pcd
9.8039144277572632e-01 1.7067250609397888e-01 9.8444662988185883e-02 -3.2901901751756668e-02 
-1.6469633579254150e-01 9.8414587974548340e-01 -6.6025279462337494e-02 5.3195585496723652e-03 
-1.0814972966909409e-01 4.8512194305658340e-02 9.9296408891677856e-01 -8.9347884058952332e-03 
0.0000000000000000e+00 0.0000000000000000e+00 0.0000000000000000e+00 1.0000000000000000e+00 
Research-counter/0005.pcd
9.9450832605361938e-01 -5.3361952304840088e-02 9.0180955827236176e-02 -6.2292478978633881e-02 
6.0298305004835129e-02 9.9529343843460083e-01 -7.6008722186088562e-02 -3.1489471439272165e-03 
-8.5701651871204376e-02 8.1037096679210663e-02 9.9302053451538086e-01 -1.6781125217676163e-02 
0.0000000000000000e+00 0.0000000000000000e+00 0.0000000000000000e+00 1.0000000000000000e+00 
Research-counter/0006.pcd
9.9505084753036499e-01 -4.1026651859283447e-02 9.0688958764076233e-02 -6.6056989133358002e-02 
4.7935016453266144e-02 9.9601739645004272e-01 -7.5346753001213074e-02 -3.9097064291127026e-04 
-8.7234407663345337e-02 7.9310372471809387e-02 9.9304419755935669e-01 -1.6673266887664795e-02 
0.0000000000000000e+00 0.0000000000000000e+00 0.0000000000000000e+00 1.0000000000000000e+00 
Research-counter/0007.pcd
9.9340724945068359e-01 6.4816348254680634e-02 9.4598233699798584e-02 -5.9756740927696228e-02 
-5.8245174586772919e-02 9.9581086635589600e-01 -7.0647425949573517e-02 1.2078536674380302e-03 
-9.8780974745750427e-02 6.4680352807044983e-02 9.9300909042358398e-01 -1.3806373812258244e-02 
0.0000000000000000e+00 0.0000000000000000e+00 0.0000000000000000e+00 1.0000000000000000e+00 
Research-counter/0008.pcd
9.9575895071029663e-01 -7.1827243082225323e-03 9.1898351907730103e-02 -6.9823332130908966e-02 
1.4021860435605049e-02 9.9717026948928833e-01 -7.3984168469905853e-02 -3.4224851988255978e-03 
-9.1107711195945740e-02 7.4948355555534363e-02 9.9302083253860474e-01 -1.4486008323729038e-02 
0.0000000000000000e+00 0.0000000000000000e+00 0.0000000000000000e+00 1.0000000000000000e+00 
Research-counter/0009.pcd
9.9509233236312866e-01 -3.9376545697450638e-02 9.0809807181358337e-02 -7.7518254518508911e-02 
4.6298023313283920e-02 9.9607604742050171e-01 -7.5421474874019623e-02 -2.8210240416228771e-03 
-8.7484367191791534e-02 7.9251311719417572e-02 9.9300777912139893e-01 -1.6757152974605560e-02 
0.0000000000000000e+00 0.0000000000000000e+00 0.0000000000000000e+00 1.0000000000000000e+00 
Research-counter/0010.pcd
-1.9798773527145386e-01 -9.8024660348892212e-01 2.5581941008567810e-04 -6.8271093070507050e-02 
9.6322000026702881e-01 -1.9460207223892212e-01 -1.8539930880069733e-01 -1.3455959269776940e-03 
1.8178468942642212e-01 -3.6451864987611771e-02 9.8266994953155518e-01 -2.3100540041923523e-02 
0.0000000000000000e+00 0.0000000000000000e+00 0.0000000000000000e+00 1.0000000000000000e+00 
Research-counter/0011.pcd
-2.6347079873085022e-01 -9.6463590860366821e-01 -7.2165923193097115e-03 1.3700820505619049e-02 
9.4672578573226929e-01 -2.5712960958480835e-01 -1.9389469921588898e-01 9.7577720880508423e-03 
1.8518246710300446e-01 -5.7918176054954529e-02 9.8100292682647705e-01 -1.4141188003122807e-02 
0.0000000000000000e+00 0.0000000000000000e+00 0.0000000000000000e+00 1.0000000000000000e+00 
Research-counter/0012.pcd
6.1476230621337891e-01 7.7841609716415405e-01 1.2709623575210571e-01 6.5766967833042145e-02 
-7.8200441598892212e-01 6.2253558635711670e-01 -3.0235089361667633e-02 2.8055433649569750e-03 
-1.0265056043863297e-01 -8.0811075866222382e-02 9.9144709110260010e-01 1.4771332964301109e-02 
0.0000000000000000e+00 0.0000000000000000e+00 0.0000000000000000e+00 1.0000000000000000e+00 
Research-counter/0013.pcd
9.6998804807662964e-01 -2.2895956039428711e-01 8.2169190049171448e-02 8.6799837648868561e-02 
2.3577319085597992e-01 9.6802902221679688e-01 -8.5854120552539825e-02 6.1396071687340736e-03 
-5.9884399175643921e-02 1.0265538841485977e-01 9.9293559789657593e-01 1.5738671645522118e-02 
0.0000000000000000e+00 0.0000000000000000e+00 0.0000000000000000e+00 1.0000000000000000e+00 
Research-counter/0014.pcd
9.8353272676467896e-01 1.5271031856536865e-01 9.6664115786552429e-02 8.2651659846305847e-02 
-1.4658439159393311e-01 9.8688358068466187e-01 -6.7618004977703094e-02 4.7095920890569687e-03 
-1.0572502762079239e-01 5.2333574742078781e-02 9.9301773309707642e-01 1.2866465374827385e-02 
0.0000000000000000e+00 0.0000000000000000e+00 0.0000000000000000e+00 1.0000000000000000e+00 
Research-counter/0015.pcd
7.7113354206085205e-01 6.2576663494110107e-01 1.1735019832849503e-01 7.7098160982131958e-02 
-6.2570977210998535e-01 7.7892881631851196e-01 -4.1944090276956558e-02 9.0590612962841988e-03 
-1.1765386164188385e-01 -4.1082903742790222e-02 9.9220693111419678e-01 1.1606395244598389e-02 
0.0000000000000000e+00 0.0000000000000000e+00 0.0000000000000000e+00 1.0000000000000000e+00 
Research-counter/0016.pcd
7.3248267173767090e-01 -6.7796528339385986e-01 6.1982039362192154e-02 3.6396626383066177e-02 
6.8011003732681274e-01 7.2463810443878174e-01 -1.1113905161619186e-01 3.9968337863683701e-02 
3.0434222891926765e-02 1.2356428802013397e-01 9.9186271429061890e-01 8.1636812537908554e-03 
0.0000000000000000e+00 0.0000000000000000e+00 0.0000000000000000e+00 1.0000000000000000e+00 
Research-counter/0017.pcd
9.7859376668930054e-01 -1.8793050944805145e-01 8.3921641111373901e-02 6.6698588430881500e-02 
1.9484519958496094e-01 9.7726386785507202e-01 -8.3615168929100037e-02 2.5808619335293770e-02 
-6.6298641264438629e-02 9.8176464438438416e-02 9.9295109510421753e-01 1.1557313613593578e-02 
0.0000000000000000e+00 0.0000000000000000e+00 0.0000000000000000e+00 1.0000000000000000e+00 
Research-counter/0018.pcd
9.7816473245620728e-01 1.8346129357814789e-01 9.7806394100189209e-02 7.2492413222789764e-02 
-1.7758874595165253e-01 9.8191380500793457e-01 -6.5740987658500671e-02 3.3098580315709114e-03 
-1.0809981822967529e-01 4.6941559761762619e-02 9.9304687976837158e-01 1.2755397707223892e-02 
0.0000000000000000e+00 0.0000000000000000e+00 0.0000000000000000e+00 1.0000000000000000e+00 
Research-counter/0019.pcd
8.4963732957839966e-01 5.1540869474411011e-01 1.1190348863601685e-01 6.5600037574768066e-02 
-5.1337605714797974e-01 8.5680967569351196e-01 -4.8443362116813660e-02 1.1076163500547409e-02 
-1.2084734439849854e-01 -1.6294302418828011e-02 9.9254822731018066e-01 6.8891029804944992e-03 
0.0000000000000000e+00 0.0000000000000000e+00 0.0000000000000000e+00 1.0000000000000000e+00 
Research-counter/0020.pcd
7.8166675567626953e-01 -6.2030225992202759e-01 6.5173469483852386e-02 4.3902765959501266e-02 
6.2351322174072266e-01 7.7448761463165283e-01 -1.0683188587427139e-01 3.5099241882562637e-02 
1.5785124152898788e-02 1.2414036691188812e-01 9.9214160442352295e-01 8.3310287445783615e-03 
0.0000000000000000e+00 0.0000000000000000e+00 0.0000000000000000e+00 1.0000000000000000e+00 
Research-counter/0021.pcd
9.9553084373474121e-01 -2.8976103290915489e-02 8.9816443622112274e-02 7.4341610074043274e-02 
3.5817377269268036e-02 9.9649810791015625e-01 -7.5509034097194672e-02 9.3462858349084854e-03 
-8.7313093245029449e-02 7.8400135040283203e-02 9.9310082197189331e-01 9.7731929272413254e-03 
0.0000000000000000e+00 0.0000000000000000e+00 0.0000000000000000e+00 1.0000000000000000e+00 
Research-counter/0022.pcd
9.9569571018218994e-01 -2.1919099614024162e-02 9.0116977691650391e-02 7.7476792037487030e-02 
2.8823291882872581e-02 9.9668991565704346e-01 -7.6031871140003204e-02 6.2537579797208309e-03 
-8.8153071701526642e-02 7.8302435576915741e-02 9.9303001165390015e-01 1.2351736426353455e-02 
0.0000000000000000e+00 0.0000000000000000e+00 0.0000000000000000e+00 1.0000000000000000e+00 
Research-counter/0023.pcd
9.9415659904479980e-01 5.4385352879762650e-02 9.3351751565933228e-02 9.0750046074390411e-03 
-4.7757685184478760e-02 9.9627816677093506e-01 -7.1801818907260895e-02 6.9868884747847915e-04 
-9.6909426152706146e-02 6.6926397383213043e-02 9.9304211139678955e-01 2.3838016204535961e-03 
0.0000000000000000e+00 0.0000000000000000e+00 0.0000000000000000e+00 1.0000000000000000e+00 
Research-counter/0024.pcd
9.9536257982254028e-01 -3.4318815916776657e-02 8.9900091290473938e-02 2.2958418354392052e-02 
4.1230067610740662e-02 9.9623996019363403e-01 -7.6195105910301208e-02 2.8938492760062218e-03 
-8.6949169635772705e-02 7.9552635550498962e-02 9.9302530288696289e-01 6.5574189648032188e-03 
0.0000000000000000e+00 0.0000000000000000e+00 0.0000000000000000e+00 1.0000000000000000e+00 
Research-counter/0025.pcd
9.9491232633590698e-01 -4.6777214854955673e-02 8.9247383177280426e-02 4.0977556258440018e-02 
5.3723886609077454e-02 9.9557518959045410e-01 -7.7088221907615662e-02 1.7664780607447028e-03 
-8.5246898233890533e-02 8.1489719450473785e-02 9.9302232265472412e-01 9.5523465424776077e-03 
0.0000000000000000e+00 0.0000000000000000e+00 0.0000000000000000e+00 1.0000000000000000e+00 
Research-counter/0026.pcd
9.7906285524368286e-01 1.7852331697940826e-01 9.7888410091400146e-02 3.5038314759731293e-02 
-1.7256437242031097e-01 9.8275917768478394e-01 -6.6339798271656036e-02 -7.8022573143243790e-04 
-1.0804214328527451e-01 4.8052106052637100e-02 9.9298888444900513e-01 9.1692600399255753e-03 
0.0000000000000000e+00 0.0000000000000000e+00 0.0000000000000000e+00 1.0000000000000000e+00 
Research-counter/0027.pcd
9.9538040161132812e-01 -3.2960079610347748e-02 9.0165749192237854e-02 8.6569888517260551e-03 
3.9935640990734100e-02 9.9625402688980103e-01 -7.6685734093189240e-02 1.4262095792219043e-03 
-8.7300896644592285e-02 7.9931735992431641e-02 9.9297028779983521e-01 2.2604602854698896e-03 
0.0000000000000000e+00 0.0000000000000000e+00 0.0000000000000000e+00 1.0000000000000000e+00 
Research-counter/0028.pcd
9.9190896749496460e-01 8.4965474903583527e-02 9.4158813357353210e-02 4.6614915132522583e-02 
-7.8427277505397797e-02 9.9437636137008667e-01 -7.1088679134845734e-02 7.3669874109327793e-04 
-9.9670208990573883e-02 6.3130579888820648e-02 9.9301689863204956e-01 1.1915984563529491e-02 
0.0000000000000000e+00 0.0000000000000000e+00 0.0000000000000000e+00 1.0000000000000000e+00 
Research-counter/0029.pcd
9.8864310979843140e-01 1.1617848277091980e-01 9.5380879938602448e-02 6.1561759561300278e-02 
-1.0979968309402466e-01 9.9151700735092163e-01 -6.9616578519344330e-02 1.7478018999099731e-03 
-1.0266032069921494e-01 5.8354090899229050e-02 9.9300414323806763e-01 1.1448142118752003e-02 
0.0000000000000000e+00 0.0000000000000000e+00 0.0000000000000000e+00 1.0000000000000000e+00 
Research-counter/0030.pcd
9.9134743213653564e-01 9.1456986963748932e-02 9.4274006783962250e-02 9.3374706804752350e-02 
-8.4968447685241699e-02 9.9387979507446289e-01 -7.0693157613277435e-02 4.5551895163953304e-03 
-1.0016208142042160e-01 6.2070757150650024e-02 9.9302840232849121e-01 1.4500507153570652e-02 
0.0000000000000000e+00 0.0000000000000000e+00 0.0000000000000000e+00 1.0000000000000000e+00 
Research-counter/0031.pcd
9.8784857988357544e-01 1.2280673533678055e-01 9.5423534512519836e-02 8.1214010715484619e-02 
-1.1653503030538559e-01 9.9081391096115112e-01 -6.8728826940059662e-02 4.6249683946371078e-03 
-1.0298924148082733e-01 5.6772302836179733e-02 9.9307745695114136e-01 1.4096270315349102e-02 
0.0000000000000000e+00 0.0000000000000000e+00 0.0000000000000000e+00 1.0000000000000000e+00 
Research-counter/0032.pcd
9.9200111627578735e-01 8.4260627627372742e-02 9.4043478369712830e-02 8.0458484590053558e-02 
-7.7741339802742004e-02 9.9444586038589478e-01 -7.0941321551799774e-02 7.6385010033845901e-03 
-9.9499747157096863e-02 6.3055686652660370e-02 9.9305135011672974e-01 1.4021609909832478e-02 
0.0000000000000000e+00 0.0000000000000000e+00 0.0000000000000000e+00 1.0000000000000000e+00 
Research-counter/0033.pcd
9.8950582742691040e-01 1.0899118334054947e-01 9.4963252544403076e-02 7.6745554804801941e-02 
-1.0257674008607864e-01 9.9225980043411255e-01 -6.9961681962013245e-02 4.7836494632065296e-03 
-1.0185632109642029e-01 5.9477616101503372e-02 9.9303078651428223e-01 1.4160819351673126e-02 
0.0000000000000000e+00 0.0000000000000000e+00 0.0000000000000000e+00 1.0000000000000000e+00 
Research-counter/0034.pcd
9.7723060846328735e-01 1.8812271952629089e-01 9.8054394125938416e-02 8.6480170488357544e-02 
-1.8221662938594818e-01 9.8102641105651855e-01 -6.6150210797786713e-02 5.0175571814179420e-03 
-1.0864069312810898e-01 4.6781428158283234e-02 9.9297356605529785e-01 1.6085984185338020e-02 
0.0000000000000000e+00 0.0000000000000000e+00 0.0000000000000000e+00 1.0000000000000000e+00 
Research-counter/0035.pcd
9.9104589223861694e-01 9.4346180558204651e-02 9.4485782086849213e-02 8.6210042238235474e-02 
-8.7885022163391113e-02 9.9364244937896729e-01 -7.0359364151954651e-02 5.8012204244732857e-03 
-1.0052284598350525e-01 6.1424791812896729e-02 9.9303817749023438e-01 1.3626619242131710e-02 
0.0000000000000000e+00 0.0000000000000000e+00 0.0000000000000000e+00 1.0000000000000000e+00 
Research-counter/0036.pcd
9.3110859394073486e-01 3.4951305389404297e-01 1.0443705320358276e-01 8.0079436302185059e-02 
-3.4511056542396545e-01 9.3676406145095825e-01 -5.8149226009845734e-02 -2.1628914691973478e-04 
-1.1815239489078522e-01 1.8091296777129173e-02 9.9285167455673218e-01 1.3659927994012833e-02 
0.0000000000000000e+00 0.0000000000000000e+00 0.0000000000000000e+00 1.0000000000000000e+00 
Research-counter/0037.pcd
-4.4415020942687988e-01 6.4604473114013672e-01 6.2080967426300049e-01 8.4960177540779114e-02 
4.2927715182304382e-01 -4.5474463701248169e-01 7.8035032749176025e-01 5.3930655121803284e-03 
7.8642922639846802e-01 6.1308711767196655e-01 -7.5368843972682953e-02 1.3866960071027279e-02 
0.0000000000000000e+00 0.0000000000000000e+00 0.0000000000000000e+00 1.0000000000000000e+00 
Research-counter/0038.pcd
8.5452580451965332e-01 -5.1466804742813110e-01 7.0094272494316101e-02 7.5661554932594299e-02 
5.1935261487960815e-01 8.4871000051498413e-01 -9.9813424050807953e-02 1.0677640093490481e-03 
-8.1219309940934181e-03 1.2169318646192551e-01 9.9253952503204346e-01 7.8328046947717667e-03 
0.0000000000000000e+00 0.0000000000000000e+00 0.0000000000000000e+00 1.0000000000000000e+00 
Research-counter/0039.pcd
6.7488783597946167e-01 -7.3563909530639648e-01 5.8197863399982452e-02 6.9200783967971802e-02 
7.3647975921630859e-01 6.6651123762130737e-01 -1.1565661430358887e-01 1.9821779802441597e-02 
4.6289741992950439e-02 1.2091632187366486e-01 9.9157381057739258e-01 1.2785873375833035e-02 
0.0000000000000000e+00 0.0000000000000000e+00 0.0000000000000000e+00 1.0000000000000000e+00 
Research-counter/0040.pcd
-1.2112270295619965e-01 -9.9264073371887207e-01 5.9084263630211353e-03 7.6372951269149780e-02 
9.7651654481887817e-01 -1.2021990865468979e-01 -1.7883440852165222e-01 9.4758104532957077e-03 
1.7821511626243591e-01 -1.5888698399066925e-02 9.8386877775192261e-01 1.0538343340158463e-02 
0.0000000000000000e+00 0.0000000000000000e+00 0.0000000000000000e+00 1.0000000000000000e+00 
Research-counter/0041.pcd
-4.8972824215888977e-01 8.4331703186035156e-01 2.2131638228893280e-01 6.0341905802488327e-02 
-8.5083836317062378e-01 -5.1767510175704956e-01 8.9843980967998505e-02 1.4622904360294342e-02 
1.9033816456794739e-01 -1.4430612325668335e-01 9.7105801105499268e-01 7.8292414546012878e-03 
0.0000000000000000e+00 0.0000000000000000e+00 0.0000000000000000e+00 1.0000000000000000e+00 
Research-counter/0042.pcd
5.7579582929611206e-01 -8.1594049930572510e-01 5.2641473710536957e-02 9.9219366908073425e-02 
8.1462240219116211e-01 5.6696903705596924e-01 -1.2234979122877121e-01 2.2282924503087997e-02 
6.9976098835468292e-02 1.1333048343658447e-01 9.9110668897628784e-01 1.7454987391829491e-02 
0.0000000000000000e+00 0.0000000000000000e+00 0.0000000000000000e+00 1.0000000000000000e+00 
Research-counter/0043.pcd
-6.2227660417556763e-01 4.5775103569030762e-01 -6.3503175973892212e-01 6.7932151257991791e-02 
6.4908975362777710e-01 -1.5175844728946686e-01 -7.4544459581375122e-01 9.0357372537255287e-03 
-4.3756875395774841e-01 -8.7603741884231567e-01 -2.0268827676773071e-01 1.0846366174519062e-02 
0.0000000000000000e+00 0.0000000000000000e+00 0.0000000000000000e+00 1.0000000000000000e+00 
Research-counter/0044.pcd
-5.4020833969116211e-01 5.5133044719696045e-01 6.3577389717102051e-01 9.1326311230659485e-02 
2.7126988768577576e-01 -6.0107231140136719e-01 7.5173574686050415e-01 1.9592896103858948e-02 
7.9662370681762695e-01 5.7857739925384521e-01 1.7514917254447937e-01 1.4482479542493820e-02 
0.0000000000000000e+00 0.0000000000000000e+00 0.0000000000000000e+00 1.0000000000000000e+00 
Research-counter/0045.pcd
7.7274316549301147e-01 -6.3129645586013794e-01 6.5871030092239380e-02 7.1706764400005341e-02 
6.3450378179550171e-01 7.6558130979537964e-01 -1.0626281052827835e-01 1.9708214327692986e-02 
1.6655454412102699e-02 1.2391026318073273e-01 9.9215441942214966e-01 1.3265402987599373e-02 
0.0000000000000000e+00 0.0000000000000000e+00 0.0000000000000000e+00 1.0000000000000000e+00 
Research-counter/0046.pcd
9.7804474830627441e-01 1.8343770503997803e-01 9.8958857357501984e-02 6.6474251449108124e-02 
-1.7747572064399719e-01 9.8190635442733765e-01 -6.6076479852199554e-02 3.9004661142826080e-02 
-1.0929240286350250e-01 4.7066044062376022e-02 9.9289685487747192e-01 3.5493415780365467e-03 
0.0000000000000000e+00 0.0000000000000000e+00 0.0000000000000000e+00 1.0000000000000000e+00 
Research-counter/0047.pcd
9.3510562181472778e-01 -3.4581512212753296e-01 7.7410176396369934e-02 4.3004039674997330e-02 
3.5203835368156433e-01 9.3156319856643677e-01 -9.0974964201450348e-02 2.8913451358675957e-02 
-4.0656685829162598e-02 1.1232034116983414e-01 9.9284869432449341e-01 3.1044299248605967e-03 
0.0000000000000000e+00 0.0000000000000000e+00 0.0000000000000000e+00 1.0000000000000000e+00 
Research-counter/0048.pcd
-2.3805545270442963e-01 9.5319843292236328e-01 1.8641360104084015e-01 7.3995158076286316e-02 
-9.6700954437255859e-01 -2.5052788853645325e-01 4.6152014285326004e-02 4.0282092988491058e-02 
9.0697742998600006e-02 -1.6927886009216309e-01 9.8139959573745728e-01 1.4300449751317501e-02 
0.0000000000000000e+00 0.0000000000000000e+00 0.0000000000000000e+00 1.0000000000000000e+00 
Research-counter/0049.pcd
9.9442458152770996e-01 -5.5595275014638901e-02 8.9665472507476807e-02 3.3750548958778381e-02 
6.2570527195930481e-02 9.9507397413253784e-01 -7.6949059963226318e-02 8.1197433173656464e-02 
-8.4946647286415100e-02 8.2133032381534576e-02 9.9299532175064087e-01 6.2025375664234161e-03 
0.0000000000000000e+00 0.0000000000000000e+00 0.0000000000000000e+00 1.0000000000000000e+00 
Research-counter/0050.pcd
7.5218683481216431e-01 6.4862865209579468e-01 1.1623766273260117e-01 2.2473681718111038e-02 
-6.5024495124816895e-01 7.5917625427246094e-01 -2.8851341456174850e-02 9.5611102879047394e-03 
-1.0953299701213837e-01 -5.6109905242919922e-02 9.9239641427993774e-01 -2.4708131328225136e-02 
0.0000000000000000e+00 0.0000000000000000e+00 0.0000000000000000e+00 1.0000000000000000e+00 
Research-counter/0051.pcd
6.1971026659011841e-01 7.7440536022186279e-01 1.2759582698345184e-01 -4.3723657727241516e-03 
-7.7919769287109375e-01 6.2654316425323486e-01 -1.8186977133154869e-02 1.2771317735314369e-02 
-9.4032764434814453e-02 -8.8143765926361084e-02 9.9166971445083618e-01 -3.0404584482312202e-02 
0.0000000000000000e+00 0.0000000000000000e+00 0.0000000000000000e+00 1.0000000000000000e+00 
Research-counter/0052.pcd
-6.8460988998413086e-01 -7.2456741333007812e-01 -7.9532504081726074e-02 -8.2023926079273224e-03 
7.1400243043899536e-01 -6.4463806152343750e-01 -2.7322849631309509e-01 1.3602294493466616e-03 
1.4670522511005402e-01 -2.4384035170078278e-01 9.5865917205810547e-01 -1.8889732658863068e-02 
0.0000000000000000e+00 0.0000000000000000e+00 0.0000000000000000e+00 1.0000000000000000e+00 
Research-counter/0053.pcd
-1.0746370255947113e-01 -9.9419194459915161e-01 9.2944707721471786e-03 7.2104665450751781e-03 
9.7795993089675903e-01 -1.0738613456487656e-01 -1.7912751436233521e-01 6.6815107129514217e-03 
1.7908489704132080e-01 -1.0156900621950626e-02 9.8379629850387573e-01 1.2360341846942902e-02 
0.0000000000000000e+00 0.0000000000000000e+00 0.0000000000000000e+00 1.0000000000000000e+00 
Research-counter/0054.pcd
-3.0787780880928040e-01 8.7587958574295044e-01 -3.7154400348663330e-01 2.5242455303668976e-03 
9.3372046947479248e-01 2.0316836237907410e-01 -2.9477363824844360e-01 9.4613898545503616e-03 
-1.8269668519496918e-01 -4.3767204880714417e-01 -8.8037699460983276e-01 1.2286465615034103e-02 
0.0000000000000000e+00 0.0000000000000000e+00 0.0000000000000000e+00 1.0000000000000000e+00 
Research-counter/0055.pcd
8.5312819480895996e-01 5.0932484865188599e-01 1.1296898126602173e-01 1.3733280356973410e-03 
-5.0710678100585938e-01 8.6044633388519287e-01 -4.9745425581932068e-02 1.1415258049964905e-02 
-1.2253908812999725e-01 -1.4850798994302750e-02 9.9235600233078003e-01 1.2193690985441208e-02 
0.0000000000000000e+00 0.0000000000000000e+00 0.0000000000000000e+00 1.0000000000000000e+00 
Research-counter/0056.pcd
5.5363279581069946e-01 8.2203727960586548e-01 1.3323529064655304e-01 -1.0385012254118919e-02 
-8.2723063230514526e-01 5.6127828359603882e-01 -2.5623925030231476e-02 3.0773594975471497e-02 
-9.4999954104423523e-02 -9.4774447381496429e-02 9.9096530675888062e-01 6.2244753353297710e-03 
0.0000000000000000e+00 0.0000000000000000e+00 0.0000000000000000e+00 1.0000000000000000e+00 
Research-counter/0057.pcd
-7.1657520532608032e-01 3.2153081893920898e-01 -6.1902105808258057e-01 -1.3956424780189991e-02 
5.5176514387130737e-01 -2.8164520859718323e-01 -7.8501391410827637e-01 2.5470176711678505e-02 
-4.2674413323402405e-01 -9.0406149625778198e-01 2.4415422230958939e-02 3.9558969438076019e-03 
0.0000000000000000e+00 0.0000000000000000e+00 0.0000000000000000e+00 1.0000000000000000e+00 
Research-counter/0058.pcd
-2.4501413106918335e-01 -9.6950685977935791e-01 -1.0152209550142288e-02 4.9916051328182220e-02 
9.5264708995819092e-01 -2.3876304924488068e-01 -1.8830898404121399e-01 3.8223769515752792e-02 
1.8234129250049591e-01 -4.6955674886703491e-02 9.8208928108215332e-01 -2.1687427069991827e-03 
0.0000000000000000e+00 0.0000000000000000e+00 0.0000000000000000e+00 1.0000000000000000e+00 
Research-counter/0059.pcd
9.6157181262969971e-01 2.5444057583808899e-01 1.0325421392917633e-01 -2.2631684318184853e-02 
-2.4950349330902100e-01 9.6662282943725586e-01 -5.8399602770805359e-02 4.8313595354557037e-02 
-1.1410152912139893e-01 3.0544200912117958e-02 9.9299907684326172e-01 -1.0491376742720604e-03 
0.0000000000000000e+00 0.0000000000000000e+00 0.0000000000000000e+00 1.0000000000000000e+00 
Research-counter/0060.pcd
7.7265375852584839e-01 -6.3109016418457031e-01 6.9031432271003723e-02 -3.7798415869474411e-02 
6.3471078872680664e-01 7.6556742191314697e-01 -1.0525772720575333e-01 6.3862271606922150e-02 
1.5408466570079327e-02 1.2364816665649414e-01 9.9221974611282349e-01 -1.9460557959973812e-03 
0.0000000000000000e+00 0.0000000000000000e+00 0.0000000000000000e+00 1.0000000000000000e+00 
Research-counter/0061.pcd
8.6133348941802979e-01 4.9548295140266418e-01 1.1228596419095993e-01 -2.9036074876785278e-02 
-4.9381345510482788e-01 8.6844533681869507e-01 -4.4200219213962555e-02 5.9246800839900970e-02 
-1.1980620026588440e-01 -1.7600651830434799e-02 9.9264246225357056e-01 -4.2887493036687374e-03 
0.0000000000000000e+00 0.0000000000000000e+00 0.0000000000000000e+00 1.0000000000000000e+00 
Research-counter/0062.pcd
6.2970268726348877e-01 -7.7511715888977051e-01 5.2220035344362259e-02 -1.2643930502235889e-02 
7.7486735582351685e-01 6.2188482284545898e-01 -1.1337390542030334e-01 5.7578127831220627e-02 
5.1255680620670319e-02 1.1701267957687378e-01 9.9178725481033325e-01 -1.2003676034510136e-02 
0.0000000000000000e+00 0.0000000000000000e+00 0.0000000000000000e+00 1.0000000000000000e+00 
Research-counter/0063.pcd
5.0213205814361572e-01 8.5548633337020874e-01 1.2695881724357605e-01 -1.2588145909830928e-03 
-8.6097592115402222e-01 5.0828367471694946e-01 -1.9612889736890793e-02 5.8076016604900360e-02 
-8.5306055843830109e-02 -1.0640152543783188e-01 9.9063163995742798e-01 -1.1023005936294794e-04 
0.0000000000000000e+00 0.0000000000000000e+00 0.0000000000000000e+00 1.0000000000000000e+00 
Research-counter/0064.pcd
9.7017592191696167e-01 -2.2709116339683533e-01 8.4811978042125702e-02 -4.2074285447597504e-02 
2.3402699828147888e-01 9.6865081787109375e-01 -8.3418190479278564e-02 5.5644795298576355e-02 
-6.3210435211658478e-02 1.0078443586826324e-01 9.9289733171463013e-01 1.3092565350234509e-03 
0.0000000000000000e+00 0.0000000000000000e+00 0.0000000000000000e+00 1.0000000000000000e+00 
Research-counter/0065.pcd
9.8855817317962646e-01 -1.2135814875364304e-01 8.9653991162776947e-02 -4.3524291366338730e-02 
1.2817522883415222e-01 9.8895460367202759e-01 -7.4636429548263550e-02 6.6721305251121521e-02 
-7.8909687697887421e-02 8.5181444883346558e-02 9.9322944879531860e-01 5.1204944029450417e-03 
0.0000000000000000e+00 0.0000000000000000e+00 0.0000000000000000e+00 1.0000000000000000e+00 
Research-counter/0066.pcd
9.8267006874084473e-01 -1.6340996325016022e-01 8.7526030838489532e-02 -3.3780127763748169e-02 
1.7052643001079559e-01 9.8201274871826172e-01 -8.1113681197166443e-02 7.0597082376480103e-02 
-7.3384262621402740e-02 9.4742946326732635e-02 9.9279451370239258e-01 8.1368684768676758e-03 
0.0000000000000000e+00 0.0000000000000000e+00 0.0000000000000000e+00 1.0000000000000000e+00 
Research-counter/0067.pcd
9.7404962778091431e-01 2.0306482911109924e-01 9.9984027445316315e-02 -2.3647304624319077e-02 
-1.9744297862052917e-01 9.7826957702636719e-01 -6.3306726515293121e-02 8.1547170877456665e-02 
-1.1311737447977066e-01 4.1388727724552155e-02 9.9271965026855469e-01 -3.3007231540977955e-03 
0.0000000000000000e+00 0.0000000000000000e+00 0.0000000000000000e+00 1.0000000000000000e+00 
Research-counter/0068.pcd
9.8917937278747559e-01 -1.1565943807363510e-01 9.0294614434242249e-02 -4.2819540947675705e-02 
1.2253467738628387e-01 9.8964673280715942e-01 -7.4724346399307251e-02 7.9368352890014648e-02 
-8.0512046813964844e-02 8.4945388138294220e-02 9.9313050508499146e-01 7.3617673479020596e-05 
0.0000000000000000e+00 0.0000000000000000e+00 0.0000000000000000e+00 1.0000000000000000e+00 
Research-counter/0069.pcd
9.8218405246734619e-01 -1.6768893599510193e-01 8.4888681769371033e-02 -3.2801307737827301e-02 
1.7422659695148468e-01 9.8171818256378174e-01 -7.6637074351310730e-02 8.0997191369533539e-02 
-7.3258854448795319e-02 9.0509906411170959e-02 9.9319297075271606e-01 -7.7220862731337547e-03 
0.0000000000000000e+00 0.0000000000000000e+00 0.0000000000000000e+00 1.0000000000000000e+00 
Research-counter/0070.pcd
9.9274617433547974e-01 7.8746929764747620e-02 9.1079920530319214e-02 -2.1847257390618324e-02 
-7.2965405881404877e-02 9.9520170688629150e-01 -6.5267518162727356e-02 8.7731666862964630e-02 
-1.0127440094947815e-01 5.7844687253236771e-02 9.9315601587295532e-01 -9.8833143711090088e-03 
0.0000000000000000e+00 0.0000000000000000e+00 0.0000000000000000e+00 1.0000000000000000e+00 
Research-counter/0071.pcd
9.9486190080642700e-01 -4.4865842908620834e-02 9.0951338410377502e-02 -4.6646106988191605e-02 
5.1652722060680389e-02 9.9595719575881958e-01 -7.3651991784572601e-02 8.6832582950592041e-02 
-8.9212849736213684e-02 7.8048825263977051e-02 9.9295216798782349e-01 9.1712092980742455e-03 
0.0000000000000000e+00 0.0000000000000000e+00 0.0000000000000000e+00 1.0000000000000000e+00 
Research-counter/0072.pcd
9.7054904699325562e-01 -2.2573255002498627e-01 8.4163889288902283e-02 -4.4310178607702255e-02 
2.3266260325908661e-01 9.6890014410018921e-01 -8.4273889660835266e-02 9.1960653662681580e-02 
-6.4417764544487000e-02 1.0179339349269867e-01 9.9271547794342041e-01 2.7788693550974131e-03 
0.0000000000000000e+00 0.0000000000000000e+00 0.0000000000000000e+00 1.0000000000000000e+00 
Research-counter/0073.pcd
9.7248655557632446e-01 2.1196630597114563e-01 9.6886321902275085e-02 -2.3832652717828751e-02 
-2.0662702620029449e-01 9.7645282745361328e-01 -6.2160156667232513e-02 1.0393070429563522e-01 
-1.1339414119720459e-01 3.9349395781755447e-02 9.9275779724121094e-01 -1.0170274181291461e-03 
0.0000000000000000e+00 0.0000000000000000e+00 0.0000000000000000e+00 1.0000000000000000e+00 
Research-counter/0074.pcd
9.9213725328445435e-01 -8.3247072994709015e-02 9.3477629125118256e-02 -7.7817685902118683e-02 
9.0498596429824829e-02 9.9297291040420532e-01 -7.6261952519416809e-02 1.0227669030427933e-01 
-8.4273032844066620e-02 8.3952225744724274e-02 9.9289655685424805e-01 8.1331385299563408e-03 
0.0000000000000000e+00 0.0000000000000000e+00 0.0000000000000000e+00 1.0000000000000000e+00 
Research-counter/0075.pcd
9.7299909591674805e-01 -2.1598929166793823e-01 8.1547655165195465e-02 -4.9213875085115433e-02 
2.2243723273277283e-01 9.7161191701889038e-01 -8.0592967569828033e-02 8.9415714144706726e-02 
-6.4623385667800903e-02 9.7218304872512817e-02 9.9315553903579712e-01 -4.4121062383055687e-03 
0.0000000000000000e+00 0.0000000000000000e+00 0.0000000000000000e+00 1.0000000000000000e+00 
Research-counter/0076.pcd
9.7935920953750610e-01 -1.8368390202522278e-01 8.4521315991878510e-02 -4.8908691853284836e-02 
1.9043678045272827e-01 9.7843116521835327e-01 -8.0240264534950256e-02 1.1398585885763168e-01 
-7.0865452289581299e-02 9.5264613628387451e-02 9.9292480945587158e-01 3.5090032033622265e-03 
0.0000000000000000e+00 0.0000000000000000e+00 0.0000000000000000e+00 1.0000000000000000e+00 
Research-counter/0077.pcd
9.9342274665832520e-01 -7.3443777859210968e-02 8.8025413453578949e-02 -3.0664678663015366e-02 
8.0022528767585754e-02 9.9407237768173218e-01 -7.3706582188606262e-02 1.1100377142429352e-01 
-8.6938254535198212e-02 8.0558627843856812e-02 9.9294382333755493e-01 -5.1932991482317448e-03 
0.0000000000000000e+00 0.0000000000000000e+00 0.0000000000000000e+00 1.0000000000000000e+00 
Research-counter/0078.pcd
9.8642581701278687e-01 1.3400298357009888e-01 9.5219872891902924e-02 -2.2856613621115685e-02 
-1.2849870324134827e-01 9.8979568481445312e-01 -6.1866842210292816e-02 9.5614217221736908e-02 
-1.0783932358026505e-01 4.8069462180137634e-02 9.9299937486648560e-01 -1.3623808510601521e-02 
0.0000000000000000e+00 0.0000000000000000e+00 0.0000000000000000e+00 1.0000000000000000e+00 
Research-counter/0079.pcd
9.6580618619918823e-01 -2.4554850161075592e-01 8.3258226513862610e-02 -5.4799322038888931e-02 
2.5216189026832581e-01 9.6426612138748169e-01 -8.1282213330268860e-02 9.2678382992744446e-02 
-6.2432773411273956e-02 1.0000160336494446e-01 9.9303072690963745e-01 -5.5217309854924679e-03 
0.0000000000000000e+00 0.0000000000000000e+00 0.0000000000000000e+00 1.0000000000000000e+00 
Research-counter/0080.pcd
9.9185794591903687e-01 -8.9967608451843262e-02 9.0156234800815582e-02 -6.3659064471721649e-02 
9.6907064318656921e-02 9.9240320920944214e-01 -7.5772538781166077e-02 1.1358781903982162e-01 
-8.4305182099342346e-02 8.4014229476451874e-02 9.9288672208786011e-01 2.0237551070749760e-03 
0.0000000000000000e+00 0.0000000000000000e+00 0.0000000000000000e+00 1.0000000000000000e+00 
Research-counter/0081.pcd
9.8011678457260132e-01 -1.8014229834079742e-01 8.3361819386482239e-02 -5.5962119251489639e-02 
1.8652525544166565e-01 9.7946465015411377e-01 -7.6571501791477203e-02 1.1254822462797165e-01 
-7.2802856564521790e-02 9.1572202742099762e-02 9.9312072992324829e-01 -8.1109078601002693e-03 
0.0000000000000000e+00 0.0000000000000000e+00 0.0000000000000000e+00 1.0000000000000000e+00 
Research-counter/0082.pcd
-4.7012794017791748e-01 6.5015202760696411e-01 5.9697818756103516e-01 -4.2295861989259720e-02 
4.0936890244483948e-01 -4.3863373994827271e-01 8.0002081394195557e-01 1.1053296923637390e-01 
7.8609281778335571e-01 6.1460387706756592e-01 -6.5110854804515839e-02 -1.4831177890300751e-02 
0.0000000000000000e+00 0.0000000000000000e+00 0.0000000000000000e+00 1.0000000000000000e+00 
Research-counter/0083.pcd
3.7729823589324951e-01 -9.2501461505889893e-01 4.4716995209455490e-02 -7.1959674358367920e-02 
9.1994023323059082e-01 3.6879497766494751e-01 -1.3302664458751678e-01 1.0413675010204315e-01 
1.0656369477510452e-01 9.1318152844905853e-02 9.9010443687438965e-01 2.3557839449495077e-03 
0.0000000000000000e+00 0.0000000000000000e+00 0.0000000000000000e+00 1.0000000000000000e+00 
Research-counter/0084.pcd
7.7941501140594482e-01 6.1564689874649048e-01 1.1621987819671631e-01 -5.3197406232357025e-02 
-6.1587053537368774e-01 7.8691983222961426e-01 -3.8206104189157486e-02 1.1752557009458542e-01 
-1.1689922958612442e-01 -4.3316964060068130e-02 9.9219310283660889e-01 -4.7460901550948620e-03 
0.0000000000000000e+00 0.0000000000000000e+00 0.0000000000000000e+00 1.0000000000000000e+00 
Research-counter/0085.pcd
9.6532899141311646e-01 2.3878820240497589e-01 1.0547436773777008e-01 -8.9924678206443787e-02 
-2.3415331542491913e-01 9.7067981958389282e-01 -5.4398670792579651e-02 1.2668816745281219e-01 
-1.1202882230281830e-01 2.8668895363807678e-02 9.9329060316085815e-01 1.1883809231221676e-02 
0.0000000000000000e+00 0.0000000000000000e+00 0.0000000000000000e+00 1.0000000000000000e+00 
Research-counter/0086.pcd
5.8440065383911133e-01 -8.0938833951950073e-01 5.8040842413902283e-02 -7.6269075274467468e-02 
8.0941170454025269e-01 5.7632976770401001e-01 -1.1270786076784134e-01 1.0966549813747406e-01 
5.8343134820461273e-02 1.1207573115825653e-01 9.9198544025421143e-01 -7.0447451435029507e-03 
0.0000000000000000e+00 0.0000000000000000e+00 0.0000000000000000e+00 1.0000000000000000e+00 
Research-counter/0087.pcd
8.0983459949493408e-01 5.7655090093612671e-01 1.0882458090782166e-01 -2.2604901343584061e-02 
-5.7646882534027100e-01 8.1635630130767822e-01 -3.5408310592174530e-02 1.1377989500761032e-01 
-1.1492400616407394e-01 -3.8221288472414017e-02 9.9258375167846680e-01 -1.2178050354123116e-02 
0.0000000000000000e+00 0.0000000000000000e+00 0.0000000000000000e+00 1.0000000000000000e+00 
Research-counter/0088.pcd
9.9409645795822144e-01 3.8082193583250046e-02 1.0172807425260544e-01 -1.2592180073261261e-01 
-3.1531393527984619e-02 9.9740135669708252e-01 -6.5013267099857330e-02 1.1935906857252121e-01 
-9.5521859824657440e-02 6.1819013208150864e-02 9.9349486827850342e-01 5.8692186139523983e-03 
0.0000000000000000e+00 0.0000000000000000e+00 0.0000000000000000e+00 1.0000000000000000e+00 
Research-counter/0089.pcd
8.9469087123870850e-01 -4.3929877877235413e-01 8.0871991813182831e-02 -1.1185988038778305e-01 
4.4548416137695312e-01 8.9083367586135864e-01 -8.9205227792263031e-02 1.3496048748493195e-01 
-2.7612630277872086e-02 1.1333915591239929e-01 9.9317735433578491e-01 1.4212286099791527e-02 
0.0000000000000000e+00 0.0000000000000000e+00 0.0000000000000000e+00 1.0000000000000000e+00 
Research-counter/0090.pcd
9.9554693698883057e-01 2.3648312315344810e-02 9.1416589915752411e-02 -4.0442522615194321e-02 
-1.7338473349809647e-02 9.9745911359786987e-01 -6.9200024008750916e-02 1.5784499049186707e-01 
-9.5902338624000549e-02 6.7190177738666534e-02 9.9311167001724243e-01 6.3639148138463497e-03 
0.0000000000000000e+00 0.0000000000000000e+00 0.0000000000000000e+00 1.0000000000000000e+00 
Research-counter/0091.pcd
9.0955132246017456e-01 -4.0776002407073975e-01 8.0395281314849854e-02 -7.2246000170707703e-02 
4.1386026144027710e-01 9.0636670589447021e-01 -8.5082404315471649e-02 1.5550334751605988e-01 
-3.6924228072166443e-02 1.1012160778045654e-01 9.9323177337646484e-01 4.4436869211494923e-03 
0.0000000000000000e+00 0.0000000000000000e+00 0.0000000000000000e+00 1.0000000000000000e+00 
Research-counter/0092.pcd
9.9661058187484741e-01 9.2371143400669098e-03 8.2745313644409180e-02 2.2303204983472824e-02 
-3.6001733969897032e-03 9.9766230583190918e-01 -6.8207398056983948e-02 1.7536868155002594e-01 
-9.5462746918201447e-02 6.7365780472755432e-02 9.9306726455688477e-01 -1.2698618695139885e-02 
0.0000000000000000e+00 0.0000000000000000e+00 0.0000000000000000e+00 1.0000000000000000e+00 
Research-counter/0093.pcd
9.8240256309509277e-01 1.6313028335571289e-01 9.1454572975635529e-02 -2.0794618874788284e-02 
-1.5776088833808899e-01 9.8547184467315674e-01 -6.3085205852985382e-02 1.5198779106140137e-01 
-1.0751484334468842e-01 4.6251695603132248e-02 9.9308776855468750e-01 -1.2640320695936680e-02 
0.0000000000000000e+00 0.0000000000000000e+00 0.0000000000000000e+00 1.0000000000000000e+00 
Research-counter/0094.pcd
9.8642617464065552e-01 -1.3365727663040161e-01 9.5529399812221527e-02 -1.2755781412124634e-01 
1.4100576937198639e-01 9.8720359802246094e-01 -7.4613578617572784e-02 1.6536517441272736e-01 
-7.5255200266838074e-02 8.5969254374504089e-02 9.9343347549438477e-01 7.3948204517364502e-03 
0.0000000000000000e+00 0.0000000000000000e+00 0.0000000000000000e+00 1.0000000000000000e+00 
Research-counter/0095.pcd
9.6748459339141846e-01 -2.3747915029525757e-01 8.6831420660018921e-02 -9.0233325958251953e-02 
2.4444513022899628e-01 9.6627968549728394e-01 -8.0873243510723114e-02 1.5234357118606567e-01 
-6.0429178178310394e-02 9.8497577011585236e-02 9.9330234527587891e-01 1.5824314206838608e-02 
0.0000000000000000e+00 0.0000000000000000e+00 0.0000000000000000e+00 1.0000000000000000e+00 
Research-counter/0096.pcd
9.7957932949066162e-01 -1.8030585348606110e-01 8.8942393660545349e-02 -8.2517616450786591e-02 
1.8752443790435791e-01 9.7892421483993530e-01 -8.0906927585601807e-02 1.4430554211139679e-01 
-6.9016136229038239e-02 9.5355868339538574e-02 9.9305289983749390e-01 2.6171123608946800e-02 
0.0000000000000000e+00 0.0000000000000000e+00 0.0000000000000000e+00 1.0000000000000000e+00 
Research-counter/0097.pcd
9.9074006080627441e-01 -1.0177314281463623e-01 8.9913733303546906e-02 -5.0730969756841660e-02 
1.0849203169345856e-01 9.9139416217803955e-01 -7.3306806385517120e-02 1.3574358820915222e-01 
-8.2213647663593292e-02 8.2429125905036926e-02 9.9319630861282349e-01 2.8355803806334734e-03 
0.0000000000000000e+00 0.0000000000000000e+00 0.0000000000000000e+00 1.0000000000000000e+00 
Research-counter/0098.pcd
9.7541773319244385e-01 -2.0272593200206757e-01 8.6401887238025665e-02 -4.7390870749950409e-02 
2.0929010212421417e-01 9.7495752573013306e-01 -7.5222201645374298e-02 1.2498439103364944e-01 
-6.9592498242855072e-02 9.1571547091007233e-02 9.9336338043212891e-01 -9.3211801722645760e-03 
0.0000000000000000e+00 0.0000000000000000e+00 0.0000000000000000e+00 1.0000000000000000e+00 
Research-counter/0099.pcd
8.4317094087600708e-01 -5.3279829025268555e-01 7.2023428976535797e-02 -5.2399501204490662e-02 
