Research-counter-fast/0000.pcd
4.4763454794883728e-01 8.9421659708023071e-01 0.0000000000000000e+00 0.0000000000000000e+00 
-8.9421659708023071e-01 4.4763454794883728e-01 -0.0000000000000000e+00 0.0000000000000000e+00 
-0.0000000000000000e+00 0.0000000000000000e+00 1.0000000000000000e+00 0.0000000000000000e+00 
0.0000000000000000e+00 0.0000000000000000e+00 0.0000000000000000e+00 1.0000000000000000e+00 
Research-counter-fast/0001.pcd
9.9999803304672241e-01 8.4401426647673361e-06 2.2164280526340008e-03 7.1953091537579894e-04 
-9.4473325589206070e-06 9.9998921155929565e-01 3.4385961043881252e-05 -1.5606491069775075e-04 
4.7753343096701428e-05 -3.8911784940864891e-05 9.9999535083770752e-01 1.6007297381293029e-04 
0.0000000000000000e+00 0.0000000000000000e+00 0.0000000000000000e+00 1.0000000000000000e+00 
Research-counter-fast/0002.pcd
1.0000278949737549e+00 -2.1669636771548539e-04 3.0376166105270386e-03 -4.9081701785326004e-02 
2.1868772455491126e-04 1.0000330209732056e+00 4.0201458614319563e-04 9.5658400095999241e-04 
-6.5640790580800967e-08 -3.9490932249464095e-04 1.0000081062316895e+00 -8.0661888932809234e-04 
0.0000000000000000e+00 0.0000000000000000e+00 0.0000000000000000e+00 1.0000000000000000e+00 
Research-counter-fast/0003.pcd
1.0000120401382446e+00 -4.4523716496769339e-05 3.4320482518523932e-04 -4.7921063378453255e-03 
4.3991323764203116e-05 1.0000085830688477e+00 9.4586968771182001e-05 9.2018854047637433e-05 
-2.7642893201118568e-06 -9.4804279797244817e-05 1.0000174045562744e+00 -7.2497734799981117e-04 
0.0000000000000000e+00 0.0000000000000000e+00 0.0000000000000000e+00 1.0000000000000000e+00 
Research-counter-fast/0004.pcd
1.0000072717666626e+00 1.0949559509754181e-03 -1.7415310139767826e-04 3.0908104032278061e-02 
-1.0953606106340885e-03 1.0000081062316895e+00 -3.3375032944604754e-04 -1.3151038438081741e-03 
1.7474668857175857e-04 3.3447731402702630e-04 1.0000054836273193e+00 3.7944494397379458e-04 
0.0000000000000000e+00 0.0000000000000000e+00 0.0000000000000000e+00 1.0000000000000000e+00 
Research-counter-fast/0005.pcd
9.9999403953552246e-01 1.1851296221720986e-05 -1.2951853568665683e-04 2.7196959126740694e-03 
-1.3715482054976746e-05 9.9999946355819702e-01 -3.3685468224575743e-05 2.1477713016793132e-04 
-6.1074283621564973e-06 2.8163893148303032e-05 1.0000035762786865e+00 -3.0405205325223505e-04 
0.0000000000000000e+00 0.0000000000000000e+00 0.0000000000000000e+00 1.0000000000000000e+00 
Research-counter-fast/0006.pcd
1.0000295639038086e+00 -4.9024671170627698e-05 8.4393331781029701e-03 -9.3648836016654968e-02 
4.9306952860206366e-05 1.0000172853469849e+00 2.3924422566778958e-04 -2.0486046560108662e-03 
-1.2551432882901281e-04 -2.2038251336198300e-04 9.9997556209564209e-01 -3.9606648497283459e-03 
0.0000000000000000e+00 0.0000000000000000e+00 0.0000000000000000e+00 1.0000000000000000e+00 
Research-counter-fast/0007.pcd
1.0000373125076294e+00 2.3686026906943880e-05 -3.1633413163945079e-04 2.4705992545932531e-03 
-2.0750598196173087e-05 1.0000135898590088e+00 -2.8688615202554502e-05 -1.6907081590034068e-04 
-1.2490899280237500e-05 3.1778443371877074e-05 1.0000154972076416e+00 7.5065654527861625e-05 
0.0000000000000000e+00 0.0000000000000000e+00 0.0000000000000000e+00 1.0000000000000000e+00 
Research-counter-fast/0008.pcd
1.0000154972076416e+00 -1.5821794513612986e-03 -1.0858508758246899e-03 4.6524535864591599e-02 
1.5804403228685260e-03 1.0000108480453491e+00 6.0018338263034821e-03 -6.6510558128356934e-02 
4.9629506975179538e-05 -6.0089221224188805e-03 1.0000013113021851e+00 -2.3011788725852966e-03 
0.0000000000000000e+00 0.0000000000000000e+00 0.0000000000000000e+00 1.0000000000000000e+00 
Research-counter-fast/0009.pcd
1.0000095367431641e+00 6.4088194631040096e-04 -4.5672323904000223e-04 7.7652677893638611e-02 
-6.4062332967296243e-04 1.0000091791152954e+00 2.9987236484885216e-04 -2.1515771746635437e-02 
3.1629382283426821e-04 -2.9874523170292377e-04 1.0000019073486328e+00 -1.7232575919479132e-03 
0.0000000000000000e+00 0.0000000000000000e+00 0.0000000000000000e+00 1.0000000000000000e+00 
Research-counter-fast/0010.pcd
9.9999827146530151e-01 4.1111681639449671e-05 1.3412312837317586e-03 2.9242224991321564e-03 
-4.2657495214371011e-05 1.0000073909759521e+00 6.0391121223801747e-06 -1.4335375453811139e-04 
6.7280758230481297e-05 -1.7871656382340007e-05 9.9999648332595825e-01 3.1641279929317534e-04 
0.0000000000000000e+00 0.0000000000000000e+00 0.0000000000000000e+00 1.0000000000000000e+00 
Research-counter-fast/0011.pcd
1.0000127553939819e+00 -8.9381246652919799e-05 -2.5222119875252247e-03 -7.4151353910565376e-03 
8.7585751316510141e-05 1.0000029802322388e+00 7.6871496275998652e-05 4.1051229345612228e-05 
-6.6526663431432098e-05 -1.0608985030557960e-04 1.0000021457672119e+00 1.5972909750416875e-04 
0.0000000000000000e+00 0.0000000000000000e+00 0.0000000000000000e+00 1.0000000000000000e+00 
Research-counter-fast/0012.pcd
1.0000085830688477e+00 -1.1434780899435282e-03 1.5958152944222093e-03 -2.7724739164113998e-02 
1.1449778685346246e-03 1.0000017881393433e+00 -1.2388133909553289e-03 -1.3494445011019707e-03 
8.9917539298767224e-06 1.2386468006297946e-03 1.0000026226043701e+00 1.0236956877633929e-03 
0.0000000000000000e+00 0.0000000000000000e+00 0.0000000000000000e+00 1.0000000000000000e+00 
Research-counter-fast/0013.pcd
1.0000146627426147e+00 4.0882860048441216e-05 -6.6334631992504001e-04 5.7344683445990086e-03 
-4.0629889554111287e-05 1.0000115633010864e+00 -1.2702014646492898e-04 5.3802035836270079e-05 
2.4694470539543545e-06 1.3180325913708657e-04 1.0000090599060059e+00 1.2996046571061015e-03 
0.0000000000000000e+00 0.0000000000000000e+00 0.0000000000000000e+00 1.0000000000000000e+00 
Research-counter-fast/0014.pcd
1.0000134706497192e+00 -9.2012822278775275e-05 -4.7719446010887623e-03 -1.1011322960257530e-02 
8.8507498730905354e-05 1.0000104904174805e+00 1.1196748819202185e-03 1.3553603785112500e-03 
-5.2139203762635589e-04 -1.1352744186297059e-03 1.0000095367431641e+00 1.4446811983361840e-03 
0.0000000000000000e+00 0.0000000000000000e+00 0.0000000000000000e+00 1.0000000000000000e+00 
Research-counter-fast/0015.pcd
1.0000245571136475e+00 -6.1950116651132703e-04 9.4843696570023894e-04 -1.4259095303714275e-02 
6.1959464801475406e-04 1.0000109672546387e+00 -4.4627400347962976e-04 -5.4097612155601382e-04 
-2.9246608028188348e-04 4.4056551996618509e-04 1.0000096559524536e+00 3.1725861481390893e-04 
0.0000000000000000e+00 0.0000000000000000e+00 0.0000000000000000e+00 1.0000000000000000e+00 
Research-counter-fast/0016.pcd
1.0000040531158447e+00 7.4501777999103069e-04 2.5556201580911875e-03 4.8472415655851364e-02 
-7.4212666368111968e-04 1.0000057220458984e+00 2.0961123518645763e-03 -2.2757610306143761e-02 
1.9578468054533005e-03 -2.0923952106386423e-03 1.0000017881393433e+00 3.4143577795475721e-03 
0.0000000000000000e+00 0.0000000000000000e+00 0.0000000000000000e+00 1.0000000000000000e+00 
Research-counter-fast/0017.pcd
1.0000354051589966e+00 1.1276161785644945e-05 -2.2048917599022388e-03 1.6387823270633817e-03 
-1.1670947060338221e-05 1.0000160932540894e+00 -1.3503605441655964e-04 -1.0345722694182768e-04 
-4.6540633775293827e-05 1.2870959471911192e-04 1.0000135898590088e+00 5.5862753652036190e-04 
0.0000000000000000e+00 0.0000000000000000e+00 0.0000000000000000e+00 1.0000000000000000e+00 
Research-counter-fast/0018.pcd
1.0000177621841431e+00 9.9934179161209613e-05 1.6739801503717899e-04 7.0765195414423943e-03 
-1.0030254634330049e-04 1.0000140666961670e+00 -5.7360437494935468e-05 -2.4942232994362712e-04 
5.7668279623612761e-05 5.1602175517473370e-05 1.0000125169754028e+00 -7.4163818499073386e-04 
0.0000000000000000e+00 0.0000000000000000e+00 0.0000000000000000e+00 1.0000000000000000e+00 
Research-counter-fast/0019.pcd
1.0000095367431641e+00 8.9529412434785627e-06 -1.3338400749489665e-03 5.1216473802924156e-03 
-1.1140912647533696e-05 1.0000107288360596e+00 -1.3415429566521198e-04 2.5660480605438352e-04 
-7.7752280049026012e-05 1.2780021643266082e-04 1.0000191926956177e+00 -1.5665624232497066e-04 
0.0000000000000000e+00 0.0000000000000000e+00 0.0000000000000000e+00 1.0000000000000000e+00 
Research-counter-fast/0020.pcd
1.0000386238098145e+00 -1.6870646504685283e-05 1.2934855185449123e-03 -4.1776089929044247e-03 
1.6182098988792859e-05 1.0000233650207520e+00 1.4934103819541633e-04 -1.6326249169651419e-04 
3.9769738577888347e-06 -1.5497879940085113e-04 1.0000276565551758e+00 -1.8408497562631965e-03 
0.0000000000000000e+00 0.0000000000000000e+00 0.0000000000000000e+00 1.0000000000000000e+00 
Research-counter-fast/0021.pcd
1.0000115633010864e+00 -9.1404019622132182e-04 -2.3254828993231058e-03 4.7926653176546097e-02 
9.1700005577877164e-04 1.0000069141387939e+00 2.2851219400763512e-03 -1.3350834138691425e-02 
9.7978732082992792e-04 -2.2841992322355509e-03 1.0000010728836060e+00 -5.4669952951371670e-03 
0.0000000000000000e+00 0.0000000000000000e+00 0.0000000000000000e+00 1.0000000000000000e+00 
Research-counter-fast/0022.pcd
1.0000280141830444e+00 8.7160815019160509e-04 -1.1224146001040936e-02 1.2507896125316620e-01 
-8.7118428200483322e-04 1.0000138282775879e+00 1.1814860772574320e-04 -3.2155010849237442e-02 
8.7780790636315942e-05 -1.3326728367246687e-04 9.9995744228363037e-01 5.1393074681982398e-04 
0.0000000000000000e+00 0.0000000000000000e+00 0.0000000000000000e+00 1.0000000000000000e+00 
Research-counter-fast/0023.pcd
1.0000094175338745e+00 -1.9860006868839264e-03 3.5464072134345770e-03 -7.8227147459983826e-02 
1.9872146658599377e-03 9.9999284744262695e-01 3.9082793518900871e-03 1.0011116042733192e-02 
4.4933061872143298e-05 -3.9237942546606064e-03 9.9999922513961792e-01 -1.7787787364795804e-03 
0.0000000000000000e+00 0.0000000000000000e+00 0.0000000000000000e+00 1.0000000000000000e+00 
Research-counter-fast/0024.pcd
1.0000113248825073e+00 1.8695780308917165e-03 6.5319635905325413e-04 9.6488378942012787e-02 
-1.8705060938373208e-03 1.0000009536743164e+00 2.8053463902324438e-03 -1.7442260286770761e-05 
-5.3404760546982288e-04 -2.8028318192809820e-03 9.9999994039535522e-01 1.2945159105584025e-03 
0.0000000000000000e+00 0.0000000000000000e+00 0.0000000000000000e+00 1.0000000000000000e+00 
Research-counter-fast/0025.pcd
9.9999582767486572e-01 -2.4265544197987765e-05 -1.6044179210439324e-03 -1.6687870956957340e-03 
2.4445687813567929e-05 1.0000100135803223e+00 -2.1099415334902005e-06 -8.3647093561012298e-05 
-5.8833549701375887e-05 9.0942057795473374e-06 9.9999821186065674e-01 -1.2800261902157217e-04 
0.0000000000000000e+00 0.0000000000000000e+00 0.0000000000000000e+00 1.0000000000000000e+00 
Research-counter-fast/0026.pcd
1.0000016689300537e+00 -1.2831398635171354e-04 -4.6615358442068100e-03 -1.3514687307178974e-02 
1.2832331412937492e-04 1.0000004768371582e+00 8.8067492470145226e-05 1.8317121430300176e-04 
-3.0799583328189328e-05 -1.2928429350722581e-04 9.9998724460601807e-01 1.7542662681080401e-04 
0.0000000000000000e+00 0.0000000000000000e+00 0.0000000000000000e+00 1.0000000000000000e+00 
Research-counter-fast/0027.pcd
1.0000104904174805e+00 2.1309794392436743e-03 8.5445278091356158e-04 7.3158301413059235e-02 
-2.1322022657841444e-03 1.0000016689300537e+00 -3.1974920420907438e-04 -3.6541626323014498e-03 
1.5402442659251392e-04 3.0725033138878644e-04 1.0000115633010864e+00 1.2987238587811589e-03 
0.0000000000000000e+00 0.0000000000000000e+00 0.0000000000000000e+00 1.0000000000000000e+00 
Research-counter-fast/0028.pcd
1.0000029802322388e+00 2.1754459012299776e-03 -2.8039854951202869e-03 7.6498426496982574e-02 
-2.1765395067632198e-03 9.9999785423278809e-01 3.0217813327908516e-03 1.6642031259834766e-03 
-3.9003544952720404e-04 -3.0202583875507116e-03 9.9999231100082397e-01 7.0605077780783176e-04 
0.0000000000000000e+00 0.0000000000000000e+00 0.0000000000000000e+00 1.0000000000000000e+00 
Research-counter-fast/0029.pcd
1.0000200271606445e+00 -9.6903650046442635e-06 -5.5810614867368713e-06 -1.0256697423756123e-03 
1.1290194379398599e-05 1.0000052452087402e+00 1.5254863683367148e-05 1.4782880498387385e-05 
-8.2489541455288418e-06 -1.6270252672256902e-05 1.0000140666961670e+00 -1.9304081797599792e-04 
0.0000000000000000e+00 0.0000000000000000e+00 0.0000000000000000e+00 1.0000000000000000e+00 
Research-counter-fast/0030.pcd
1.0000342130661011e+00 -3.4950015106005594e-05 5.1936204545199871e-04 -3.9210109971463680e-03 
3.5941251553595066e-05 1.0000264644622803e+00 -1.8042363080894575e-05 -6.9125580921536312e-06 
-3.1882409530226141e-05 2.4939774448284879e-05 1.0000216960906982e+00 9.8851253278553486e-04 
0.0000000000000000e+00 0.0000000000000000e+00 0.0000000000000000e+00 1.0000000000000000e+00 
Research-counter-fast/0031.pcd
1.0000052452087402e+00 -1.3407399819698185e-04 6.9990535266697407e-03 -8.2323580980300903e-02 
1.3423836207948625e-04 1.0000083446502686e+00 4.0855299448594451e-04 -2.7883586008101702e-03 
-1.7025190172716975e-03 -4.0237893699668348e-04 9.9998104572296143e-01 -2.6579608675092459e-03 
0.0000000000000000e+00 0.0000000000000000e+00 0.0000000000000000e+00 1.0000000000000000e+00 
Research-counter-fast/0032.pcd
1.0000232458114624e+00 -2.0164539455436170e-04 -1.0488019324839115e-03 -1.1417021974921227e-02 
2.0140188280493021e-04 1.0000140666961670e+00 4.0609086863696575e-04 5.1555165555328131e-04 
-1.5798034146428108e-03 -4.2235173168592155e-04 1.0000230073928833e+00 -1.4723347267135978e-03 
0.0000000000000000e+00 0.0000000000000000e+00 0.0000000000000000e+00 1.0000000000000000e+00 
Research-counter-fast/0033.pcd
1.0000119209289551e+00 -1.7944067949429154e-03 3.8744986522942781e-03 -7.7803470194339752e-02 
1.7945151776075363e-03 1.0000152587890625e+00 2.4960469454526901e-03 7.3991417884826660e-03 
-5.1954056834802032e-04 -2.5025932118296623e-03 1.0000016689300537e+00 -2.1437306422740221e-03 
0.0000000000000000e+00 0.0000000000000000e+00 0.0000000000000000e+00 1.0000000000000000e+00 
Research-counter-fast/0034.pcd
1.0000115633010864e+00 -1.3498594053089619e-03 1.0748010827228427e-03 -4.9430273473262787e-02 
1.3515134342014790e-03 1.0000095367431641e+00 -5.6598386436235160e-05 1.7717074370011687e-03 
-5.4357736371457577e-04 6.2192208133637905e-05 1.0000028610229492e+00 -7.6216465095058084e-04 
0.0000000000000000e+00 0.0000000000000000e+00 0.0000000000000000e+00 1.0000000000000000e+00 
Research-counter-fast/0035.pcd
1.0000073909759521e+00 5.5956111282284837e-06 -1.3327256601769477e-04 3.2490608282387257e-04 
-5.2754357966477983e-06 1.0000097751617432e+00 -9.1098467237316072e-05 1.5418199473060668e-04 
-4.8536439862800762e-05 8.4414226876106113e-05 1.0000183582305908e+00 1.9197225628886372e-04 
0.0000000000000000e+00 0.0000000000000000e+00 0.0000000000000000e+00 1.0000000000000000e+00 
Research-counter-fast/0036.pcd
1.0000127553939819e+00 -9.0966688003391027e-04 5.6654135696589947e-03 -1.3216628693044186e-02 
9.1038679238408804e-04 1.0000140666961670e+00 2.7203643694519997e-03 5.3101209923624992e-03 
-5.4854981135576963e-04 -2.7167580556124449e-03 9.9999320507049561e-01 -2.1927151829004288e-03 
0.0000000000000000e+00 0.0000000000000000e+00 0.0000000000000000e+00 1.0000000000000000e+00 
Research-counter-fast/0037.pcd
9.9998617172241211e-01 -5.6247576139867306e-03 -5.5882548913359642e-03 5.3229127079248428e-03 
5.6243184953927994e-03 9.9998062849044800e-01 2.8506102971732616e-03 2.8117239475250244e-02 
-4.6071081305854023e-04 -2.8408733196556568e-03 9.9999111890792847e-01 -8.7333365809172392e-04 
0.0000000000000000e+00 0.0000000000000000e+00 0.0000000000000000e+00 1.0000000000000000e+00 
Research-counter-fast/0038.pcd
9.9998742341995239e-01 -6.9201989099383354e-03 2.5780205614864826e-03 1.7131648957729340e-02 
6.9268955849111080e-03 9.9996405839920044e-01 -5.5212974548339844e-03 5.4368514567613602e-02 
-1.2029699282720685e-03 5.5369120091199875e-03 9.9999231100082397e-01 1.0256550274789333e-02 
0.0000000000000000e+00 0.0000000000000000e+00 0.0000000000000000e+00 1.0000000000000000e+00 
Research-counter-fast/0039.pcd
9.9997007846832275e-01 -7.6995696872472763e-03 -1.0300406254827976e-02 6.2753640115261078e-02 
7.6982504688203335e-03 9.9997496604919434e-01 -2.6401595678180456e-03 4.4010501354932785e-02 
-8.0691250332165509e-05 2.6405181270092726e-03 9.9994868040084839e-01 7.4157821945846081e-03 
0.0000000000000000e+00 0.0000000000000000e+00 0.0000000000000000e+00 1.0000000000000000e+00 
Research-counter-fast/0040.pcd
9.9996888637542725e-01 -9.4260768964886665e-03 7.7730063349008560e-03 -7.5160481035709381e-02 
9.4274235889315605e-03 9.9996912479400635e-01 -3.8932723691686988e-04 2.6711607351899147e-02 
1.4374228194355965e-03 4.2250222759321332e-04 9.9997943639755249e-01 8.2112400559708476e-04 
0.0000000000000000e+00 0.0000000000000000e+00 0.0000000000000000e+00 1.0000000000000000e+00 
Research-counter-fast/0041.pcd
9.9993598461151123e-01 -1.1620413511991501e-02 -2.3245415650308132e-03 -1.5778830274939537e-02 
1.1621446348726749e-02 9.9993509054183960e-01 2.2786685731261969e-03 4.1741143912076950e-02 
6.5376982092857361e-04 -2.2869652602821589e-03 9.9999386072158813e-01 -5.3739384748041630e-04 
0.0000000000000000e+00 0.0000000000000000e+00 0.0000000000000000e+00 1.0000000000000000e+00 
Research-counter-fast/0042.pcd
9.9995011091232300e-01 -1.0580393485724926e-02 -1.0452474234625697e-03 -2.3367147892713547e-02 
1.0580160655081272e-02 9.9994534254074097e-01 4.8028933815658092e-03 4.1768938302993774e-02 
-1.0075461614178494e-04 -4.8023518174886703e-03 9.9999403953552246e-01 1.9023176282644272e-03 
0.0000000000000000e+00 0.0000000000000000e+00 0.0000000000000000e+00 1.0000000000000000e+00 
Research-counter-fast/0043.pcd
9.9991333484649658e-01 -1.5269299037754536e-02 -4.0310045005753636e-04 -1.6200266778469086e-02 
1.5263573266565800e-02 9.9990350008010864e-01 1.8913419917225838e-03 5.1996156573295593e-02 
-1.7151111969724298e-03 -1.8820308614522219e-03 1.0000085830688477e+00 1.3582993997260928e-03 
0.0000000000000000e+00 0.0000000000000000e+00 0.0000000000000000e+00 1.0000000000000000e+00 
Research-counter-fast/0044.pcd
9.9989491701126099e-01 -1.6047950834035873e-02 1.3628632295876741e-03 -3.4283611923456192e-02 
1.6048006713390350e-02 9.9988681077957153e-01 1.4186918269842863e-03 5.1441121846437454e-02 
-1.6410275129601359e-03 -1.3836739817634225e-03 1.0000027418136597e+00 2.6768387760967016e-03 
0.0000000000000000e+00 0.0000000000000000e+00 0.0000000000000000e+00 1.0000000000000000e+00 
Research-counter-fast/0045.pcd
9.9978882074356079e-01 -2.1130766719579697e-02 3.0622158665210009e-03 -5.0594076514244080e-02 
2.1134110167622566e-02 9.9978226423263550e-01 -8.8059564586728811e-04 6.1341743916273117e-02 
-1.3124907854944468e-03 8.9446478523313999e-04 1.0000039339065552e+00 3.4862954635173082e-03 
0.0000000000000000e+00 0.0000000000000000e+00 0.0000000000000000e+00 1.0000000000000000e+00 
Research-counter-fast/0046.pcd
9.9967330694198608e-01 -2.5686133652925491e-02 9.3416625168174505e-04 -4.9708552658557892e-02 
2.5687560439109802e-02 9.9968141317367554e-01 -9.3318079598248005e-04 7.4435532093048096e-02 
-4.2963927262462676e-04 9.6131075406447053e-04 1.0000009536743164e+00 2.0308943931013346e-03 
0.0000000000000000e+00 0.0000000000000000e+00 0.0000000000000000e+00 1.0000000000000000e+00 
Research-counter-fast/0047.pcd
9.9969226121902466e-01 -2.5121603161096573e-02 -2.4018429685384035e-03 -5.7747919112443924e-02 
2.5123236700892448e-02 9.9968707561492920e-01 -2.6226585032418370e-04 8.4720455110073090e-02 
1.1457080254331231e-03 2.1853088401257992e-04 1.0000002384185791e+00 6.2986370176076889e-03 
0.0000000000000000e+00 0.0000000000000000e+00 0.0000000000000000e+00 1.0000000000000000e+00 
Research-counter-fast/0048.pcd
9.9964141845703125e-01 -2.7224147692322731e-02 -3.5865898826159537e-04 -5.9440117329359055e-02 
2.7225419878959656e-02 9.9963480234146118e-01 3.0546132620656863e-05 7.9454831779003143e-02 
5.6243862491101027e-04 -4.6448556531686336e-05 1.0000079870223999e+00 1.1618488933891058e-03 
0.0000000000000000e+00 0.0000000000000000e+00 0.0000000000000000e+00 1.0000000000000000e+00 
Research-counter-fast/0049.pcd
9.9954903125762939e-01 -3.0462529510259628e-02 1.3770234072580934e-03 -7.4920013546943665e-02 
3.0466975644230843e-02 9.9953836202621460e-01 2.3311055265367031e-03 9.1277807950973511e-02 
1.0457832831889391e-03 -2.3944398853927851e-03 1.0000016689300537e+00 3.3635147847235203e-03 
0.0000000000000000e+00 0.0000000000000000e+00 0.0000000000000000e+00 1.0000000000000000e+00 
Research-counter-fast/0050.pcd
9.9950098991394043e-01 -3.1892132014036179e-02 -1.2016302207484841e-03 -4.3961498886346817e-02 
3.1892392784357071e-02 9.9950230121612549e-01 6.7449075868353248e-04 1.0265085846185684e-01 
-1.5436911489814520e-03 -6.4487778581678867e-04 1.0000050067901611e+00 4.7014220617711544e-03 
0.0000000000000000e+00 0.0000000000000000e+00 0.0000000000000000e+00 1.0000000000000000e+00 
Research-counter-fast/0051.pcd
9.9951630830764771e-01 -3.1313411891460419e-02 9.9063757807016373e-03 -1.1933797597885132e-01 
3.1312793493270874e-02 9.9951332807540894e-01 1.0743503225967288e-03 9.6987657248973846e-02 
-1.0635306825861335e-03 -9.8880461882799864e-04 9.9995654821395874e-01 3.1709007453173399e-03 
0.0000000000000000e+00 0.0000000000000000e+00 0.0000000000000000e+00 1.0000000000000000e+00 
Research-counter-fast/0052.pcd
9.9940353631973267e-01 -3.4806642681360245e-02 -2.0852290617767721e-04 -7.7640965580940247e-02 
3.4806605428457260e-02 9.9939996004104614e-01 -1.6760904691182077e-04 1.0691177099943161e-01 
2.9824473313055933e-04 1.5853326476644725e-04 1.0000033378601074e+00 1.3247997267171741e-03 
0.0000000000000000e+00 0.0000000000000000e+00 0.0000000000000000e+00 1.0000000000000000e+00 
Research-counter-fast/0053.pcd
9.9938839673995972e-01 -3.5319443792104721e-02 -7.0358188822865486e-03 -4.3800797313451767e-02 
3.5323191434144974e-02 9.9937868118286133e-01 2.9160240665078163e-03 1.2080354243516922e-01 
1.1927577434107661e-03 -2.8655633796006441e-03 9.9998056888580322e-01 -4.5496720122173429e-04 
0.0000000000000000e+00 0.0000000000000000e+00 0.0000000000000000e+00 1.0000000000000000e+00 
Research-counter-fast/0054.pcd
9.9940127134323120e-01 -3.4712053835391998e-02 -9.6132681937888265e-04 -7.1767136454582214e-02 
3.4715116024017334e-02 9.9940139055252075e-01 1.3999075163155794e-03 1.0754472017288208e-01 
1.4399231877177954e-03 -1.4579552225768566e-03 1.0000015497207642e+00 2.9178304248489439e-04 
0.0000000000000000e+00 0.0000000000000000e+00 0.0000000000000000e+00 1.0000000000000000e+00 
Research-counter-fast/0055.pcd
9.9923807382583618e-01 -3.9280496537685394e-02 -5.0298236310482025e-03 -6.4391270279884338e-02 
3.9288949221372604e-02 9.9923050403594971e-01 2.3685935884714127e-03 1.2378865480422974e-01 
1.9657304510474205e-03 -2.5095669552683830e-03 9.9999266862869263e-01 -4.1222295840270817e-04 
0.0000000000000000e+00 0.0000000000000000e+00 0.0000000000000000e+00 1.0000000000000000e+00 
Research-counter-fast/0056.pcd
9.9915766716003418e-01 -4.1075158864259720e-02 -8.8705271482467651e-03 -4.4977776706218719e-02 
4.1080087423324585e-02 9.9915617704391479e-01 3.7137893959879875e-03 1.3205158710479736e-01 
1.1259028688073158e-03 -3.7294370122253895e-03 9.9996042251586914e-01 2.2044363431632519e-03 
0.0000000000000000e+00 0.0000000000000000e+00 0.0000000000000000e+00 1.0000000000000000e+00 
Research-counter-fast/0057.pcd
9.9915075302124023e-01 -4.1481927037239075e-02 -6.0481945984065533e-03 -4.2507220059633255e-02 
4.1481059044599533e-02 9.9914968013763428e-01 2.1259118802845478e-03 1.3393516838550568e-01 
-1.6774891992099583e-04 -2.2198969963937998e-03 9.9998235702514648e-01 1.5046612825244665e-03 
0.0000000000000000e+00 0.0000000000000000e+00 0.0000000000000000e+00 1.0000000000000000e+00 
Research-counter-fast/0058.pcd
9.9913501739501953e-01 -4.2001426219940186e-02 4.5603322796523571e-03 -1.2197774648666382e-01 
4.2006276547908783e-02 9.9910992383956909e-01 5.5089434608817101e-03 1.4305596053600311e-01 
5.9747195336967707e-04 -5.4481793195009232e-03 9.9998950958251953e-01 3.9291791617870331e-03 
0.0000000000000000e+00 0.0000000000000000e+00 0.0000000000000000e+00 1.0000000000000000e+00 
Research-counter-fast/0059.pcd
9.9907386302947998e-01 -4.3261386454105377e-02 -2.1087347995489836e-03 -7.2901189327239990e-02 
4.3260660022497177e-02 9.9907076358795166e-01 1.3984011020511389e-03 1.2181702256202698e-01 
-9.9626730661839247e-04 -1.3937267940491438e-03 1.0000025033950806e+00 -4.7109639272093773e-03 
0.0000000000000000e+00 0.0000000000000000e+00 0.0000000000000000e+00 1.0000000000000000e+00 
Research-counter-fast/0060.pcd
9.9896287918090820e-01 -4.5757230371236801e-02 1.5182364732027054e-03 -1.1678244918584824e-01 
4.5768175274133682e-02 9.9895125627517700e-01 5.0656883977353573e-03 1.4203076064586639e-01 
2.2173821926116943e-03 -5.1011028699576855e-03 9.9999219179153442e-01 7.8625488094985485e-04 
0.0000000000000000e+00 0.0000000000000000e+00 0.0000000000000000e+00 1.0000000000000000e+00 
Research-counter-fast/0061.pcd
9.9888408184051514e-01 -4.7198563814163208e-02 8.8637229055166245e-04 -1.0885511338710785e-01 
4.7203984111547470e-02 9.9888110160827637e-01 2.0117263775318861e-03 1.5821129083633423e-01 
1.8253641901537776e-03 -2.0765403751283884e-03 9.9999028444290161e-01 4.9450639635324478e-03 
0.0000000000000000e+00 0.0000000000000000e+00 0.0000000000000000e+00 1.0000000000000000e+00 
Research-counter-fast/0062.pcd
9.9887669086456299e-01 -4.7459978610277176e-02 2.1554255858063698e-02 -2.3300023376941681e-01 
4.7469925135374069e-02 9.9887353181838989e-01 3.8683819584548473e-03 1.4412020146846771e-01 
2.6618468109518290e-03 -3.5788740497082472e-03 9.9976509809494019e-01 2.6900604367256165e-02 
0.0000000000000000e+00 0.0000000000000000e+00 0.0000000000000000e+00 1.0000000000000000e+00 
Research-counter-fast/0063.pcd
9.9869763851165771e-01 -5.1281314343214035e-02 1.4561829157173634e-03 -1.2314575165510178e-01 
5.1296789199113846e-02 9.9867743253707886e-01 6.5228631719946861e-03 1.6383396089076996e-01 
2.2577275522053242e-03 -6.5588694997131824e-03 9.9998843669891357e-01 1.6511090798303485e-03 
0.0000000000000000e+00 0.0000000000000000e+00 0.0000000000000000e+00 1.0000000000000000e+00 
Research-counter-fast/0064.pcd
9.9869960546493530e-01 -5.0865072757005692e-02 1.4192028902471066e-02 -2.0254646241664886e-01 
5.0876077264547348e-02 9.9868631362915039e-01 5.1032309420406818e-03 1.6979204118251801e-01 
2.2969276178628206e-03 -4.9539408646523952e-03 9.9987077713012695e-01 3.1072571873664856e-03 
0.0000000000000000e+00 0.0000000000000000e+00 0.0000000000000000e+00 1.0000000000000000e+00 
Research-counter-fast/0065.pcd
9.9881649017333984e-01 -4.8713561147451401e-02 3.0554534168913960e-04 -1.1390086263418198e-01 
4.8704389482736588e-02 9.9881637096405029e-01 -3.4899609163403511e-03 1.9476099312305450e-01 
2.9767495580017567e-03 3.3680456690490246e-03 1.0000000000000000e+00 4.5703216455876827e-03 
0.0000000000000000e+00 0.0000000000000000e+00 0.0000000000000000e+00 1.0000000000000000e+00 
Research-counter-fast/0066.pcd
9.9883723258972168e-01 -4.7986250370740891e-02 -1.8654774874448776e-02 -2.9203809797763824e-02 
4.7993265092372894e-02 9.9883681535720825e-01 1.8444175366312265e-03 2.2115047276020050e-01 
3.7427197676151991e-03 -2.0200219005346298e-03 9.9981254339218140e-01 2.3312093690037727e-03 
0.0000000000000000e+00 0.0000000000000000e+00 0.0000000000000000e+00 1.0000000000000000e+00 
Research-counter-fast/0067.pcd
9.9883437156677246e-01 -4.8184014856815338e-02 -2.3247238248586655e-02 8.3809765055775642e-03 
4.8194475471973419e-02 9.9883955717086792e-01 2.2406056523323059e-03 2.2282986342906952e-01 
4.2731859721243382e-03 -2.4938466958701611e-03 9.9973326921463013e-01 7.8178141266107559e-03 
0.0000000000000000e+00 0.0000000000000000e+00 0.0000000000000000e+00 1.0000000000000000e+00 
Research-counter-fast/0068.pcd
9.9903219938278198e-01 -4.4114101678133011e-02 -4.6710027381777763e-03 -5.8458529412746429e-02 
4.4117186218500137e-02 9.9903208017349243e-01 3.2873672898858786e-03 1.9512036442756653e-01 
7.5603002915158868e-04 -3.2932849135249853e-03 9.9998712539672852e-01 3.8802204653620720e-03 
0.0000000000000000e+00 0.0000000000000000e+00 0.0000000000000000e+00 1.0000000000000000e+00 
Research-counter-fast/0069.pcd
9.9904501438140869e-01 -4.4094391167163849e-02 1.3641788391396403e-03 -8.8753864169120789e-02 
4.4091500341892242e-02 9.9903076887130737e-01 5.9294588863849640e-03 2.0735381543636322e-01 
-6.6532031632959843e-04 -5.8747110888361931e-03 9.9998372793197632e-01 3.9851453038863838e-04 
0.0000000000000000e+00 0.0000000000000000e+00 0.0000000000000000e+00 1.0000000000000000e+00 
Research-counter-fast/0070.pcd
9.9883371591567993e-01 -4.8307821154594421e-02 1.0923147201538086e-02 -1.6065426170825958e-01 
4.8308957368135452e-02 9.9883896112442017e-01 3.1216710340231657e-04 2.7112263441085815e-01 
1.1100479168817401e-03 -2.2994025130174123e-05 9.9993646144866943e-01 1.4529763720929623e-02 
0.0000000000000000e+00 0.0000000000000000e+00 0.0000000000000000e+00 1.0000000000000000e+00 
Research-counter-fast/0071.pcd
9.9882656335830688e-01 -4.8320651054382324e-02 7.4146916158497334e-03 -1.5513795614242554e-01 
4.8303406685590744e-02 9.9882066249847412e-01 -4.9765696749091148e-03 2.9301676154136658e-01 
3.4234113991260529e-03 5.2252616733312607e-03 9.9996030330657959e-01 1.0839054360985756e-02 
0.0000000000000000e+00 0.0000000000000000e+00 0.0000000000000000e+00 1.0000000000000000e+00 
Research-counter-fast/0072.pcd
9.9913793802261353e-01 -4.1496638208627701e-02 8.9872963726520538e-03 -1.4503666758537292e-01 
4.1484970599412918e-02 9.9914801120758057e-01 -3.1286901794373989e-03 2.6273658871650696e-01 
3.7354335654526949e-03 3.1526368111371994e-03 9.9996405839920044e-01 1.1375911533832550e-02 
0.0000000000000000e+00 0.0000000000000000e+00 0.0000000000000000e+00 1.0000000000000000e+00 
Research-counter-fast/0073.pcd
9.9930930137634277e-01 -3.7230219691991806e-02 -4.2526000179350376e-03 -6.8523325026035309e-02 
3.7245824933052063e-02 9.9930703639984131e-01 4.4393939897418022e-03 3.0027899146080017e-01 
3.2253626268357038e-03 -4.5950710773468018e-03 9.9998867511749268e-01 9.5065878704190254e-03 
0.0000000000000000e+00 0.0000000000000000e+00 0.0000000000000000e+00 1.0000000000000000e+00 
Research-counter-fast/0074.pcd
9.9929046630859375e-01 -3.7746712565422058e-02 -2.6946428697556257e-03 -7.5504645705223083e-02 
3.7758491933345795e-02 9.9929916858673096e-01 2.6572931092232466e-03 2.2735898196697235e-01 
4.4597168453037739e-03 -2.8005263302475214e-03 1.0000082254409790e+00 1.3307739049196243e-02 
0.0000000000000000e+00 0.0000000000000000e+00 0.0000000000000000e+00 1.0000000000000000e+00 
Research-counter-fast/0075.pcd
9.9925690889358521e-01 -3.8686309009790421e-02 -7.0222606882452965e-04 -7.5578123331069946e-02 
3.8664616644382477e-02 9.9921423196792603e-01 -9.6041969954967499e-03 2.3863838613033295e-01 
2.4500400759279728e-03 9.5638344064354897e-03 9.9995988607406616e-01 1.6609977930784225e-02 
0.0000000000000000e+00 0.0000000000000000e+00 0.0000000000000000e+00 1.0000000000000000e+00 
Research-counter-fast/0076.pcd
9.9954962730407715e-01 -3.0302766710519791e-02 1.4645695919170976e-03 -8.0643564462661743e-02 
3.0310861766338348e-02 9.9954259395599365e-01 2.2715248633176088e-03 2.8973573446273804e-01 
3.0399137176573277e-03 -2.2942724172025919e-03 1.0000035762786865e+00 8.0000655725598335e-04 
0.0000000000000000e+00 0.0000000000000000e+00 0.0000000000000000e+00 1.0000000000000000e+00 
Research-counter-fast/0077.pcd
9.9969947338104248e-01 -2.4177102372050285e-02 -6.0125747695565224e-03 -4.5671701431274414e-02 
2.4237427860498428e-02 9.9965828657150269e-01 9.4985188916325569e-03 2.9970860481262207e-01 
5.7430402375757694e-03 -9.6388282254338264e-03 9.9994164705276489e-01 7.8660445287823677e-03 
0.0000000000000000e+00 0.0000000000000000e+00 0.0000000000000000e+00 1.0000000000000000e+00 
Research-counter-fast/0078.pcd
9.9984115362167358e-01 -1.5899334102869034e-02 -3.7113991566002369e-03 -6.9637387990951538e-02 
1.5995662659406662e-02 9.9984472990036011e-01 9.7897313535213470e-03 1.7919352650642395e-01 
9.7169969230890274e-03 -9.8535381257534027e-03 9.9995934963226318e-01 -4.5328615233302116e-03 
0.0000000000000000e+00 0.0000000000000000e+00 0.0000000000000000e+00 1.0000000000000000e+00 
Research-counter-fast/0079.pcd
9.9993056058883667e-01 -1.1531359516084194e-02 -1.7920274287462234e-02 3.0041296035051346e-02 
1.1536365374922752e-02 9.9993753433227539e-01 -4.7820995678193867e-04 2.8069308400154114e-01 
4.4878004118800163e-03 3.2493809703737497e-04 9.9985551834106445e-01 2.2667000070214272e-02 
0.0000000000000000e+00 0.0000000000000000e+00 0.0000000000000000e+00 1.0000000000000000e+00 
Research-counter-fast/0080.pcd
9.9996876716613770e-01 -8.1518059596419334e-03 -6.6782590001821518e-03 -3.5736602731049061e-03 
8.1504294648766518e-03 9.9996781349182129e-01 -5.3723406745120883e-04 2.9060927033424377e-01 
3.0038866680115461e-03 4.7736641135998070e-04 9.9998188018798828e-01 1.2537400238215923e-02 
0.0000000000000000e+00 0.0000000000000000e+00 0.0000000000000000e+00 1.0000000000000000e+00 
Research-counter-fast/0081.pcd
9.9992048740386963e-01 -1.3669819571077824e-02 -1.4887926226947457e-04 -1.7509367316961288e-02 
1.3675107620656490e-02 9.9991041421890259e-01 1.4037726214155555e-03 3.4281250834465027e-01 
1.1724416399374604e-03 -1.3896588934585452e-03 1.0000070333480835e+00 2.2108936682343483e-02 
0.0000000000000000e+00 0.0000000000000000e+00 0.0000000000000000e+00 1.0000000000000000e+00 
Research-counter-fast/0082.pcd
9.9989020824432373e-01 -1.5618079341948032e-02 2.4120302405208349e-03 -2.6284538209438324e-02 
1.5639118850231171e-02 9.9983775615692139e-01 -9.9421115592122078e-03 3.2861399650573730e-01 
-1.7517472151666880e-03 9.9801812320947647e-03 9.9996012449264526e-01 2.7754642069339752e-02 
0.0000000000000000e+00 0.0000000000000000e+00 0.0000000000000000e+00 1.0000000000000000e+00 
Research-counter-fast/0083.pcd
9.9993121623992920e-01 -1.2647373601794243e-02 9.5596921164542437e-04 -2.4924858007580042e-03 
1.2649607844650745e-02 9.9992609024047852e-01 -7.6005316805094481e-04 3.9916926622390747e-01 
-1.0257776593789458e-03 7.7261624392122030e-04 1.0000026226043701e+00 9.9980095401406288e-03 
0.0000000000000000e+00 0.0000000000000000e+00 0.0000000000000000e+00 1.0000000000000000e+00 
Research-counter-fast/0084.pcd
9.9994546175003052e-01 -1.1857980862259865e-02 -7.6897027902305126e-03 1.1339480057358742e-02 
1.1855566874146461e-02 9.9993026256561279e-01 -3.1417717691510916e-03 3.9992284774780273e-01 
1.3871033443138003e-03 3.1002280302345753e-03 9.9998122453689575e-01 1.5489337034523487e-02 
0.0000000000000000e+00 0.0000000000000000e+00 0.0000000000000000e+00 1.0000000000000000e+00 
Research-counter-fast/0085.pcd
9.9999171495437622e-01 -1.7189480131492019e-03 -1.2337770313024521e-02 1.7244827002286911e-02 
1.6715108649805188e-03 9.9996578693389893e-01 -9.1345449909567833e-03 3.5730233788490295e-01 
5.0604278221726418e-03 9.1982148587703705e-03 9.9988734722137451e-01 1.9075745716691017e-02 
0.0000000000000000e+00 0.0000000000000000e+00 0.0000000000000000e+00 1.0000000000000000e+00 
Research-counter-fast/0086.pcd
1.0000205039978027e+00 -1.6068997792899609e-03 -6.9169378839433193e-03 9.7628561779856682e-03 
1.6026538796722889e-03 1.0000059604644775e+00 -3.0867331661283970e-03 3.4032756090164185e-01 
2.7731782756745815e-03 3.0283515807241201e-03 9.9998289346694946e-01 2.8576619923114777e-02 
0.0000000000000000e+00 0.0000000000000000e+00 0.0000000000000000e+00 1.0000000000000000e+00 
Research-counter-fast/0087.pcd
1.0000296831130981e+00 1.3067180407233536e-04 -7.8350920230150223e-03 4.2251206934452057e-02 
-1.3153324835002422e-04 1.0000138282775879e+00 4.4303289614617825e-03 3.7259691953659058e-01 
-7.6364056440070271e-04 -4.4878320768475533e-03 9.9998599290847778e-01 1.7098356038331985e-02 
0.0000000000000000e+00 0.0000000000000000e+00 0.0000000000000000e+00 1.0000000000000000e+00 
Research-counter-fast/0088.pcd
1.0000275373458862e+00 -7.4503291398286819e-04 2.1113271359354258e-03 -2.2506557404994965e-02 
7.5351650593802333e-04 1.0000200271606445e+00 1.8546734936535358e-03 3.2280862331390381e-01 
2.5358775164932013e-03 -1.8878052942454815e-03 1.0000218152999878e+00 1.1349376291036606e-02 
0.0000000000000000e+00 0.0000000000000000e+00 0.0000000000000000e+00 1.0000000000000000e+00 
Research-counter-fast/0089.pcd
1.0000150203704834e+00 1.9376793643459678e-03 -4.4344705529510975e-03 2.0322592929005623e-02 
-1.9418081501498818e-03 9.9998921155929565e-01 -6.7312265746295452e-03 3.5106214880943298e-01 
7.4914982542395592e-04 6.7486977204680443e-03 9.9997085332870483e-01 2.2479714825749397e-02 
0.0000000000000000e+00 0.0000000000000000e+00 0.0000000000000000e+00 1.0000000000000000e+00 
Research-counter-fast/0090.pcd
1.0000034570693970e+00 -1.6776189440861344e-03 -3.8575690705329180e-03 2.9741914942860603e-02 
1.6748131019994617e-03 1.0000119209289551e+00 9.0821611229330301e-04 3.9920270442962646e-01 
-1.1007454013451934e-03 -8.3583773812279105e-04 9.9999707937240601e-01 2.8628749772906303e-02 
0.0000000000000000e+00 0.0000000000000000e+00 0.0000000000000000e+00 1.0000000000000000e+00 
Research-counter-fast/0091.pcd
1.0000138282775879e+00 -1.8882410367950797e-03 -2.2113404702395201e-03 4.1473813354969025e-02 
1.8976499559357762e-03 9.9999868869781494e-01 -3.1163813546299934e-03 4.2403176426887512e-01 
-2.1091746166348457e-03 3.0526965856552124e-03 1.0000020265579224e+00 1.4237079769372940e-02 
0.0000000000000000e+00 0.0000000000000000e+00 0.0000000000000000e+00 1.0000000000000000e+00 
Research-counter-fast/0092.pcd
9.9999821186065674e-01 -1.1580728460103273e-03 1.0182254482060671e-04 5.2041005343198776e-02 
1.1738074244931340e-03 1.0000036954879761e+00 -2.8146216645836830e-03 3.6992210149765015e-01 
-4.6708071604371071e-03 2.8387538623064756e-03 1.0000046491622925e+00 1.8164256587624550e-02 
0.0000000000000000e+00 0.0000000000000000e+00 0.0000000000000000e+00 1.0000000000000000e+00 
Research-counter-fast/0093.pcd
9.9999958276748657e-01 -4.2587318457663059e-03 -7.3438310064375401e-03 3.2681312412023544e-02 
4.2544179596006870e-03 9.9999403953552246e-01 1.5580306062474847e-03 4.1815623641014099e-01 
-5.1408926956355572e-03 -1.6626048600301147e-03 9.9997973442077637e-01 2.1694319322705269e-02 
0.0000000000000000e+00 0.0000000000000000e+00 0.0000000000000000e+00 1.0000000000000000e+00 
Research-counter-fast/0094.pcd
1.0000197887420654e+00 -1.4249007217586040e-03 3.2759592868387699e-03 9.8762363195419312e-03 
1.4267979422584176e-03 1.0000050067901611e+00 7.4581790249794722e-04 3.8427123427391052e-01 
-1.6596780624240637e-03 -7.9160468885675073e-04 1.0000072717666626e+00 1.9524417817592621e-02 
0.0000000000000000e+00 0.0000000000000000e+00 0.0000000000000000e+00 1.0000000000000000e+00 
Research-counter-fast/0095.pcd
1.0000082254409790e+00 3.7202427629381418e-03 -3.9026464801281691e-03 2.8881143778562546e-02 
-3.7168695125728846e-03 1.0000025033950806e+00 -1.4763588551431894e-03 4.0315082669258118e-01 
-1.8920907750725746e-03 1.4148685149848461e-03 1.0000020265579224e+00 2.1258674096316099e-03 
0.0000000000000000e+00 0.0000000000000000e+00 0.0000000000000000e+00 1.0000000000000000e+00 
Research-counter-fast/0096.pcd
1.0000191926956177e+00 -2.7125880587846041e-03 2.4498082348145545e-04 3.0419621616601944e-03 
2.7095316909253597e-03 9.9994152784347534e-01 1.2251885607838631e-02 4.3659350275993347e-01 
-2.7411058545112610e-04 -1.2251413427293301e-02 9.9993270635604858e-01 -6.7309697624295950e-04 
0.0000000000000000e+00 0.0000000000000000e+00 0.0000000000000000e+00 1.0000000000000000e+00 
Research-counter-fast/0097.pcd
1.0000127553939819e+00 -1.3708110200241208e-03 2.9369061812758446e-03 1.5028644353151321e-02 
1.3047102838754654e-03 9.9976783990859985e-01 2.2298494353890419e-02 4.5852702856063843e-01 
-2.9694251716136932e-03 -2.2294875234365463e-02 9.9976581335067749e-01 4.7807591035962105e-03 
0.0000000000000000e+00 0.0000000000000000e+00 0.0000000000000000e+00 1.0000000000000000e+00 
Research-counter-fast/0098.pcd
