Research-clockwise-fast/0000.pcd
9.9381345510482788e-01 -1.1106222122907639e-01 0.0000000000000000e+00 0.0000000000000000e+00 
1.1106222122907639e-01 9.9381345510482788e-01 -0.0000000000000000e+00 0.0000000000000000e+00 
0.0000000000000000e+00 0.0000000000000000e+00 1.0000000000000000e+00 0.0000000000000000e+00 
0.0000000000000000e+00 0.0000000000000000e+00 0.0000000000000000e+00 1.0000000000000000e+00 
Research-clockwise-fast/0001.pcd
1.0000125169754028e+00 1.1954150395467877e-03 3.2931480091065168e-03 -1.0352517478168011e-02 
-1.1938349343836308e-03 1.0000319480895996e+00 -1.0822981857927516e-04 4.0552362799644470e-02 
-3.2943435944616795e-03 1.0782155004562810e-04 1.0000238418579102e+00 5.9124447405338287e-02 
0.0000000000000000e+00 0.0000000000000000e+00 0.0000000000000000e+00 1.0000000000000000e+00 
Research-clockwise-fast/0002.pcd
1.0000040531158447e+00 6.6940824035555124e-04 -4.5641427859663963e-03 1.5888987109065056e-02 
-6.6954933572560549e-04 1.0000123977661133e+00 -4.9915077397599816e-04 -4.6222116798162460e-02 
4.5657320879399776e-03 4.9875455442816019e-04 9.9999964237213135e-01 -5.2978750318288803e-02 
0.0000000000000000e+00 0.0000000000000000e+00 0.0000000000000000e+00 1.0000000000000000e+00 
Research-clockwise-fast/0003.pcd
1.0000133514404297e+00 -1.7447826394345611e-04 9.4233517302200198e-04 -7.6217591762542725e-02 
1.6920683265198022e-04 1.0000069141387939e+00 7.7548570698127151e-04 -9.4449985772371292e-04 
-9.4524148153141141e-04 -7.6721643563359976e-04 1.0000096559524536e+00 2.6169460266828537e-02 
0.0000000000000000e+00 0.0000000000000000e+00 0.0000000000000000e+00 1.0000000000000000e+00 
Research-clockwise-fast/0004.pcd
1.0000153779983521e+00 1.5435478417202830e-05 -1.4711046824231744e-03 1.7594977980479598e-03 
-1.8429038391332142e-05 1.0000125169754028e+00 5.5763139243936166e-05 -8.8435976067557931e-05 
1.4706181827932596e-03 -5.7071167248068377e-05 1.0000116825103760e+00 1.4052274636924267e-03 
0.0000000000000000e+00 0.0000000000000000e+00 0.0000000000000000e+00 1.0000000000000000e+00 
Research-clockwise-fast/0005.pcd
1.0000139474868774e+00 9.0392477432033047e-06 -1.0398596059530973e-03 4.4608828611671925e-03 
-8.3252198237460107e-06 1.0000262260437012e+00 1.2303565745241940e-04 -2.0405117538757622e-04 
-1.2319348752498627e-04 -1.2534404231701046e-04 1.0000126361846924e+00 6.1633603763766587e-05 
0.0000000000000000e+00 0.0000000000000000e+00 0.0000000000000000e+00 1.0000000000000000e+00 
Research-clockwise-fast/0006.pcd
1.0000020265579224e+00 3.5053370520472527e-03 2.9026141855865717e-03 -8.6265429854393005e-03 
-3.5133059136569500e-03 1.0000036954879761e+00 4.1346251964569092e-03 2.8562629595398903e-02 
-2.8943892102688551e-03 -4.1437498293817043e-03 9.9999868869781494e-01 5.4504431784152985e-02 
0.0000000000000000e+00 0.0000000000000000e+00 0.0000000000000000e+00 1.0000000000000000e+00 
Research-clockwise-fast/0007.pcd
1.0000041723251343e+00 -1.5179527690634131e-03 -6.1321686953306198e-03 4.7022730112075806e-02 
1.5200672205537558e-03 1.0000047683715820e+00 7.3178450111299753e-04 -5.9355787932872772e-02 
3.1025130301713943e-03 -7.4093107832595706e-04 9.9998861551284790e-01 -5.3096219897270203e-02 
0.0000000000000000e+00 0.0000000000000000e+00 0.0000000000000000e+00 1.0000000000000000e+00 
Research-clockwise-fast/0008.pcd
1.0000243186950684e+00 -1.3834409401169978e-05 2.3928427253849804e-05 -7.0784357376396656e-04 
1.0741719961515628e-05 1.0000183582305908e+00 -2.1385145373642445e-05 -1.0945538815576583e-04 
-2.2324364181258716e-05 2.6563480787444860e-05 1.0000244379043579e+00 9.5361756393685937e-04 
0.0000000000000000e+00 0.0000000000000000e+00 0.0000000000000000e+00 1.0000000000000000e+00 
Research-clockwise-fast/0009.pcd
1.0000030994415283e+00 6.2481721397489309e-04 2.4301877710968256e-03 -7.9882249236106873e-02 
-6.2691135099157691e-04 1.0000002384185791e+00 -2.5100694620050490e-04 3.0472705140709877e-02 
-2.4302653037011623e-03 2.5232191546820104e-04 9.9999904632568359e-01 6.0538884252309799e-02 
0.0000000000000000e+00 0.0000000000000000e+00 0.0000000000000000e+00 1.0000000000000000e+00 
Research-clockwise-fast/0010.pcd
1.0000092983245850e+00 2.0236815325915813e-03 2.3960997350513935e-04 -8.4785960614681244e-02 
-2.0233627874404192e-03 1.0000065565109253e+00 -2.0417256746441126e-03 7.2681389749050140e-02 
-2.3479772789869457e-04 2.0423429086804390e-03 1.0000045299530029e+00 3.8703784346580505e-02 
0.0000000000000000e+00 0.0000000000000000e+00 0.0000000000000000e+00 1.0000000000000000e+00 
Research-clockwise-fast/0011.pcd
1.0000020265579224e+00 4.2328782728873193e-04 2.0588359329849482e-03 -8.0807760357856750e-02 
-4.2082727304659784e-04 1.0000190734863281e+00 -4.0332463686354458e-04 3.0282732099294662e-02 
-2.1109224762767553e-03 4.0748115861788392e-04 1.0000222921371460e+00 4.9711558967828751e-02 
0.0000000000000000e+00 0.0000000000000000e+00 0.0000000000000000e+00 1.0000000000000000e+00 
Research-clockwise-fast/0012.pcd
1.0000052452087402e+00 3.0537359416484833e-03 2.3343155626207590e-03 -2.2198349237442017e-02 
-3.0614256393164396e-03 9.9999928474426270e-01 3.3658070024102926e-03 5.2882768213748932e-02 
-2.3244228214025497e-03 -3.3739840146154165e-03 9.9999856948852539e-01 6.1733208596706390e-02 
0.0000000000000000e+00 0.0000000000000000e+00 0.0000000000000000e+00 1.0000000000000000e+00 
Research-clockwise-fast/0013.pcd
9.9999982118606567e-01 7.2440528310835361e-04 -1.1921566911041737e-03 6.1895232647657394e-03 
-7.2173838270828128e-04 1.0000174045562744e+00 3.8906847476027906e-04 2.2209711372852325e-02 
-1.7542059067636728e-03 -3.9110539364628494e-04 1.0000067949295044e+00 5.2599359303712845e-02 
0.0000000000000000e+00 0.0000000000000000e+00 0.0000000000000000e+00 1.0000000000000000e+00 
Research-clockwise-fast/0014.pcd
1.0000028610229492e+00 2.9529544990509748e-03 2.9370808042585850e-03 -2.0811690017580986e-02 
-2.9738976154476404e-03 9.9998396635055542e-01 3.4907381050288677e-03 5.2686892449855804e-02 
-2.9243577737361193e-03 -3.4972273278981447e-03 9.9999117851257324e-01 6.4686000347137451e-02 
0.0000000000000000e+00 0.0000000000000000e+00 0.0000000000000000e+00 1.0000000000000000e+00 
Research-clockwise-fast/0015.pcd
1.0000150203704834e+00 -1.1351655120961368e-04 3.2409193227067590e-04 1.1200922308489680e-03 
1.1483232810860500e-04 1.0000206232070923e+00 -3.4371213405393064e-04 -5.9498450718820095e-04 
-3.5130747128278017e-03 3.4404062898829579e-04 1.0000060796737671e+00 1.1786771938204765e-02 
0.0000000000000000e+00 0.0000000000000000e+00 0.0000000000000000e+00 1.0000000000000000e+00 
Research-clockwise-fast/0016.pcd
1.0000020265579224e+00 1.0461008969286922e-05 -1.2863846677646507e-05 7.4899545870721340e-04 
-8.2600154200918041e-06 1.0000200271606445e+00 9.2167611001059413e-06 1.5451110084541142e-04 
2.4913064407883212e-05 -1.0083736924570985e-05 1.0000020265579224e+00 -7.7028316445648670e-04 
0.0000000000000000e+00 0.0000000000000000e+00 0.0000000000000000e+00 1.0000000000000000e+00 
Research-clockwise-fast/0017.pcd
1.0000085830688477e+00 3.5034204483963549e-04 -2.5960491038858891e-03 7.6757930219173431e-03 
-3.6029677721671760e-04 1.0000135898590088e+00 -1.1196942068636417e-03 -2.1196272224187851e-02 
5.0859176553785801e-03 1.1297541204839945e-03 1.0000370740890503e+00 -7.4502691626548767e-02 
0.0000000000000000e+00 0.0000000000000000e+00 0.0000000000000000e+00 1.0000000000000000e+00 
Research-clockwise-fast/0018.pcd
1.0000061988830566e+00 -3.1366376206278801e-03 -3.3891403581947088e-03 1.8418878316879272e-02 
3.1277481466531754e-03 1.0000090599060059e+00 -3.9063817821443081e-03 -5.0895102322101593e-02 
3.4074792638421059e-03 3.8893572054803371e-03 9.9999356269836426e-01 -7.7733054757118225e-02 
0.0000000000000000e+00 0.0000000000000000e+00 0.0000000000000000e+00 1.0000000000000000e+00 
Research-clockwise-fast/0019.pcd
1.0000178813934326e+00 -1.2543910415843129e-03 -1.9091950962319970e-03 1.1430107988417149e-02 
1.2521368917077780e-03 1.0000219345092773e+00 -1.3658934039995074e-04 -3.9980903267860413e-02 
1.9064785446971655e-03 1.3447040691971779e-04 1.0000132322311401e+00 -6.2504447996616364e-02 
0.0000000000000000e+00 0.0000000000000000e+00 0.0000000000000000e+00 1.0000000000000000e+00 
Research-clockwise-fast/0020.pcd
1.0000191926956177e+00 7.0206535747274756e-04 1.0949954157695174e-03 -3.4152471926063299e-03 
-7.0621853228658438e-04 1.0000070333480835e+00 6.7998618760611862e-05 2.2968135774135590e-02 
-1.0897455504164100e-03 -5.8246434491593391e-05 1.0000159740447998e+00 3.7404090166091919e-02 
0.0000000000000000e+00 0.0000000000000000e+00 0.0000000000000000e+00 1.0000000000000000e+00 
Research-clockwise-fast/0021.pcd
9.9999773502349854e-01 2.1333280019462109e-03 1.4407171402126551e-03 -1.8957609310746193e-02 
-2.1382835693657398e-03 9.9999421834945679e-01 1.2365416623651981e-03 5.6923236697912216e-02 
-2.6964372955262661e-03 -1.2295055203139782e-03 1.0000170469284058e+00 7.7232234179973602e-02 
0.0000000000000000e+00 0.0000000000000000e+00 0.0000000000000000e+00 1.0000000000000000e+00 
Research-clockwise-fast/0022.pcd
1.0000207424163818e+00 -2.0515006035566330e-03 -4.2124390602111816e-03 2.7598382905125618e-02 
2.0445534028112888e-03 1.0000115633010864e+00 -8.2186202052980661e-04 -5.8232512325048447e-02 
1.5994466375559568e-03 8.1475649494677782e-04 1.0000053644180298e+00 -4.6601202338933945e-02 
0.0000000000000000e+00 0.0000000000000000e+00 0.0000000000000000e+00 1.0000000000000000e+00 
Research-clockwise-fast/0023.pcd
1.0000077486038208e+00 -3.6825973074883223e-03 -2.9521896503865719e-03 1.7140014097094536e-02 
3.6605696659535170e-03 9.9998563528060913e-01 -5.5790566839277744e-03 -4.7758962959051132e-02 
2.9781870543956757e-03 5.5706813000142574e-03 9.9998980760574341e-01 -6.7666433751583099e-02 
0.0000000000000000e+00 0.0000000000000000e+00 0.0000000000000000e+00 1.0000000000000000e+00 
Research-clockwise-fast/0024.pcd
1.0000147819519043e+00 -3.4559259656816721e-03 -2.6426329277455807e-03 1.7202211543917656e-02 
3.4344880841672421e-03 9.9999612569808960e-01 -5.0222771242260933e-03 -4.9091037362813950e-02 
3.1991100404411554e-03 5.0156251527369022e-03 9.9998873472213745e-01 -6.0018014162778854e-02 
0.0000000000000000e+00 0.0000000000000000e+00 0.0000000000000000e+00 1.0000000000000000e+00 
Research-clockwise-fast/0025.pcd
9.9999529123306274e-01 1.9134074682369828e-03 -7.0731565356254578e-03 1.1572612449526787e-02 
-1.9113030284643173e-03 1.0000046491622925e+00 -7.3938770219683647e-04 5.7563468813896179e-02 
-6.2165562994778156e-03 7.2298268787562847e-04 9.9998903274536133e-01 1.8249969184398651e-01 
0.0000000000000000e+00 0.0000000000000000e+00 0.0000000000000000e+00 1.0000000000000000e+00 
Research-clockwise-fast/0026.pcd
1.0000132322311401e+00 -7.7198835788294673e-04 4.9324687570333481e-03 -2.6484200730919838e-02 
7.6386006549000740e-04 1.0000073909759521e+00 9.7569840727373958e-04 4.5470956712961197e-02 
-4.9314675852656364e-03 -9.7419210942462087e-04 9.9999409914016724e-01 4.0045622736215591e-02 
0.0000000000000000e+00 0.0000000000000000e+00 0.0000000000000000e+00 1.0000000000000000e+00 
Research-clockwise-fast/0027.pcd
1.0000272989273071e+00 -1.9554486498236656e-03 -3.6635377909988165e-03 1.3594489544630051e-02 
1.9564549438655376e-03 1.0000278949737549e+00 -5.5217195767909288e-04 -5.8283258229494095e-02 
8.4568309830501676e-04 5.4248626111075282e-04 1.0000137090682983e+00 -2.5766385719180107e-02 
0.0000000000000000e+00 0.0000000000000000e+00 0.0000000000000000e+00 1.0000000000000000e+00 
Research-clockwise-fast/0028.pcd
1.0000312328338623e+00 -1.9801615271717310e-03 -2.4204785004258156e-03 1.4941152185201645e-02 
1.9682853017002344e-03 1.0000056028366089e+00 -7.0609536487609148e-04 -5.7600390166044235e-02 
2.4331288877874613e-03 7.1272160857915878e-04 1.0000135898590088e+00 -7.3848649859428406e-02 
0.0000000000000000e+00 0.0000000000000000e+00 0.0000000000000000e+00 1.0000000000000000e+00 
Research-clockwise-fast/0029.pcd
1.0000220537185669e+00 8.1626661994960159e-05 -4.6088587259873748e-04 1.0020134504884481e-03 
-8.5896805103402585e-05 1.0000150203704834e+00 3.1055242288857698e-04 4.3587968684732914e-04 
5.3573620971292257e-04 -3.0517709092237055e-04 1.0000133514404297e+00 -1.6283363103866577e-02 
0.0000000000000000e+00 0.0000000000000000e+00 0.0000000000000000e+00 1.0000000000000000e+00 
Research-clockwise-fast/0030.pcd
1.0000083446502686e+00 -8.9353870134800673e-04 -1.4449427835643291e-03 8.7610170245170593e-02 
8.9075847063213587e-04 1.0000046491622925e+00 7.4928323738276958e-04 -3.1410083174705505e-02 
1.4442660612985492e-03 -7.4559467611834407e-04 1.0000040531158447e+00 -2.9291164129972458e-02 
0.0000000000000000e+00 0.0000000000000000e+00 0.0000000000000000e+00 1.0000000000000000e+00 
Research-clockwise-fast/0031.pcd
1.0000199079513550e+00 -5.1746971439570189e-04 -2.4707640986889601e-03 1.3214707374572754e-02 
4.9009185750037432e-04 9.9997073411941528e-01 -8.6417058482766151e-03 -5.6699004024267197e-02 
2.4806156288832426e-03 8.6431317031383514e-03 9.9997955560684204e-01 -1.7639515921473503e-02 
0.0000000000000000e+00 0.0000000000000000e+00 0.0000000000000000e+00 1.0000000000000000e+00 
Research-clockwise-fast/0032.pcd
1.0000243186950684e+00 1.2116381549276412e-04 -7.8799936454743147e-04 3.6014993675053120e-03 
-1.2576281733345240e-04 1.0000133514404297e+00 4.3076995643787086e-04 8.9483731426298618e-04 
5.9429247630760074e-04 -4.2978441342711449e-04 1.0000253915786743e+00 -2.5257607921957970e-02 
0.0000000000000000e+00 0.0000000000000000e+00 0.0000000000000000e+00 1.0000000000000000e+00 
Research-clockwise-fast/0033.pcd
1.0000010728836060e+00 1.0338309220969677e-03 2.4746835697442293e-03 -8.8362030684947968e-02 
-1.0412897681817412e-03 9.9999493360519409e-01 -1.4161378203425556e-04 5.8923594653606415e-02 
-2.4686136748641729e-03 1.4334675506688654e-04 1.0000058412551880e+00 6.0398716479539871e-02 
0.0000000000000000e+00 0.0000000000000000e+00 0.0000000000000000e+00 1.0000000000000000e+00 
Research-clockwise-fast/0034.pcd
1.0000069141387939e+00 -1.3417977606877685e-03 -1.8784428248181939e-03 7.7987546101212502e-03 
1.3402849435806274e-03 1.0000107288360596e+00 -5.1899527898058295e-04 -3.9845887571573257e-02 
1.8550312379375100e-03 5.2103272173553705e-04 1.0000016689300537e+00 -5.7469666004180908e-02 
0.0000000000000000e+00 0.0000000000000000e+00 0.0000000000000000e+00 1.0000000000000000e+00 
Research-clockwise-fast/0035.pcd
1.0000121593475342e+00 -4.2484304867684841e-03 -2.1548839285969734e-03 7.6433429494500160e-03 
4.2337598279118538e-03 9.9999606609344482e-01 -5.9952088631689548e-03 -2.2151436656713486e-02 
2.6615343522280455e-03 5.9850071556866169e-03 1.0000020265579224e+00 -6.3473179936408997e-02 
0.0000000000000000e+00 0.0000000000000000e+00 0.0000000000000000e+00 1.0000000000000000e+00 
Research-clockwise-fast/0036.pcd
9.9999898672103882e-01 -2.6600803248584270e-03 -5.1951664499938488e-03 2.0914092659950256e-02 
2.6596989482641220e-03 1.0000094175338745e+00 -2.0177711849100888e-04 -3.4374706447124481e-02 
5.1835929043591022e-03 1.8836602976080030e-04 9.9999964237213135e-01 -4.3677035719156265e-02 
0.0000000000000000e+00 0.0000000000000000e+00 0.0000000000000000e+00 1.0000000000000000e+00 
Research-clockwise-fast/0037.pcd
1.0000184774398804e+00 -2.1514429245144129e-03 -3.6997185088694096e-03 2.3686349391937256e-02 
2.1392249036580324e-03 1.0000201463699341e+00 -3.5986667498946190e-03 -5.5556613951921463e-02 
3.6983110476285219e-03 3.5980490501970053e-03 1.0000158548355103e+00 -6.2878519296646118e-02 
0.0000000000000000e+00 0.0000000000000000e+00 0.0000000000000000e+00 1.0000000000000000e+00 
Research-clockwise-fast/0038.pcd
1.0000046491622925e+00 2.5572247977834195e-05 -3.5093413316644728e-04 3.9470009505748749e-03 
-2.5466042643529363e-05 1.0000064373016357e+00 4.6919783926568925e-05 -3.6729896237375215e-05 
-5.0496932090027258e-05 -4.6711331378901377e-05 1.0000035762786865e+00 8.4085558773949742e-04 
0.0000000000000000e+00 0.0000000000000000e+00 0.0000000000000000e+00 1.0000000000000000e+00 
Research-clockwise-fast/0039.pcd
1.0000053644180298e+00 9.4251772679854184e-05 -3.5557872615754604e-03 2.3604501038789749e-02 
-1.0334089893149212e-04 1.0000058412551880e+00 -2.3213033564388752e-03 -1.8560642376542091e-02 
3.5589472390711308e-03 2.3204481694847345e-03 1.0000027418136597e+00 -7.5289420783519745e-02 
0.0000000000000000e+00 0.0000000000000000e+00 0.0000000000000000e+00 1.0000000000000000e+00 
Research-clockwise-fast/0040.pcd
9.9999529123306274e-01 3.1969749834388494e-03 2.2350952494889498e-03 -1.1161657050251961e-02 
-3.1956273596733809e-03 1.0000041723251343e+00 -1.2971310934517533e-04 1.2571414001286030e-02 
-2.6144962757825851e-03 1.2151907139923424e-04 1.0000002384185791e+00 1.8657721579074860e-02 
0.0000000000000000e+00 0.0000000000000000e+00 0.0000000000000000e+00 1.0000000000000000e+00 
Research-clockwise-fast/0041.pcd
1.0000268220901489e+00 8.9107197709381580e-05 -8.6561469361186028e-03 1.0913836956024170e-01 
-9.1384550614748150e-05 1.0000149011611938e+00 4.4437363976612687e-04 -4.2005525901913643e-03 
1.4078221283853054e-03 -4.2398305959068239e-04 9.9998801946640015e-01 -2.7766810730099678e-02 
0.0000000000000000e+00 0.0000000000000000e+00 0.0000000000000000e+00 1.0000000000000000e+00 
Research-clockwise-fast/0042.pcd
1.0000170469284058e+00 7.9217163147404790e-04 4.1579245589673519e-03 -3.0412169173359871e-02 
-7.8137835953384638e-04 1.0000145435333252e+00 -3.5738805308938026e-03 6.8298868834972382e-02 
-4.1571343317627907e-03 3.5748202353715897e-03 1.0000127553939819e+00 5.0614565610885620e-02 
0.0000000000000000e+00 0.0000000000000000e+00 0.0000000000000000e+00 1.0000000000000000e+00 
Research-clockwise-fast/0043.pcd
1.0000044107437134e+00 1.7713004490360618e-04 -2.1685620595235378e-04 9.3648470938205719e-03 
-1.7222801398020238e-04 1.0000063180923462e+00 2.8796307742595673e-04 8.7229610653594136e-04 
3.6016749800182879e-04 -2.8101925272494555e-04 1.0000125169754028e+00 -9.7239166498184204e-03 
0.0000000000000000e+00 0.0000000000000000e+00 0.0000000000000000e+00 1.0000000000000000e+00 
Research-clockwise-fast/0044.pcd
1.0000009536743164e+00 -2.6394240558147430e-03 -2.9409762937575579e-03 2.6966085657477379e-02 
2.6388594415038824e-03 1.0000165700912476e+00 -1.1491737095639110e-03 -3.3882934600114822e-02 
2.9408046975731850e-03 1.1401050724089146e-03 1.0000076293945312e+00 -3.9846096187829971e-02 
0.0000000000000000e+00 0.0000000000000000e+00 0.0000000000000000e+00 1.0000000000000000e+00 
Research-clockwise-fast/0045.pcd
1.0000070333480835e+00 -2.8791332151740789e-03 -3.0443952418863773e-03 2.3606810718774796e-02 
2.8715974185615778e-03 1.0000146627426147e+00 -2.2947674151510000e-03 -5.4836481809616089e-02 
3.3300453796982765e-03 2.2847438231110573e-03 9.9999970197677612e-01 -4.5898668467998505e-02 
0.0000000000000000e+00 0.0000000000000000e+00 0.0000000000000000e+00 1.0000000000000000e+00 
Research-clockwise-fast/0046.pcd
9.9999815225601196e-01 8.1936380593106151e-04 -5.6843203492462635e-04 1.3519736938178539e-02 
-8.1824912922456861e-04 1.0000001192092896e+00 3.0903398874215782e-04 2.4580437690019608e-02 
-1.3144448166713119e-04 -3.1343477894552052e-04 9.9999839067459106e-01 3.4611800219863653e-03 
0.0000000000000000e+00 0.0000000000000000e+00 0.0000000000000000e+00 1.0000000000000000e+00 
Research-clockwise-fast/0047.pcd
1.0000042915344238e+00 -2.7417425371822901e-05 -5.0501374062150717e-04 7.3916420340538025e-02 
2.6511135729379021e-05 1.0000032186508179e+00 -7.7995372703298926e-04 -2.0998101681470871e-03 
7.0946116466075182e-04 7.7974906889721751e-04 1.0000020265579224e+00 -1.6744265332818031e-02 
0.0000000000000000e+00 0.0000000000000000e+00 0.0000000000000000e+00 1.0000000000000000e+00 
Research-clockwise-fast/0048.pcd
1.0000180006027222e+00 3.0285455286502838e-03 -2.7921937871724367e-03 2.2781919687986374e-02 
-3.0261375941336155e-03 9.9999177455902100e-01 2.4596503935754299e-03 3.4351419657468796e-02 
2.3219545837491751e-03 -2.4528808426111937e-03 9.9999988079071045e-01 -1.5603420324623585e-02 
0.0000000000000000e+00 0.0000000000000000e+00 0.0000000000000000e+00 1.0000000000000000e+00 
Research-clockwise-fast/0049.pcd
9.9997568130493164e-01 8.0389585345983505e-03 7.9627142986282706e-04 3.9283311925828457e-03 
-8.0401543527841568e-03 9.9997508525848389e-01 -1.4761227066628635e-04 5.4598756134510040e-02 
8.1880990182980895e-04 1.5405437443405390e-04 9.9999463558197021e-01 -8.3131808787584305e-03 
0.0000000000000000e+00 0.0000000000000000e+00 0.0000000000000000e+00 1.0000000000000000e+00 
Research-clockwise-fast/0050.pcd
9.9997079372406006e-01 9.0578077360987663e-03 6.2757270643487573e-04 1.4054050669074059e-02 
-9.0580210089683533e-03 9.9996846914291382e-01 -1.8791871843859553e-04 1.0786630958318710e-01 
8.4995623910799623e-04 1.8756937060970813e-04 1.0000030994415283e+00 7.3497062548995018e-03 
0.0000000000000000e+00 0.0000000000000000e+00 0.0000000000000000e+00 1.0000000000000000e+00 
Research-clockwise-fast/0051.pcd
1.0000113248825073e+00 7.4469828978180885e-03 9.2143937945365906e-04 2.6459639891982079e-02 
-7.4489484541118145e-03 1.0000003576278687e+00 1.2351587647572160e-03 4.7332469373941422e-02 
-2.5441549951210618e-04 -1.2398220133036375e-03 1.0000107288360596e+00 -8.1860031932592392e-03 
0.0000000000000000e+00 0.0000000000000000e+00 0.0000000000000000e+00 1.0000000000000000e+00 
Research-clockwise-fast/0052.pcd
9.9997901916503906e-01 9.2905657365918159e-03 1.5620626509189606e-03 2.3871513083577156e-02 
-9.2887086793780327e-03 9.9998223781585693e-01 -3.8727271021343768e-04 8.8710248470306396e-02 
-1.7395038157701492e-03 3.6739005008712411e-04 1.0000009536743164e+00 3.7280176766216755e-03 
0.0000000000000000e+00 0.0000000000000000e+00 0.0000000000000000e+00 1.0000000000000000e+00 
Research-clockwise-fast/0053.pcd
9.9995636940002441e-01 9.6366172656416893e-03 6.1323709087446332e-04 4.1854634881019592e-02 
-9.6339648589491844e-03 9.9996083974838257e-01 -1.2178157921880484e-03 8.5608504712581635e-02 
-1.6325151082128286e-03 1.2080533197149634e-03 1.0000033378601074e+00 5.1904940046370029e-03 
0.0000000000000000e+00 0.0000000000000000e+00 0.0000000000000000e+00 1.0000000000000000e+00 
Research-clockwise-fast/0054.pcd
9.9996685981750488e-01 8.5381371900439262e-03 4.1407621465623379e-03 2.7809266000986099e-02 
-8.5418205708265305e-03 9.9996232986450195e-01 8.5946638137102127e-04 9.1960735619068146e-02 
-3.6020085681229830e-03 -8.9545338414609432e-04 9.9999040365219116e-01 1.6324568539857864e-02 
0.0000000000000000e+00 0.0000000000000000e+00 0.0000000000000000e+00 1.0000000000000000e+00 
Research-clockwise-fast/0055.pcd
9.9997437000274658e-01 8.5050454363226891e-03 1.6884010983631015e-03 4.5716986060142517e-02 
-8.5054198279976845e-03 9.9997282028198242e-01 7.5622636359184980e-04 6.8604938685894012e-02 
-1.6781393205747008e-03 -7.7251129550859332e-04 9.9999350309371948e-01 -1.1031472124159336e-02 
0.0000000000000000e+00 0.0000000000000000e+00 0.0000000000000000e+00 1.0000000000000000e+00 
Research-clockwise-fast/0056.pcd
9.9998676776885986e-01 9.0593965724110603e-03 4.4447043910622597e-03 3.0544318258762360e-02 
-9.0599497780203819e-03 9.9997633695602417e-01 -5.1489598117768764e-03 1.2220172584056854e-01 
2.2115305182524025e-04 5.1503055728971958e-03 9.9997973442077637e-01 -1.6985652968287468e-02 
0.0000000000000000e+00 0.0000000000000000e+00 0.0000000000000000e+00 1.0000000000000000e+00 
Research-clockwise-fast/0057.pcd
9.9997276067733765e-01 7.5345691293478012e-03 3.8853434380143881e-03 4.3191533535718918e-02 
-7.5275604613125324e-03 9.9998134374618530e-01 -1.4970264164730906e-03 1.0321977734565735e-01 
-3.8976802024990320e-03 1.4677031431347132e-03 9.9999946355819702e-01 7.9158069565892220e-03 
0.0000000000000000e+00 0.0000000000000000e+00 0.0000000000000000e+00 1.0000000000000000e+00 
Research-clockwise-fast/0058.pcd
9.9999594688415527e-01 6.0123405419290066e-03 3.2027671113610268e-03 4.6643499284982681e-02 
-6.0055656358599663e-03 1.0000044107437134e+00 -2.1197188179939985e-03 1.1186439543962479e-01 
-3.2107499428093433e-03 2.1003596484661102e-03 1.0000114440917969e+00 -5.4757756879553199e-04 
0.0000000000000000e+00 0.0000000000000000e+00 0.0000000000000000e+00 1.0000000000000000e+00 
Research-clockwise-fast/0059.pcd
9.9999952316284180e-01 3.6572844255715609e-03 1.4906892320141196e-03 3.0822677537798882e-02 
-3.6559693980962038e-03 1.0000061988830566e+00 -6.6017113567795604e-05 1.1859855055809021e-01 
-1.4907587319612503e-03 6.2175291532184929e-05 1.0000028610229492e+00 1.6918074106797576e-03 
0.0000000000000000e+00 0.0000000000000000e+00 0.0000000000000000e+00 1.0000000000000000e+00 
Research-clockwise-fast/0060.pcd
1.0000067949295044e+00 2.4984860792756081e-03 2.4505248293280602e-03 1.1906664818525314e-02 
-2.5057552848011255e-03 1.0000109672546387e+00 3.1541849020868540e-03 1.2397834658622742e-01 
-2.4426588788628578e-03 -3.1597113702446222e-03 9.9999707937240601e-01 3.3289052080363035e-03 
0.0000000000000000e+00 0.0000000000000000e+00 0.0000000000000000e+00 1.0000000000000000e+00 
Research-clockwise-fast/0061.pcd
1.0000146627426147e+00 3.5428151022642851e-03 6.2103051459416747e-04 3.2934665679931641e-02 
-3.5449434071779251e-03 9.9999886751174927e-01 -2.4824833963066339e-04 1.2290302664041519e-01 
2.0523725834209472e-04 2.3673572286497802e-04 1.0000085830688477e+00 -2.0262887701392174e-03 
0.0000000000000000e+00 0.0000000000000000e+00 0.0000000000000000e+00 1.0000000000000000e+00 
Research-clockwise-fast/0062.pcd
1.0000185966491699e+00 1.5017584664747119e-03 -8.8563357712700963e-04 2.4990083649754524e-02 
-1.5022694133222103e-03 1.0000160932540894e+00 -9.6200249390676618e-04 1.8566584587097168e-01 
8.8379404041916132e-04 9.6238928381353617e-04 1.0000026226043701e+00 7.3721893131732941e-03 
0.0000000000000000e+00 0.0000000000000000e+00 0.0000000000000000e+00 1.0000000000000000e+00 
Research-clockwise-fast/0063.pcd
1.0000103712081909e+00 -6.3605600735172629e-04 8.6384674068540335e-04 2.7514735702425241e-03 
6.3371344003826380e-04 1.0000047683715820e+00 2.8270296752452850e-03 2.0279124379158020e-01 
-8.6863996693864465e-04 -2.8262871783226728e-03 1.0000002384185791e+00 6.7534865811467171e-03 
0.0000000000000000e+00 0.0000000000000000e+00 0.0000000000000000e+00 1.0000000000000000e+00 
Research-clockwise-fast/0064.pcd
1.0000020265579224e+00 -3.5719810985028744e-03 -2.2927173413336277e-03 1.0392449796199799e-02 
3.5592427011579275e-03 9.9997609853744507e-01 5.6260721758008003e-03 2.3813530802726746e-01 
-2.1399178076535463e-03 -5.5848713964223862e-03 9.9998670816421509e-01 1.0599270462989807e-02 
0.0000000000000000e+00 0.0000000000000000e+00 0.0000000000000000e+00 1.0000000000000000e+00 
Research-clockwise-fast/0065.pcd
9.9998873472213745e-01 -5.7708332315087318e-03 3.5245108883827925e-03 -6.9102231645956635e-04 
5.7798111811280251e-03 9.9998390674591064e-01 -2.8270399197936058e-03 2.2282764315605164e-01 
-3.5064509138464928e-03 2.8472389094531536e-03 9.9998879432678223e-01 5.4743094369769096e-03 
0.0000000000000000e+00 0.0000000000000000e+00 0.0000000000000000e+00 1.0000000000000000e+00 
Research-clockwise-fast/0066.pcd
9.9998480081558228e-01 -5.9071239084005356e-03 2.6722010225057602e-03 -2.2342032752931118e-03 
5.9044621884822845e-03 9.9999397993087769e-01 1.2818537652492523e-03 2.2489385306835175e-01 
-2.7670601848512888e-03 -1.2659993954002857e-03 1.0000051259994507e+00 1.1047605425119400e-02 
0.0000000000000000e+00 0.0000000000000000e+00 0.0000000000000000e+00 1.0000000000000000e+00 
Research-clockwise-fast/0067.pcd
9.9997532367706299e-01 -8.9093334972858429e-03 -9.4546331092715263e-03 5.8135814964771271e-02 
8.8829183951020241e-03 9.9993944168090820e-01 9.0046441182494164e-03 2.4931041896343231e-01 
-3.0298079364001751e-03 -8.8979136198759079e-03 9.9991911649703979e-01 1.5658320859074593e-02 
0.0000000000000000e+00 0.0000000000000000e+00 0.0000000000000000e+00 1.0000000000000000e+00 
Research-clockwise-fast/0068.pcd
1.0000004768371582e+00 -5.3244312293827534e-03 -2.2332808002829552e-03 -6.1031016521155834e-03 
5.3440942429006100e-03 9.9995636940002441e-01 8.9605432003736496e-03 2.8365954756736755e-01 
2.1823581773787737e-03 -8.9723067358136177e-03 9.9996554851531982e-01 -3.6319694481790066e-03 
0.0000000000000000e+00 0.0000000000000000e+00 0.0000000000000000e+00 1.0000000000000000e+00 
Research-clockwise-fast/0069.pcd
9.9994295835494995e-01 -9.3999877572059631e-03 -7.4737030081450939e-03 -1.7392249777913094e-02 
9.4008240848779678e-03 9.9996006488800049e-01 1.6995909390971065e-04 2.4939940869808197e-01 
7.4724270962178707e-03 -2.4015290546230972e-04 9.9997836351394653e-01 4.6792360953986645e-03 
0.0000000000000000e+00 0.0000000000000000e+00 0.0000000000000000e+00 1.0000000000000000e+00 
Research-clockwise-fast/0070.pcd
9.9993878602981567e-01 -1.1739142239093781e-02 -9.9564874544739723e-03 1.6314744949340820e-02 
1.1758093722164631e-02 9.9995130300521851e-01 3.5810461267828941e-03 3.2445442676544189e-01 
5.0252592191100121e-03 -3.5919533111155033e-03 9.9995630979537964e-01 2.9321389738470316e-03 
0.0000000000000000e+00 0.0000000000000000e+00 0.0000000000000000e+00 1.0000000000000000e+00 
Research-clockwise-fast/0071.pcd
9.9996411800384521e-01 -8.9609911665320396e-03 -3.0645716469734907e-03 3.4723274875432253e-03 
8.9979823678731918e-03 9.9987298250198364e-01 1.3459698297083378e-02 2.8551405668258667e-01 
2.7440220583230257e-03 -1.3485771603882313e-02 9.9990612268447876e-01 1.2773143826052547e-03 
0.0000000000000000e+00 0.0000000000000000e+00 0.0000000000000000e+00 1.0000000000000000e+00 
Research-clockwise-fast/0072.pcd
9.9990397691726685e-01 -1.3288893736898899e-02 -3.9720130153000355e-03 -6.1373459175229073e-03 
1.3297864235937595e-02 9.9989902973175049e-01 3.7106864620000124e-03 2.9710122942924500e-01 
2.6689108926802874e-03 -3.7457016296684742e-03 9.9998944997787476e-01 2.5017078965902328e-02 
0.0000000000000000e+00 0.0000000000000000e+00 0.0000000000000000e+00 1.0000000000000000e+00 
Research-clockwise-fast/0073.pcd
9.9992835521697998e-01 -1.2733728624880314e-02 -2.4739985819905996e-03 2.7948853094130754e-03 
1.2728776782751083e-02 9.9990952014923096e-01 -5.8312937617301941e-03 2.9373106360435486e-01 
8.3903397899121046e-04 5.8375755324959755e-03 9.9997568130493164e-01 2.7060126885771751e-02 
0.0000000000000000e+00 0.0000000000000000e+00 0.0000000000000000e+00 1.0000000000000000e+00 
Research-clockwise-fast/0074.pcd
9.9994325637817383e-01 -1.1911165900528431e-02 -7.0048235356807709e-03 4.1004601866006851e-02 
1.1904432438313961e-02 9.9992579221725464e-01 4.7147711738944054e-03 2.5040593743324280e-01 
-9.7782432567328215e-04 -4.7953375615179539e-03 9.9997329711914062e-01 1.4300440438091755e-02 
0.0000000000000000e+00 0.0000000000000000e+00 0.0000000000000000e+00 1.0000000000000000e+00 
Research-clockwise-fast/0075.pcd
9.9995863437652588e-01 -8.8622011244297028e-03 -4.2999396100640297e-03 -7.9640382900834084e-03 
8.8383806869387627e-03 9.9995207786560059e-01 -5.4516480304300785e-03 3.0808746814727783e-01 
4.3479315936565399e-03 5.4137115366756916e-03 9.9997776746749878e-01 1.0164301842451096e-02 
0.0000000000000000e+00 0.0000000000000000e+00 0.0000000000000000e+00 1.0000000000000000e+00 
Research-clockwise-fast/0076.pcd
9.9991703033447266e-01 -1.1062500998377800e-02 -7.2879451327025890e-03 -1.5222529880702496e-02 
1.0978643782436848e-02 9.9988371133804321e-01 -1.1728555895388126e-02 3.5012742877006531e-01 
7.4169486761093140e-03 1.1646487750113010e-02 9.9990797042846680e-01 2.9693718999624252e-02 
0.0000000000000000e+00 0.0000000000000000e+00 0.0000000000000000e+00 1.0000000000000000e+00 
Research-clockwise-fast/0077.pcd
9.9997520446777344e-01 -7.0738596841692924e-03 -5.4760780185461044e-03 1.1828223243355751e-02 
7.0806108415126801e-03 9.9997460842132568e-01 1.7639064462855458e-03 3.5670059919357300e-01 
4.4334679841995239e-03 -1.7998834373429418e-03 9.9999111890792847e-01 2.2211259230971336e-02 
0.0000000000000000e+00 0.0000000000000000e+00 0.0000000000000000e+00 1.0000000000000000e+00 
Research-clockwise-fast/0078.pcd
9.9998432397842407e-01 -9.2654600739479065e-03 -2.1945033222436905e-04 9.3588186427950859e-03 
9.2638777568936348e-03 9.9997144937515259e-01 -1.5308008296415210e-03 3.2906815409660339e-01 
2.3421358491759747e-04 1.5262735541909933e-03 1.0000119209289551e+00 2.5890085846185684e-02 
0.0000000000000000e+00 0.0000000000000000e+00 0.0000000000000000e+00 1.0000000000000000e+00 
Research-clockwise-fast/0079.pcd
9.9996370077133179e-01 -1.0101569816470146e-02 1.1453989427536726e-03 2.7919684071093798e-03 
1.0117142461240292e-02 9.9985617399215698e-01 -1.4449329115450382e-02 3.5528326034545898e-01 
-9.9835766013711691e-04 1.4459842815995216e-02 9.9989813566207886e-01 2.6644144207239151e-02 
0.0000000000000000e+00 0.0000000000000000e+00 0.0000000000000000e+00 1.0000000000000000e+00 
Research-clockwise-fast/0080.pcd
9.9996334314346313e-01 -9.6210828050971031e-03 1.2845213059335947e-03 4.8367943963967264e-04 
9.6323210746049881e-03 9.9993056058883667e-01 -8.5572386160492897e-03 3.6633601784706116e-01 
-1.2039031134918332e-03 8.5686966776847839e-03 9.9996167421340942e-01 1.2055776081979275e-02 
0.0000000000000000e+00 0.0000000000000000e+00 0.0000000000000000e+00 1.0000000000000000e+00 
Research-clockwise-fast/0081.pcd
9.9998247623443604e-01 -8.1653790548443794e-03 1.6345542389899492e-03 7.4616228230297565e-03 
8.1529160961508751e-03 9.9995142221450806e-01 6.9040777161717415e-03 4.0592679381370544e-01 
-1.6836543800309300e-03 -6.8924529477953911e-03 9.9998539686203003e-01 5.5555826984345913e-03 
0.0000000000000000e+00 0.0000000000000000e+00 0.0000000000000000e+00 1.0000000000000000e+00 
Research-clockwise-fast/0082.pcd
9.9995338916778564e-01 -1.0283920913934708e-02 1.2812553904950619e-02 -7.6718576252460480e-02 
1.0323309339582920e-02 9.9988192319869995e-01 1.3410853222012520e-02 3.8521963357925415e-01 
2.8914578724652529e-03 -1.3138816691935062e-02 9.9984431266784668e-01 -2.2410633042454720e-02 
0.0000000000000000e+00 0.0000000000000000e+00 0.0000000000000000e+00 1.0000000000000000e+00 
Research-clockwise-fast/0083.pcd
9.9994838237762451e-01 -1.1273938231170177e-02 1.1392634041840211e-04 4.3677012436091900e-03 
1.1273082345724106e-02 9.9991804361343384e-01 7.3033459484577179e-03 3.5996207594871521e-01 
-2.0064557611476630e-04 -7.2994846850633621e-03 9.9998027086257935e-01 2.4807315785437822e-03 
0.0000000000000000e+00 0.0000000000000000e+00 0.0000000000000000e+00 1.0000000000000000e+00 
Research-clockwise-fast/0084.pcd
9.9994707107543945e-01 -1.1882998980581760e-02 1.3348167994990945e-03 -1.5886656939983368e-02 
1.1881449259817600e-02 9.9992096424102783e-01 -6.7875324748456478e-03 3.6713221669197083e-01 
2.9838769114576280e-04 6.8039349280297756e-03 9.9999308586120605e-01 2.5170505046844482e-02 
0.0000000000000000e+00 0.0000000000000000e+00 0.0000000000000000e+00 1.0000000000000000e+00 
Research-clockwise-fast/0085.pcd
9.9995267391204834e-01 -1.0480442084372044e-02 -2.1238191984593868e-03 4.2472802102565765e-02 
1.0455556213855743e-02 9.9996465444564819e-01 4.6443291939795017e-03 4.0153297781944275e-01 
-5.7477522641420364e-03 -4.6527767553925514e-03 9.9999773502349854e-01 4.1468270123004913e-02 
0.0000000000000000e+00 0.0000000000000000e+00 0.0000000000000000e+00 1.0000000000000000e+00 
Research-clockwise-fast/0086.pcd
9.9992078542709351e-01 -1.2846200726926327e-02 2.5021058972924948e-03 1.4278782531619072e-02 
1.2851890176534653e-02 9.9991965293884277e-01 -2.3457331117242575e-03 3.3100715279579163e-01 
-2.4719855282455683e-03 2.3778190370649099e-03 1.0000028610229492e+00 7.4628060683608055e-03 
0.0000000000000000e+00 0.0000000000000000e+00 0.0000000000000000e+00 1.0000000000000000e+00 
Research-clockwise-fast/0087.pcd
1.0000078678131104e+00 -5.0797625444829464e-03 -2.1842047863174230e-04 3.2499101012945175e-02 
5.0950618460774422e-03 9.9997085332870483e-01 -8.1543279811739922e-03 4.1804394125938416e-01 
-1.8850383348762989e-03 8.1980107352137566e-03 9.9997770786285400e-01 1.6369311138987541e-02 
0.0000000000000000e+00 0.0000000000000000e+00 0.0000000000000000e+00 1.0000000000000000e+00 
Research-clockwise-fast/0088.pcd
9.9997967481613159e-01 -7.4852136895060539e-03 -7.4253408238291740e-03 7.2465769946575165e-02 
7.4489493854343891e-03 9.9994283914566040e-01 8.9723048731684685e-03 4.2110151052474976e-01 
-4.1251499205827713e-03 -8.8389953598380089e-03 9.9994987249374390e-01 4.4207938015460968e-02 
0.0000000000000000e+00 0.0000000000000000e+00 0.0000000000000000e+00 1.0000000000000000e+00 
Research-clockwise-fast/0089.pcd
9.9999600648880005e-01 -5.4734712466597557e-03 1.4984247973188758e-03 3.4421876072883606e-02 
5.4657361470162868e-03 9.9994325637817383e-01 1.0276458226144314e-02 3.8614308834075928e-01 
-8.4255647379904985e-04 -1.0264903306961060e-02 9.9994593858718872e-01 1.1449959129095078e-03 
0.0000000000000000e+00 0.0000000000000000e+00 0.0000000000000000e+00 1.0000000000000000e+00 
Research-clockwise-fast/0090.pcd
1.0000185966491699e+00 1.0315008694306016e-03 4.0156592149287462e-04 3.3662378787994385e-02 
-1.0338629363104701e-03 9.9998313188552856e-01 7.3497351258993149e-03 3.8335904479026794e-01 
2.7070374926552176e-04 -7.3659457266330719e-03 9.9998712539672852e-01 -3.1263609416782856e-03 
0.0000000000000000e+00 0.0000000000000000e+00 0.0000000000000000e+00 1.0000000000000000e+00 
Research-clockwise-fast/0091.pcd
9.9995142221450806e-01 -1.0101260617375374e-02 -3.6363282706588507e-03 2.3986447602510452e-02 
1.0111644864082336e-02 9.9994140863418579e-01 -4.5666201040148735e-03 3.1494650244712830e-01 
-2.2307513281702995e-03 4.6766716986894608e-03 9.9998641014099121e-01 6.0818593949079514e-02 
0.0000000000000000e+00 0.0000000000000000e+00 0.0000000000000000e+00 1.0000000000000000e+00 
Research-clockwise-fast/0092.pcd
1.0000157356262207e+00 2.7923131710849702e-04 -1.3107167324051261e-03 2.7165871113538742e-02 
-2.7619328466244042e-04 1.0000171661376953e+00 1.4030109159648418e-03 4.0461274981498718e-01 
1.3137727510184050e-03 -1.3998973881825805e-03 9.9999356269836426e-01 9.6383634954690933e-03 
0.0000000000000000e+00 0.0000000000000000e+00 0.0000000000000000e+00 1.0000000000000000e+00 
Research-clockwise-fast/0093.pcd
1.0000057220458984e+00 -9.6028030384331942e-04 1.6711158677935600e-03 2.8544822707772255e-02 
9.4761920627206564e-04 9.9998342990875244e-01 8.9174797758460045e-03 4.0716964006423950e-01 
-1.5295372577384114e-03 -8.9152464643120766e-03 9.9996703863143921e-01 -1.8279928481206298e-03 
0.0000000000000000e+00 0.0000000000000000e+00 0.0000000000000000e+00 1.0000000000000000e+00 
Research-clockwise-fast/0094.pcd
9.9997270107269287e-01 -9.9390838295221329e-03 -2.0657654386013746e-04 5.3032287396490574e-03 
9.9415173754096031e-03 9.9995934963226318e-01 -3.1446721404790878e-03 2.8875201940536499e-01 
-1.2287929421290755e-03 3.1520493794232607e-03 1.0000057220458984e+00 1.5300282277166843e-02 
0.0000000000000000e+00 0.0000000000000000e+00 0.0000000000000000e+00 1.0000000000000000e+00 
Research-clockwise-fast/0095.pcd
1.0000282526016235e+00 -2.1549208031501621e-04 6.6503282869234681e-04 3.3821564167737961e-02 
2.1467061014845967e-04 9.9999862909317017e-01 -4.0812157094478607e-03 4.1237729787826538e-01 
-1.0072933509945869e-03 4.0803845040500164e-03 1.0000134706497192e+00 2.9858252033591270e-02 
0.0000000000000000e+00 0.0000000000000000e+00 0.0000000000000000e+00 1.0000000000000000e+00 
Research-clockwise-fast/0096.pcd
1.0000023841857910e+00 -1.4618219574913383e-03 3.5823138896375895e-03 3.4074623137712479e-02 
1.4231904642656446e-03 9.9994909763336182e-01 1.0436499491333961e-02 4.0824520587921143e-01 
-3.5965107381343842e-03 -1.0430790483951569e-02 9.9994850158691406e-01 -5.3055719472467899e-03 
0.0000000000000000e+00 0.0000000000000000e+00 0.0000000000000000e+00 1.0000000000000000e+00 
Research-clockwise-fast/0097.pcd
9.9993687868118286e-01 -5.1943496800959110e-03 -4.5590028166770935e-03 2.5623450055718422e-02 
5.0367177464067936e-03 9.9992161989212036e-01 1.3000939972698689e-02 2.5843632221221924e-01 
-1.1951974593102932e-02 -1.2780677527189255e-02 9.9991691112518311e-01 2.0450846850872040e-01 
