Research-clockwise/0000.pcd
-7.3242145776748657e-01 -2.4419091641902924e-01 -6.3555455207824707e-01 0.0000000000000000e+00 
6.2242132425308228e-01 -6.1848509311676025e-01 -4.7965404391288757e-01 0.0000000000000000e+00 
-2.7595385909080505e-01 -7.4689161777496338e-01 6.0498142242431641e-01 0.0000000000000000e+00 
0.0000000000000000e+00 0.0000000000000000e+00 0.0000000000000000e+00 1.0000000000000000e+00 
Research-clockwise/0001.pcd
-3.8644030690193176e-01 4.1107288002967834e-01 8.2564014196395874e-01 7.1239501237869263e-02 
-3.1730589270591736e-01 -8.9980101585388184e-01 2.9948392510414124e-01 -5.2941694855690002e-02 
8.6603307723999023e-01 -1.4626123011112213e-01 4.7815328836441040e-01 -6.3748985528945923e-02 
0.0000000000000000e+00 0.0000000000000000e+00 0.0000000000000000e+00 1.0000000000000000e+00 
Research-clockwise/0002.pcd
2.6109418272972107e-01 5.4915052652359009e-01 7.9389035701751709e-01 -8.5728585720062256e-02 
2.4787127971649170e-01 -8.3299076557159424e-01 4.9468263983726501e-01 4.5181378722190857e-02 
9.3295550346374512e-01 6.7626938223838806e-02 -3.5361161828041077e-01 6.6152542829513550e-02 
0.0000000000000000e+00 0.0000000000000000e+00 0.0000000000000000e+00 1.0000000000000000e+00 
Research-clockwise/0003.pcd
7.6879948377609253e-01 6.1630880832672119e-01 1.7072077095508575e-01 3.9285771548748016e-02 
-5.9544152021408081e-01 7.8722971677780151e-01 -1.6049571335315704e-01 -1.0888384282588959e-01 
-2.3330920934677124e-01 2.1733250468969345e-02 9.7217458486557007e-01 -4.8264026641845703e-02 
0.0000000000000000e+00 0.0000000000000000e+00 0.0000000000000000e+00 1.0000000000000000e+00 
Research-clockwise/0004.pcd
6.1237591505050659e-01 7.7785491943359375e-01 1.4130842685699463e-01 3.9104267954826355e-02 
7.1771878004074097e-01 -6.2193232774734497e-01 3.1323289871215820e-01 -1.4627661556005478e-02 
3.3152279257774353e-01 -9.0391486883163452e-02 -9.3911713361740112e-01 -4.5970477163791656e-02 
0.0000000000000000e+00 0.0000000000000000e+00 0.0000000000000000e+00 1.0000000000000000e+00 
Research-clockwise/0005.pcd
-6.1351869255304337e-02 -9.9165183305740356e-01 -1.1353044211864471e-01 -6.9978162646293640e-02 
9.5268332958221436e-01 -2.4246055632829666e-02 -3.0301037430763245e-01 3.3135280013084412e-02 
2.9773244261741638e-01 -1.2674850225448608e-01 9.4622075557708740e-01 6.3548646867275238e-02 
0.0000000000000000e+00 0.0000000000000000e+00 0.0000000000000000e+00 1.0000000000000000e+00 
Research-clockwise/0006.pcd
9.6227675676345825e-01 -2.6152548193931580e-01 7.5275965034961700e-02 -8.6376689374446869e-02 
2.7174299955368042e-01 9.3823957443237305e-01 -2.1419246494770050e-01 4.7260519117116928e-02 
-1.4610571786761284e-02 2.2657430171966553e-01 9.7389948368072510e-01 5.7535834610462189e-02 
0.0000000000000000e+00 0.0000000000000000e+00 0.0000000000000000e+00 1.0000000000000000e+00 
Research-clockwise/0007.pcd
8.2575410604476929e-01 -5.6289529800415039e-01 3.5994630306959152e-02 4.0400750935077667e-02 
5.5488550662994385e-01 7.9921853542327881e-01 -2.3110081255435944e-01 -2.0354460924863815e-02 
1.0131599754095078e-01 2.1079659461975098e-01 9.7227591276168823e-01 -5.3174175322055817e-02 
0.0000000000000000e+00 0.0000000000000000e+00 0.0000000000000000e+00 1.0000000000000000e+00 
Research-clockwise/0008.pcd
3.3391255140304565e-01 -9.4158202409744263e-01 -4.4418603181838989e-02 4.8646617680788040e-02 
9.0341627597808838e-01 3.3312013745307922e-01 -2.6995381712913513e-01 -1.0426250286400318e-02 
2.6898205280303955e-01 4.9998365342617035e-02 9.6185868978500366e-01 -2.2681407630443573e-02 
0.0000000000000000e+00 0.0000000000000000e+00 0.0000000000000000e+00 1.0000000000000000e+00 
Research-clockwise/0009.pcd
-3.4001883864402771e-01 -9.2119878530502319e-01 -1.8915934860706329e-01 4.9869846552610397e-02 
9.0462952852249146e-01 -2.6543119549751282e-01 -3.3343532681465149e-01 -1.8340537324547768e-02 
2.5695329904556274e-01 -2.8449815511703491e-01 9.2359811067581177e-01 -5.9139214456081390e-02 
0.0000000000000000e+00 0.0000000000000000e+00 0.0000000000000000e+00 1.0000000000000000e+00 
Research-clockwise/0010.pcd
9.5076858997344971e-01 -3.0224165320396423e-01 6.8776309490203857e-02 4.8764590173959732e-03 
3.0995404720306396e-01 9.2583280801773071e-01 -2.1628430485725403e-01 -5.6589576415717602e-03 
1.6978841740638018e-03 2.2694581747055054e-01 9.7392326593399048e-01 -6.1135222204029560e-03 
0.0000000000000000e+00 0.0000000000000000e+00 0.0000000000000000e+00 1.0000000000000000e+00 
Research-clockwise/0011.pcd
8.0016672611236572e-01 -5.9882593154907227e-01 3.3872727304697037e-02 -2.6167931035161018e-02 
5.8884036540985107e-01 7.7357631921768188e-01 -2.3420622944831848e-01 7.5391628779470921e-03 
1.1404588073492050e-01 2.0735116302967072e-01 9.7160428762435913e-01 3.0942669138312340e-02 
0.0000000000000000e+00 0.0000000000000000e+00 0.0000000000000000e+00 1.0000000000000000e+00 
Research-clockwise/0012.pcd
-7.1840006113052368e-01 -1.9787997007369995e-01 -6.6688013076782227e-01 -5.8797419071197510e-02 
6.2050598859786987e-01 -6.1561888456344604e-01 -4.8576855659484863e-01 1.2587702833116055e-02 
-3.1441840529441833e-01 -7.6279109716415405e-01 5.6505334377288818e-01 5.5835675448179245e-02 
0.0000000000000000e+00 0.0000000000000000e+00 0.0000000000000000e+00 1.0000000000000000e+00 
Research-clockwise/0013.pcd
-4.4317978620529175e-01 7.7688860893249512e-01 4.4728079438209534e-01 -8.6478501558303833e-02 
-8.6986202001571655e-01 -4.9329245090484619e-01 -5.0817532464861870e-03 4.2562559247016907e-02 
2.1668900549411774e-01 -3.9131927490234375e-01 8.9439022541046143e-01 5.9025999158620834e-02 
0.0000000000000000e+00 0.0000000000000000e+00 0.0000000000000000e+00 1.0000000000000000e+00 
Research-clockwise/0014.pcd
-5.4498344659805298e-01 -7.9357135295867920e-01 -2.7062979340553284e-01 -9.0334869921207428e-02 
8.2026797533035278e-01 -4.3778273463249207e-01 -3.6809825897216797e-01 4.6833038330078125e-02 
1.7363949120044708e-01 -4.2260023951530457e-01 8.8953083753585815e-01 6.1337240040302277e-02 
0.0000000000000000e+00 0.0000000000000000e+00 0.0000000000000000e+00 1.0000000000000000e+00 
Research-clockwise/0015.pcd
-5.3212255239486694e-01 6.6359144449234009e-01 5.2582079172134399e-01 -9.1680951416492462e-02 
-7.6105487346649170e-01 -6.4703279733657837e-01 4.6388741582632065e-02 4.9238074570894241e-02 
3.7100833654403687e-01 -3.7549427151679993e-01 8.4933137893676758e-01 6.2976755201816559e-02 
0.0000000000000000e+00 0.0000000000000000e+00 0.0000000000000000e+00 1.0000000000000000e+00 
Research-clockwise/0016.pcd
2.5556170940399170e-01 9.3229323625564575e-01 2.5602039694786072e-01 -9.1859251260757446e-02 
-9.4871360063552856e-01 2.9280295968055725e-01 -1.1923673748970032e-01 4.5163542032241821e-02 
-1.8613082170486450e-01 -2.1241548657417297e-01 9.5930016040802002e-01 6.8901814520359039e-02 
0.0000000000000000e+00 0.0000000000000000e+00 0.0000000000000000e+00 1.0000000000000000e+00 
Research-clockwise/0017.pcd
5.1683384180068970e-01 8.2990366220474243e-01 2.1003022789955139e-01 7.1202933788299561e-02 
-8.2409316301345825e-01 5.4874187707901001e-01 -1.4040966331958771e-01 -4.5148789882659912e-02 
-2.3178838193416595e-01 -1.0051680356264114e-01 9.6755731105804443e-01 -7.7943198382854462e-02 
0.0000000000000000e+00 0.0000000000000000e+00 0.0000000000000000e+00 1.0000000000000000e+00 
Research-clockwise/0018.pcd
7.8551828861236572e-01 -6.1818379163742065e-01 2.8536297380924225e-02 3.6956619471311569e-02 
6.0636568069458008e-01 7.5965368747711182e-01 -2.3503524065017700e-01 -4.4003902003169060e-03 
1.2361940741539001e-01 2.0192776620388031e-01 9.7156870365142822e-01 -3.7871059030294418e-02 
0.0000000000000000e+00 0.0000000000000000e+00 0.0000000000000000e+00 1.0000000000000000e+00 
Research-clockwise/0019.pcd
-1.8740780651569366e-01 4.1363158822059631e-01 -8.9095795154571533e-01 8.7498733773827553e-03 
7.6207363605499268e-01 -5.1106220483779907e-01 -3.9755088090896606e-01 -1.0167467407882214e-02 
-6.1976104974746704e-01 -7.5348001718521118e-01 -2.1944704651832581e-01 -1.1405349709093571e-02 
0.0000000000000000e+00 0.0000000000000000e+00 0.0000000000000000e+00 1.0000000000000000e+00 
Research-clockwise/0020.pcd
5.9199418872594833e-02 -9.9415266513824463e-01 -9.0282417833805084e-02 -3.8182426244020462e-02 
9.5293492078781128e-01 8.3220683038234711e-02 -2.9153046011924744e-01 3.4370936453342438e-02 
2.9734107851982117e-01 -6.8774245679378510e-02 9.5229279994964600e-01 3.4397374838590622e-02 
0.0000000000000000e+00 0.0000000000000000e+00 0.0000000000000000e+00 1.0000000000000000e+00 
Research-clockwise/0021.pcd
1.7963042855262756e-01 9.4649261236190796e-01 2.6814174652099609e-01 -4.0655575692653656e-02 
-9.7007507085800171e-01 2.1570283174514771e-01 -1.1152606457471848e-01 -2.7342778630554676e-03 
-1.6339239478111267e-01 -2.4007692933082581e-01 9.5690095424652100e-01 4.1960380971431732e-02 
0.0000000000000000e+00 0.0000000000000000e+00 0.0000000000000000e+00 1.0000000000000000e+00 
Research-clockwise/0022.pcd
6.2325620651245117e-01 -7.8204226493835449e-01 3.3718671184033155e-03 -2.2828713059425354e-02 
7.5771671533584595e-01 6.0279941558837891e-01 -2.5004121661186218e-01 -4.8831366002559662e-02 
1.9350944459438324e-01 1.5839649736881256e-01 9.6823865175247192e-01 1.1898071505129337e-02 
0.0000000000000000e+00 0.0000000000000000e+00 0.0000000000000000e+00 1.0000000000000000e+00 
Research-clockwise/0023.pcd
3.7497478723526001e-01 8.9690953493118286e-01 2.3439061641693115e-01 -1.6703624278306961e-02 
-9.0247267484664917e-01 4.1100639104843140e-01 -1.2893828749656677e-01 2.9347399249672890e-02 
-2.1199217438697815e-01 -1.6319626569747925e-01 9.6355468034744263e-01 6.7301709204912186e-03 
0.0000000000000000e+00 0.0000000000000000e+00 0.0000000000000000e+00 1.0000000000000000e+00 
Research-clockwise/0024.pcd
1.6559758782386780e-01 -9.8343396186828613e-01 -7.3845557868480682e-02 5.0411880016326904e-02 
9.4236344099044800e-01 1.7987050116062164e-01 -2.8212034702301025e-01 -7.6568652875721455e-03 
2.9073137044906616e-01 -2.2876061499118805e-02 9.5653420686721802e-01 -5.9946481138467789e-02 
0.0000000000000000e+00 0.0000000000000000e+00 0.0000000000000000e+00 1.0000000000000000e+00 
Research-clockwise/0025.pcd
5.5171316862106323e-01 8.0750685930252075e-01 2.0872955024242401e-01 -4.0233533829450607e-02 
-7.9920870065689087e-01 5.8343505859375000e-01 -1.4462524652481079e-01 -5.7807960547506809e-03 
-2.3855796456336975e-01 -8.7028548121452332e-02 9.6722537279129028e-01 3.8442626595497131e-02 
0.0000000000000000e+00 0.0000000000000000e+00 0.0000000000000000e+00 1.0000000000000000e+00 
Research-clockwise/0026.pcd
-1.4472782611846924e-01 9.3206393718719482e-01 3.3213344216346741e-01 5.8217350393533707e-02 
-9.8916888236999512e-01 -1.2802064418792725e-01 -7.1774534881114960e-02 -2.2433284670114517e-02 
-2.4382334202528000e-02 -3.3892455697059631e-01 9.4049972295761108e-01 -6.2005057930946350e-02 
0.0000000000000000e+00 0.0000000000000000e+00 0.0000000000000000e+00 1.0000000000000000e+00 
Research-clockwise/0027.pcd
3.9128464460372925e-01 6.1421334743499756e-01 6.8530315160751343e-01 5.1245048642158508e-02 
3.8007783889770508e-01 -7.8606218099594116e-01 4.8751124739646912e-01 -7.7999881468713284e-03 
8.3812505006790161e-01 6.9710254669189453e-02 -5.4102540016174316e-01 -6.7799940705299377e-02 
0.0000000000000000e+00 0.0000000000000000e+00 0.0000000000000000e+00 1.0000000000000000e+00 
Research-clockwise/0028.pcd
5.0920176506042480e-01 6.8254965543746948e-01 5.2426463365554810e-01 1.5773426741361618e-02 
5.1210945844650269e-01 -7.2986549139022827e-01 4.5282924175262451e-01 -1.7954227514564991e-03 
6.9171965122222900e-01 3.7899620831012726e-02 -7.2118610143661499e-01 -1.6889167949557304e-02 
0.0000000000000000e+00 0.0000000000000000e+00 0.0000000000000000e+00 1.0000000000000000e+00 
Research-clockwise/0029.pcd
-2.2938797250390053e-02 4.4931367039680481e-01 8.9309370517730713e-01 -5.6025244295597076e-02 
2.5142689701169729e-03 -8.9330577850341797e-01 4.4948536157608032e-01 5.5611459538340569e-03 
9.9974864721298218e-01 1.2544404715299606e-02 1.9351189956068993e-02 5.0257820636034012e-02 
0.0000000000000000e+00 0.0000000000000000e+00 0.0000000000000000e+00 1.0000000000000000e+00 
Research-clockwise/0030.pcd
5.7661426067352295e-01 -8.1699079275131226e-01 -7.2110430337488651e-03 7.2376176714897156e-02 
7.8984433412551880e-01 5.5967622995376587e-01 -2.5080171227455139e-01 -5.0705485045909882e-02 
2.0894540846347809e-01 1.3892726600170135e-01 9.6801507472991943e-01 -7.2656705975532532e-02 
0.0000000000000000e+00 0.0000000000000000e+00 0.0000000000000000e+00 1.0000000000000000e+00 
Research-clockwise/0031.pcd
3.3813729882240295e-01 9.1040837764739990e-01 2.3837547004222870e-01 4.5160382986068726e-02 
-9.1886073350906372e-01 3.7412276864051819e-01 -1.2543979287147522e-01 -3.2915610354393721e-03 
-2.0338189601898193e-01 -1.7661881446838379e-01 9.6303856372833252e-01 -5.2857562899589539e-02 
0.0000000000000000e+00 0.0000000000000000e+00 0.0000000000000000e+00 1.0000000000000000e+00 
Research-clockwise/0032.pcd
-5.3900110721588135e-01 4.9170148372650146e-01 6.8390339612960815e-01 -1.8896721303462982e-02 
-5.4310381412506104e-01 -8.2349169254302979e-01 1.6402091085910797e-01 -3.8094848860055208e-03 
6.4384549856185913e-01 -2.8303357958793640e-01 7.1091037988662720e-01 2.2044055163860321e-02 
0.0000000000000000e+00 0.0000000000000000e+00 0.0000000000000000e+00 1.0000000000000000e+00 
Research-clockwise/0033.pcd
-3.7745860219001770e-01 8.2857018709182739e-01 4.1351887583732605e-01 -8.1455484032630920e-02 
-9.1464215517044067e-01 -4.0338936448097229e-01 -2.6608619838953018e-02 4.5938599854707718e-02 
1.4475947618484497e-01 -3.8826546072959900e-01 9.1010618209838867e-01 6.8929806351661682e-02 
0.0000000000000000e+00 0.0000000000000000e+00 0.0000000000000000e+00 1.0000000000000000e+00 
Research-clockwise/0034.pcd
-6.3981419801712036e-01 -6.9078552722930908e-01 -3.3684554696083069e-01 6.0072738677263260e-02 
7.6251155138015747e-01 -5.1576530933380127e-01 -3.9065000414848328e-01 -1.5249657444655895e-02 
9.6125453710556030e-02 -5.0677007436752319e-01 8.5671001672744751e-01 -6.8212732672691345e-02 
0.0000000000000000e+00 0.0000000000000000e+00 0.0000000000000000e+00 1.0000000000000000e+00 
Research-clockwise/0035.pcd
5.8767127990722656e-01 -8.0909383296966553e-01 -5.7560354471206665e-03 7.5832724571228027e-02 
7.8222531080245972e-01 5.6994295120239258e-01 -2.5165703892707825e-01 -2.1538298577070236e-02 
2.0689047873020172e-01 1.4339566230773926e-01 9.6782326698303223e-01 -6.6361203789710999e-02 
0.0000000000000000e+00 0.0000000000000000e+00 0.0000000000000000e+00 1.0000000000000000e+00 
Research-clockwise/0036.pcd
-1.7901027202606201e-01 -9.7367465496063232e-01 -1.4109404385089874e-01 -7.6143860816955566e-02 
9.4050794839859009e-01 -1.2726612389087677e-01 -3.1499713659286499e-01 5.5292896926403046e-02 
2.8876107931137085e-01 -1.8909543752670288e-01 9.3854814767837524e-01 5.0097692757844925e-02 
0.0000000000000000e+00 0.0000000000000000e+00 0.0000000000000000e+00 1.0000000000000000e+00 
Research-clockwise/0037.pcd
5.1132023334503174e-01 -8.5927593708038330e-01 -1.4091402292251587e-02 -5.6244321167469025e-02 
8.2923966646194458e-01 4.9761995673179626e-01 -2.5445243716239929e-01 4.8060346394777298e-02 
2.2565960884094238e-01 1.1843740195035934e-01 9.6699917316436768e-01 4.2846463620662689e-02 
0.0000000000000000e+00 0.0000000000000000e+00 0.0000000000000000e+00 1.0000000000000000e+00 
Research-clockwise/0038.pcd
-5.4992461204528809e-01 6.2488782405853271e-01 5.5416446924209595e-01 4.1938018053770065e-02 
-7.1755772829055786e-01 -6.9303429126739502e-01 6.9410979747772217e-02 -2.5571124628186226e-02 
4.2743372917175293e-01 -3.5947993397712708e-01 8.2951778173446655e-01 -4.9735091626644135e-02 
0.0000000000000000e+00 0.0000000000000000e+00 0.0000000000000000e+00 1.0000000000000000e+00 
Research-clockwise/0039.pcd
-2.8587612509727478e-01 3.3787104487419128e-01 -8.9673465490341187e-01 8.8296178728342056e-03 
7.3779147863388062e-01 -5.1954668760299683e-01 -4.3094787001609802e-01 1.9284898415207863e-02 
-6.1150127649307251e-01 -7.8480267524719238e-01 -1.0075996816158295e-01 1.1266119778156281e-02 
0.0000000000000000e+00 0.0000000000000000e+00 0.0000000000000000e+00 1.0000000000000000e+00 
Research-clockwise/0040.pcd
-9.2790953814983368e-02 9.4170713424682617e-01 3.2339000701904297e-01 -7.5299009680747986e-02 
-9.9443721771240234e-01 -7.1331620216369629e-02 -7.7618077397346497e-02 2.3904722183942795e-02 
-5.0030283629894257e-02 -3.2880496978759766e-01 9.4308871030807495e-01 5.4718434810638428e-02 
0.0000000000000000e+00 0.0000000000000000e+00 0.0000000000000000e+00 1.0000000000000000e+00 
Research-clockwise/0041.pcd
4.3581306934356689e-01 8.7135678529739380e-01 2.2544704377651215e-01 -3.1515475362539291e-02 
-8.7203520536422729e-01 4.7078108787536621e-01 -1.3387952744960785e-01 3.7782624363899231e-02 
-2.2279961407184601e-01 -1.3824163377285004e-01 9.6501404047012329e-01 3.1443279236555099e-02 
0.0000000000000000e+00 0.0000000000000000e+00 0.0000000000000000e+00 1.0000000000000000e+00 
Research-clockwise/0042.pcd
-6.2146526575088501e-01 -7.1505779027938843e-01 -3.2013890147209167e-01 8.7904427200555801e-03 
7.7456957101821899e-01 -4.9941462278366089e-01 -3.8814640045166016e-01 -2.5677191093564034e-02 
1.1767003685235977e-01 -4.8918035626411438e-01 8.6422145366668701e-01 -1.4066380448639393e-02 
0.0000000000000000e+00 0.0000000000000000e+00 0.0000000000000000e+00 1.0000000000000000e+00 
Research-clockwise/0043.pcd
6.3394975662231445e-01 -7.7338284254074097e-01 5.7072890922427177e-03 -6.3648767769336700e-02 
7.5017565488815308e-01 6.1310189962387085e-01 -2.4770800769329071e-01 6.5634027123451233e-02 
1.8807713687419891e-01 1.6131126880645752e-01 9.6883273124694824e-01 5.9175461530685425e-02 
0.0000000000000000e+00 0.0000000000000000e+00 0.0000000000000000e+00 1.0000000000000000e+00 
Research-clockwise/0044.pcd
7.1967440843582153e-01 -6.9415217638015747e-01 1.6412233933806419e-02 3.9443608373403549e-02 
6.7690044641494751e-01 6.9613844156265259e-01 -2.3919260501861572e-01 3.8722015917301178e-02 
1.5460951626300812e-01 1.8324142694473267e-01 9.7084265947341919e-01 -3.6848470568656921e-02 
0.0000000000000000e+00 0.0000000000000000e+00 0.0000000000000000e+00 1.0000000000000000e+00 
Research-clockwise/0045.pcd
2.8609052300453186e-01 9.2677134275436401e-01 2.4344587326049805e-01 4.6857051551342010e-02 
-9.3883901834487915e-01 3.2193443179130554e-01 -1.2227690219879150e-01 -9.9979855120182037e-02 
-1.9169408082962036e-01 -1.9357167184352875e-01 9.6218436956405640e-01 -1.9146838784217834e-01 
0.0000000000000000e+00 0.0000000000000000e+00 0.0000000000000000e+00 1.0000000000000000e+00 
Research-clockwise/0046.pcd
-3.1963109970092773e-01 8.6508667469024658e-01 3.8664504885673523e-01 1.0548510588705540e-02 
-9.4310843944549561e-01 -3.2991549372673035e-01 -4.1487123817205429e-02 1.2494492344558239e-02 
9.1663911938667297e-02 -3.7790140509605408e-01 9.2129999399185181e-01 -1.8537380965426564e-03 
0.0000000000000000e+00 0.0000000000000000e+00 0.0000000000000000e+00 1.0000000000000000e+00 
Research-clockwise/0047.pcd
2.7533590793609619e-01 -9.5990318059921265e-01 -5.2849665284156799e-02 -4.0903836488723755e-02 
9.2029535770416260e-01 2.7907529473304749e-01 -2.7419757843017578e-01 8.1705570220947266e-02 
2.7794921398162842e-01 2.6856822893023491e-02 9.6021890640258789e-01 4.8028361052274704e-02 
0.0000000000000000e+00 0.0000000000000000e+00 0.0000000000000000e+00 1.0000000000000000e+00 
Research-clockwise/0048.pcd
7.0464348793029785e-01 -7.0944327116012573e-01 1.4746064320206642e-02 -3.7004325538873672e-02 
6.9051134586334229e-01 6.8076193332672119e-01 -2.4449498951435089e-01 1.0368926078081131e-01 
1.6341474652290344e-01 1.8245887756347656e-01 9.6954941749572754e-01 3.8325294852256775e-02 
0.0000000000000000e+00 0.0000000000000000e+00 0.0000000000000000e+00 1.0000000000000000e+00 
Research-clockwise/0049.pcd
9.5742231607437134e-01 2.6078820228576660e-01 1.2384725362062454e-01 6.1062000691890717e-02 
-2.3496289551258087e-01 9.5313340425491333e-01 -1.9061854481697083e-01 5.8704942464828491e-02 
-1.6775232553482056e-01 1.5340276062488556e-01 9.7382396459579468e-01 -3.5619709640741348e-02 
0.0000000000000000e+00 0.0000000000000000e+00 0.0000000000000000e+00 1.0000000000000000e+00 
Research-clockwise/0050.pcd
8.9070355892181396e-01 -4.5192623138427734e-01 4.9390066415071487e-02 3.9449755102396011e-02 
4.5108294486999512e-01 8.6502289772033691e-01 -2.1975730359554291e-01 9.1870635747909546e-02 
5.6591849774122238e-02 2.1800695359706879e-01 9.7430282831192017e-01 -3.4531927667558193e-03 
0.0000000000000000e+00 0.0000000000000000e+00 0.0000000000000000e+00 1.0000000000000000e+00 
Research-clockwise/0051.pcd
-2.2244259715080261e-01 4.0214055776596069e-01 8.8816118240356445e-01 3.5601589828729630e-02 
-1.6358625888824463e-01 -9.1346007585525513e-01 3.7262448668479919e-01 9.9255986511707306e-02 
9.6112078428268433e-01 -6.2398284673690796e-02 2.6897290349006653e-01 -1.5224255621433258e-03 
0.0000000000000000e+00 0.0000000000000000e+00 0.0000000000000000e+00 1.0000000000000000e+00 
Research-clockwise/0052.pcd
1.4175210893154144e-01 -9.8661881685256958e-01 -8.0460600554943085e-02 5.5292837321758270e-02 
9.4466137886047363e-01 1.5911485254764557e-01 -2.8685459494590759e-01 8.4740094840526581e-02 
2.9557555913925171e-01 -3.3514134585857391e-02 9.5473599433898926e-01 -1.2376134982332587e-03 
0.0000000000000000e+00 0.0000000000000000e+00 0.0000000000000000e+00 1.0000000000000000e+00 
Research-clockwise/0053.pcd
9.8594087362289429e-01 -1.4468632638454437e-01 8.3612866699695587e-02 3.5531412810087204e-02 
1.5941995382308960e-01 9.6440494060516357e-01 -2.1099376678466797e-01 1.0324548184871674e-01 
-5.0108615309000015e-02 2.2135569155216217e-01 9.7390711307525635e-01 3.5830943379551172e-03 
0.0000000000000000e+00 0.0000000000000000e+00 0.0000000000000000e+00 1.0000000000000000e+00 
Research-clockwise/0054.pcd
9.9371814727783203e-01 -6.2393177300691605e-02 9.3070879578590393e-02 3.2141149044036865e-02 
8.0594211816787720e-02 9.7504878044128418e-01 -2.0685619115829468e-01 1.0054178535938263e-01 
-7.7835895121097565e-02 2.1305273473262787e-01 9.7393471002578735e-01 2.3759180679917336e-02 
0.0000000000000000e+00 0.0000000000000000e+00 0.0000000000000000e+00 1.0000000000000000e+00 
Research-clockwise/0055.pcd
9.9040144681930542e-01 8.5774585604667664e-02 1.0852055251598358e-01 3.7708923220634460e-02 
-6.3109114766120911e-02 9.7833043336868286e-01 -1.9730193912982941e-01 9.9436037242412567e-02 
-1.2308629602193832e-01 1.8855293095111847e-01 9.7432559728622437e-01 3.1492770649492741e-03 
0.0000000000000000e+00 0.0000000000000000e+00 0.0000000000000000e+00 1.0000000000000000e+00 
Research-clockwise/0056.pcd
9.9479520320892334e-01 -3.5491313785314560e-02 9.5542058348655701e-02 4.3161861598491669e-02 
5.4313819855451584e-02 9.7782510519027710e-01 -2.0228651165962219e-01 1.5735134482383728e-01 
-8.6241155862808228e-02 2.0642042160034180e-01 9.7465139627456665e-01 -1.9912520423531532e-02 
0.0000000000000000e+00 0.0000000000000000e+00 0.0000000000000000e+00 1.0000000000000000e+00 
Research-clockwise/0057.pcd
8.9515042304992676e-01 -4.4266149401664734e-01 5.2592486143112183e-02 3.1298145651817322e-02 
4.4245943427085876e-01 8.6792904138565063e-01 -2.2568872570991516e-01 1.1659388989210129e-01 
5.5753469467163086e-02 2.2454382479190826e-01 9.7286665439605713e-01 -1.9133197143673897e-02 
0.0000000000000000e+00 0.0000000000000000e+00 0.0000000000000000e+00 1.0000000000000000e+00 
Research-clockwise/0058.pcd
8.3287799358367920e-01 -5.5204701423645020e-01 3.9644747972488403e-02 5.5253401398658752e-02 
5.4488217830657959e-01 8.0528581142425537e-01 -2.3371499776840210e-01 1.1189685761928558e-01 
9.7096160054206848e-02 2.1625778079032898e-01 9.7150474786758423e-01 3.7081984337419271e-03 
0.0000000000000000e+00 0.0000000000000000e+00 0.0000000000000000e+00 1.0000000000000000e+00 
Research-clockwise/0059.pcd
-1.9696591794490814e-01 4.0795177221298218e-01 8.9150977134704590e-01 2.2372920066118240e-02 
-1.4177784323692322e-01 -9.1161817312240601e-01 3.8583001494407654e-01 1.5585088729858398e-01 
9.7010898590087891e-01 -5.0400123000144958e-02 2.3739457130432129e-01 1.4001013711094856e-02 
0.0000000000000000e+00 0.0000000000000000e+00 0.0000000000000000e+00 1.0000000000000000e+00 
Research-clockwise/0060.pcd
6.9951015710830688e-01 -7.1452093124389648e-01 1.2584122829139233e-02 1.6488742083311081e-02 
6.9479340314865112e-01 6.7586529254913330e-01 -2.4591602385044098e-01 1.4664854109287262e-01 
1.6720794141292572e-01 1.8075993657112122e-01 9.6921479701995850e-01 1.1899217031896114e-02 
0.0000000000000000e+00 0.0000000000000000e+00 0.0000000000000000e+00 1.0000000000000000e+00 
Research-clockwise/0061.pcd
9.9233961105346680e-01 6.7512243986129761e-02 1.0347101837396622e-01 3.2902814447879791e-02 
-4.5813813805580139e-02 9.7886574268341064e-01 -1.9931007921695709e-01 1.5513278543949127e-01 
-1.1473985016345978e-01 1.9304260611534119e-01 9.7445958852767944e-01 1.3216837542131543e-03 
0.0000000000000000e+00 0.0000000000000000e+00 0.0000000000000000e+00 1.0000000000000000e+00 
Research-clockwise/0062.pcd
9.8515319824218750e-01 -1.4971710741519928e-01 8.4034979343414307e-02 -4.9497187137603760e-03 
1.6400015354156494e-01 9.6548706293106079e-01 -2.0238552987575531e-01 1.9199803471565247e-01 
-4.9930382519960403e-02 2.1301768720149994e-01 9.7577595710754395e-01 7.3929377831518650e-03 
0.0000000000000000e+00 0.0000000000000000e+00 0.0000000000000000e+00 1.0000000000000000e+00 
Research-clockwise/0063.pcd
9.6140474081039429e-01 -2.6528328657150269e-01 7.3011390864849091e-02 5.5904057808220387e-03 
2.7491700649261475e-01 9.3703019618988037e-01 -2.1541409194469452e-01 1.9421577453613281e-01 
-1.1267677880823612e-02 2.2717022895812988e-01 9.7379010915756226e-01 1.3707736507058144e-02 
0.0000000000000000e+00 0.0000000000000000e+00 0.0000000000000000e+00 1.0000000000000000e+00 
Research-clockwise/0064.pcd
9.7601866722106934e-01 -2.0152792334556580e-01 8.2230396568775177e-02 2.8530510142445564e-02 
2.1476264297962189e-01 9.5309376716613770e-01 -2.1327047049999237e-01 1.7428226768970490e-01 
-3.5392519086599350e-02 2.2581629455089569e-01 9.7352069616317749e-01 1.1083435267210007e-02 
0.0000000000000000e+00 0.0000000000000000e+00 0.0000000000000000e+00 1.0000000000000000e+00 
Research-clockwise/0065.pcd
9.8895752429962158e-01 -1.1709789931774139e-01 9.0710259974002838e-02 3.0394600704312325e-02 
1.3340499997138977e-01 9.7026640176773071e-01 -2.0201495289802551e-01 1.8945007026195526e-01 
-6.6544339060783386e-02 2.1214921772480011e-01 9.7497564554214478e-01 6.5035368315875530e-03 
0.0000000000000000e+00 0.0000000000000000e+00 0.0000000000000000e+00 1.0000000000000000e+00 
Research-clockwise/0066.pcd
9.4007921218872070e-01 -3.3427697420120239e-01 6.7153118550777435e-02 1.5106727369129658e-02 
3.4083431959152222e-01 9.1622543334960938e-01 -2.1063996851444244e-01 2.0722539722919464e-01 
7.9201161861419678e-03 2.2124536335468292e-01 9.7518831491470337e-01 2.6587916072458029e-03 
0.0000000000000000e+00 0.0000000000000000e+00 0.0000000000000000e+00 1.0000000000000000e+00 
Research-clockwise/0067.pcd
-4.1959822177886963e-01 4.2103633284568787e-01 8.0418294668197632e-01 2.3362113162875175e-02 
-3.5254153609275818e-01 -8.9197361469268799e-01 2.8304243087768555e-01 2.1676409244537354e-01 
8.3791422843933105e-01 -1.6623757779598236e-01 5.1984810829162598e-01 -1.7243340844288468e-03 
0.0000000000000000e+00 0.0000000000000000e+00 0.0000000000000000e+00 1.0000000000000000e+00 
Research-clockwise/0068.pcd
9.8890000581741333e-01 9.9645748734474182e-02 1.1011938750743866e-01 -2.6156285777688026e-02 
-7.7054530382156372e-02 9.7815525531768799e-01 -1.9311979413032532e-01 2.1928024291992188e-01 
-1.2404558807611465e-01 1.8279510736465454e-01 9.7530692815780640e-01 -5.5077706929296255e-04 
0.0000000000000000e+00 0.0000000000000000e+00 0.0000000000000000e+00 1.0000000000000000e+00 
Research-clockwise/0069.pcd
9.2461293935775757e-01 -3.7427407503128052e-01 7.1155652403831482e-02 -8.6019255220890045e-02 
3.8062497973442078e-01 8.9894694089889526e-01 -2.1686340868473053e-01 2.4242360889911652e-01 
3.1887188553810120e-02 2.2153545916080475e-01 9.7460919618606567e-01 -3.2340727746486664e-02 
0.0000000000000000e+00 0.0000000000000000e+00 0.0000000000000000e+00 1.0000000000000000e+00 
Research-clockwise/0070.pcd
9.5257121324539185e-01 -2.9534345865249634e-01 7.3250330984592438e-02 -4.6371426433324814e-02 
3.0426904559135437e-01 9.2933523654937744e-01 -2.0918871462345123e-01 2.2814214229583740e-01 
-9.6140429377555847e-05 2.1958501636981964e-01 9.7559702396392822e-01 -1.0689649730920792e-02 
0.0000000000000000e+00 0.0000000000000000e+00 0.0000000000000000e+00 1.0000000000000000e+00 
Research-clockwise/0071.pcd
7.0963972806930542e-01 -7.0413231849670410e-01 2.5515079498291016e-02 -6.7421510815620422e-02 
6.8777900934219360e-01 6.8439787626266479e-01 -2.4202968180179596e-01 2.3995350301265717e-01 
1.6053402423858643e-01 1.8167525529861450e-01 9.7014361619949341e-01 -1.1745722033083439e-02 
0.0000000000000000e+00 0.0000000000000000e+00 0.0000000000000000e+00 1.0000000000000000e+00 
Research-clockwise/0072.pcd
9.4491022825241089e-01 -3.2158815860748291e-01 6.1587035655975342e-02 5.6676223874092102e-02 
3.2716768980026245e-01 9.1991567611694336e-01 -2.1615411341190338e-01 2.1942853927612305e-01 
5.4200640879571438e-03 2.2693537175655365e-01 9.7386646270751953e-01 3.1646516174077988e-02 
0.0000000000000000e+00 0.0000000000000000e+00 0.0000000000000000e+00 1.0000000000000000e+00 
Research-clockwise/0073.pcd
9.8308068513870239e-01 1.4222073554992676e-01 1.1543444544076920e-01 2.6642689481377602e-02 
-1.1894072592258453e-01 9.7489029169082642e-01 -1.8825995922088623e-01 2.0443746447563171e-01 
-1.4196947216987610e-01 1.7094795405864716e-01 9.7499960660934448e-01 1.2838322669267654e-02 
0.0000000000000000e+00 0.0000000000000000e+00 0.0000000000000000e+00 1.0000000000000000e+00 
Research-clockwise/0074.pcd
9.3830370903015137e-01 -3.3922901749610901e-01 6.7137725651264191e-02 -1.6362529247999191e-02 
3.4561172127723694e-01 9.1323596239089966e-01 -2.1579752862453461e-01 1.8071898818016052e-01 
1.3422485440969467e-02 2.2513389587402344e-01 9.7424012422561646e-01 6.0693179257214069e-03 
0.0000000000000000e+00 0.0000000000000000e+00 0.0000000000000000e+00 1.0000000000000000e+00 
Research-clockwise/0075.pcd
2.3600506782531738e-01 -9.7010827064514160e-01 -5.6204244494438171e-02 -3.6453168839216232e-02 
9.2680120468139648e-01 2.4215626716613770e-01 -2.8705626726150513e-01 2.1708624064922333e-01 
2.9335689544677734e-01 1.0177711956202984e-02 9.5596158504486084e-01 7.3370328173041344e-03 
0.0000000000000000e+00 0.0000000000000000e+00 0.0000000000000000e+00 1.0000000000000000e+00 
Research-clockwise/0076.pcd
-5.2798169851303101e-01 6.8145900964736938e-01 5.0690978765487671e-01 5.6181009858846664e-02 
-7.7439016103744507e-01 -6.3130450248718262e-01 4.2130570858716965e-02 2.6238104701042175e-01 
3.5310846567153931e-01 -3.7601694464683533e-01 8.5663712024688721e-01 3.0888067558407784e-02 
0.0000000000000000e+00 0.0000000000000000e+00 0.0000000000000000e+00 1.0000000000000000e+00 
Research-clockwise/0077.pcd
7.3885864019393921e-01 -6.7346024513244629e-01 2.3251244798302650e-02 -1.8309110775589943e-02 
6.5891808271408081e-01 7.1479219198226929e-01 -2.3436650633811951e-01 2.3216116428375244e-01 
1.4261744916439056e-01 1.8716789782047272e-01 9.7190409898757935e-01 4.5767952688038349e-03 
0.0000000000000000e+00 0.0000000000000000e+00 0.0000000000000000e+00 1.0000000000000000e+00 
Research-clockwise/0078.pcd
3.9050751924514771e-01 -9.2003655433654785e-01 -3.2076183706521988e-02 -2.2137649357318878e-02 
8.8200467824935913e-01 3.8391003012657166e-01 -2.7329158782958984e-01 2.4268835783004761e-01 
2.6455575227737427e-01 7.6511099934577942e-02 9.6133172512054443e-01 1.9652277231216431e-02 
0.0000000000000000e+00 0.0000000000000000e+00 0.0000000000000000e+00 1.0000000000000000e+00 
Research-clockwise/0079.pcd
-5.2017158269882202e-01 6.8265491724014282e-01 5.1323258876800537e-01 2.8473227284848690e-03 
-7.8115254640579224e-01 -6.2324041128158569e-01 3.7265330553054810e-02 2.4959826469421387e-01 
3.4530472755432129e-01 -3.8152453303337097e-01 8.5744434595108032e-01 2.4465866386890411e-02 
0.0000000000000000e+00 0.0000000000000000e+00 0.0000000000000000e+00 1.0000000000000000e+00 
Research-clockwise/0080.pcd
7.2608184814453125e-01 -6.8720692396163940e-01 2.3580193519592285e-02 9.4065454322844744e-04 
6.7192459106445312e-01 7.0181638002395630e-01 -2.3659545183181763e-01 2.4129442870616913e-01 
1.4604131877422333e-01 1.8763020634651184e-01 9.7132271528244019e-01 1.8003934994339943e-02 
0.0000000000000000e+00 0.0000000000000000e+00 0.0000000000000000e+00 1.0000000000000000e+00 
Research-clockwise/0081.pcd
4.4087371230125427e-01 -8.9729815721511841e-01 -2.2104660049080849e-02 -1.0171079076826572e-02 
8.6233437061309814e-01 4.3027073144912720e-01 -2.6692762970924377e-01 2.4003562331199646e-01 
2.4902410805225372e-01 9.8619900643825531e-02 9.6346485614776611e-01 1.0642620734870434e-02 
0.0000000000000000e+00 0.0000000000000000e+00 0.0000000000000000e+00 1.0000000000000000e+00 
Research-clockwise/0082.pcd
-4.0908870100975037e-01 8.0799233913421631e-01 4.2408809065818787e-01 4.2090438306331635e-02 
-8.9656692743301392e-01 -4.4238778948783875e-01 -2.1757945418357849e-02 2.4324071407318115e-01 
1.7297236621379852e-01 -3.9498820900917053e-01 9.0223193168640137e-01 4.4673189520835876e-02 
0.0000000000000000e+00 0.0000000000000000e+00 0.0000000000000000e+00 1.0000000000000000e+00 
Research-clockwise/0083.pcd
6.9832372665405273e-01 -7.1552795171737671e-01 1.9144210964441299e-02 6.2390491366386414e-03 
6.9806885719299316e-01 6.7488294839859009e-01 -2.3924399912357330e-01 2.8489950299263000e-01 
1.5826514363288879e-01 1.8043424189090729e-01 9.7077399492263794e-01 3.5059838555753231e-03 
0.0000000000000000e+00 0.0000000000000000e+00 0.0000000000000000e+00 1.0000000000000000e+00 
Research-clockwise/0084.pcd
7.3344027996063232e-01 -6.7939585447311401e-01 2.2023914381861687e-02 2.3541258648037910e-02 
6.6492456197738647e-01 7.1038615703582764e-01 -2.3072236776351929e-01 2.5965580344200134e-01 
1.3830789923667908e-01 1.8635867536067963e-01 9.7270101308822632e-01 3.6499542184174061e-03 
0.0000000000000000e+00 0.0000000000000000e+00 0.0000000000000000e+00 1.0000000000000000e+00 
Research-clockwise/0085.pcd
-4.7432079911231995e-01 4.4773766398429871e-01 7.5800055265426636e-01 -4.0102455765008926e-02 
-4.3605145812034607e-01 -8.6746120452880859e-01 2.3955284059047699e-01 2.6195055246353149e-01 
7.6304131746292114e-01 -2.1518325805664062e-01 6.0948586463928223e-01 -5.8689685538411140e-03 
0.0000000000000000e+00 0.0000000000000000e+00 0.0000000000000000e+00 1.0000000000000000e+00 
Research-clockwise/0086.pcd
7.4709975719451904e-01 -6.6415613889694214e-01 2.7146233245730400e-02 -1.0995720513164997e-02 
6.5008783340454102e-01 7.2153568267822266e-01 -2.3826520144939423e-01 2.5295251607894897e-01 
1.3927255570888519e-01 1.9512020051479340e-01 9.7084009647369385e-01 1.2478065676987171e-02 
0.0000000000000000e+00 0.0000000000000000e+00 0.0000000000000000e+00 1.0000000000000000e+00 
Research-clockwise/0087.pcd
8.7569051980972290e-01 -4.7995966672897339e-01 5.2722629159688950e-02 8.0967796966433525e-03 
4.7882005572319031e-01 8.4912556409835815e-01 -2.2294445335865021e-01 2.7242171764373779e-01 
6.1493571847677231e-02 2.2090117633342743e-01 9.7335463762283325e-01 8.4029911085963249e-03 
0.0000000000000000e+00 0.0000000000000000e+00 0.0000000000000000e+00 1.0000000000000000e+00 
Research-clockwise/0088.pcd
8.6258381605148315e-01 -5.0343805551528931e-01 5.0072625279426575e-02 -1.7386404797434807e-02 
5.0110018253326416e-01 8.3650529384613037e-01 -2.2172921895980835e-01 2.4391943216323853e-01 
7.1173965930938721e-02 2.1552763879299164e-01 9.7389173507690430e-01 -1.1458164080977440e-03 
0.0000000000000000e+00 0.0000000000000000e+00 0.0000000000000000e+00 1.0000000000000000e+00 
Research-clockwise/0089.pcd
7.0444005727767944e-01 -7.0948225259780884e-01 1.9974514842033386e-02 -1.7909806221723557e-02 
6.9142061471939087e-01 6.7961084842681885e-01 -2.4509027600288391e-01 2.7047753334045410e-01 
1.6093121469020844e-01 1.8582543730735779e-01 9.6931648254394531e-01 1.0480003431439400e-02 
0.0000000000000000e+00 0.0000000000000000e+00 0.0000000000000000e+00 1.0000000000000000e+00 
Research-clockwise/0090.pcd
-5.1992636919021606e-01 4.7914224863052368e-01 7.0717495679855347e-01 3.6555927246809006e-02 
-5.0483655929565430e-01 -8.4019064903259277e-01 1.9806852936744690e-01 2.7159407734870911e-01 
6.9210767745971680e-01 -2.5696751475334167e-01 6.7450791597366333e-01 3.8658164441585541e-02 
0.0000000000000000e+00 0.0000000000000000e+00 0.0000000000000000e+00 1.0000000000000000e+00 
Research-clockwise/0091.pcd
7.6222282648086548e-01 -6.4677017927169800e-01 2.6548616588115692e-02 4.2005002498626709e-02 
6.3369619846343994e-01 7.3721677064895630e-01 -2.3438516259193420e-01 2.2804081439971924e-01 
1.2772640585899353e-01 1.9906002283096313e-01 9.7163563966751099e-01 2.5884473696351051e-02 
0.0000000000000000e+00 0.0000000000000000e+00 0.0000000000000000e+00 1.0000000000000000e+00 
Research-clockwise/0092.pcd
7.9983240365982056e-01 -5.9912788867950439e-01 3.6783710122108459e-02 -1.0759628377854824e-02 
5.8788794279098511e-01 7.6955384016036987e-01 -2.4937942624092102e-01 2.3384854197502136e-01 
1.2203177064657211e-01 2.2039048373699188e-01 9.6775048971176147e-01 8.1299114972352982e-03 
0.0000000000000000e+00 0.0000000000000000e+00 0.0000000000000000e+00 1.0000000000000000e+00 
Research-clockwise/0093.pcd
9.5327174663543701e-01 -2.9473367333412170e-01 6.6583395004272461e-02 3.6457743495702744e-02 
3.0216345191001892e-01 9.2807215452194214e-01 -2.1771194040775299e-01 2.9965880513191223e-01 
-2.7850982733070850e-03 2.2923186421394348e-01 9.7336339950561523e-01 2.6281783357262611e-02 
0.0000000000000000e+00 0.0000000000000000e+00 0.0000000000000000e+00 1.0000000000000000e+00 
Research-clockwise/0094.pcd
9.5233434438705444e-01 -2.9585096240043640e-01 7.4360437691211700e-02 -7.6783485710620880e-03 
3.0490872263908386e-01 9.3081057071685791e-01 -2.0153510570526123e-01 2.7211934328079224e-01 
-9.0845050290226936e-03 2.1444235742092133e-01 9.7670102119445801e-01 3.3155190758407116e-03 
0.0000000000000000e+00 0.0000000000000000e+00 0.0000000000000000e+00 1.0000000000000000e+00 
Research-clockwise/0095.pcd
9.1655176877975464e-01 -3.9538222551345825e-01 6.0131981968879700e-02 2.1388249471783638e-02 
3.9892703294754028e-01 8.9345526695251465e-01 -2.0640860497951508e-01 2.1785078942775726e-01 
2.6070874184370041e-02 2.1393705904483795e-01 9.7650152444839478e-01 -1.1626766994595528e-02 
0.0000000000000000e+00 0.0000000000000000e+00 0.0000000000000000e+00 1.0000000000000000e+00 
Research-clockwise/0096.pcd
-2.9766800999641418e-01 4.0884968638420105e-01 8.6268830299377441e-01 1.3503651134669781e-02 
-2.3636941611766815e-01 -9.0706825256347656e-01 3.4832212328910828e-01 2.5360292196273804e-01 
9.2493832111358643e-01 -1.0022733360528946e-01 3.6664953827857971e-01 6.6532101482152939e-03 
0.0000000000000000e+00 0.0000000000000000e+00 0.0000000000000000e+00 1.0000000000000000e+00 
Research-clockwise/0097.pcd
7.9098594188690186e-01 -6.1090821027755737e-01 3.4206546843051910e-02 8.4454379975795746e-03 
5.9968852996826172e-01 7.6294571161270142e-01 -2.4147012829780579e-01 2.7764090895652771e-01 
1.2141916900873184e-01 2.1150457859039307e-01 9.6981388330459595e-01 1.2354488484561443e-02 
0.0000000000000000e+00 0.0000000000000000e+00 0.0000000000000000e+00 1.0000000000000000e+00 
Research-clockwise/0098.pcd
9.6685731410980225e-01 -2.4283412098884583e-01 7.9244621098041534e-02 1.0853337123990059e-02 
2.5405445694923401e-01 9.4626808166503906e-01 -2.0007176697254181e-01 2.9449144005775452e-01 
-2.6185829192399979e-02 2.1351362764835358e-01 9.7660374641418457e-01 3.4742723219096661e-03 
