Research-counter-fast/0000.pcd
3.9640641212463379e-01 -2.3271769285202026e-02 9.1778010129928589e-01 0.0000000000000000e+00 
6.4106786251068115e-01 7.2261703014373779e-01 -2.5856614112854004e-01 0.0000000000000000e+00 
-6.5718632936477661e-01 6.9085663557052612e-01 3.0136883258819580e-01 0.0000000000000000e+00 
0.0000000000000000e+00 0.0000000000000000e+00 0.0000000000000000e+00 1.0000000000000000e+00 
Research-counter-fast/0001.pcd
2.5509274005889893e-01 -7.8813636302947998e-01 -5.6015133857727051e-01 6.7806226434186101e-04 
-5.6553483009338379e-01 3.4828168153762817e-01 -7.4757826328277588e-01 -4.0875017293728888e-04 
7.8428328037261963e-01 5.0748538970947266e-01 -3.5687190294265747e-01 -7.0230348501354456e-04 
0.0000000000000000e+00 0.0000000000000000e+00 0.0000000000000000e+00 1.0000000000000000e+00 
Research-counter-fast/0002.pcd
2.8799819946289062e-01 8.5597896575927734e-01 -4.2942497134208679e-01 -7.0621736347675323e-02 
1.2811680138111115e-01 4.0994539856910706e-01 9.0307068824768066e-01 -3.4379024873487651e-04 
9.4902968406677246e-01 -3.1509828567504883e-01 8.3948113024234772e-03 -1.7411516979336739e-02 
0.0000000000000000e+00 0.0000000000000000e+00 0.0000000000000000e+00 1.0000000000000000e+00 
Research-counter-fast/0003.pcd
8.3363074064254761e-01 -5.1469194889068604e-01 2.0041376352310181e-01 -5.6566167622804642e-02 
1.1078000813722610e-01 -1.9967126846313477e-01 -9.7358220815658569e-01 3.1355510000139475e-03 
5.4111045598983765e-01 8.3380800485610962e-01 -1.0943025350570679e-01 -1.3452093116939068e-02 
0.0000000000000000e+00 0.0000000000000000e+00 0.0000000000000000e+00 1.0000000000000000e+00 
Research-counter-fast/0004.pcd
7.2347456216812134e-01 -6.8850517272949219e-01 -5.0441749393939972e-02 6.0382068157196045e-02 
-1.7847374081611633e-01 -1.1595403403043747e-01 -9.7709047794342041e-01 6.0005416162312031e-03 
6.6688364744186401e-01 7.1590256690979004e-01 -2.0677073299884796e-01 9.5607358962297440e-03 
0.0000000000000000e+00 0.0000000000000000e+00 0.0000000000000000e+00 1.0000000000000000e+00 
Research-counter-fast/0005.pcd
7.9686075448989868e-01 -7.1561872959136963e-02 5.9988445043563843e-01 1.3777947053313255e-02 
-4.9050611257553101e-01 5.0305885076522827e-01 7.1157735586166382e-01 8.3345891907811165e-03 
-3.5270172357559204e-01 -8.6128205060958862e-01 3.6576920747756958e-01 -1.4184302417561412e-03 
0.0000000000000000e+00 0.0000000000000000e+00 0.0000000000000000e+00 1.0000000000000000e+00 
Research-counter-fast/0006.pcd
8.2281607389450073e-01 -2.3995254933834076e-01 5.1516705751419067e-01 -7.5870513916015625e-02 
5.0491046905517578e-01 -1.0741468518972397e-01 -8.5646456480026245e-01 1.7752062529325485e-02 
2.6085042953491211e-01 9.6482598781585693e-01 3.2766867429018021e-02 -1.5690378844738007e-02 
0.0000000000000000e+00 0.0000000000000000e+00 0.0000000000000000e+00 1.0000000000000000e+00 
Research-counter-fast/0007.pcd
5.6463426351547241e-01 -7.8214973211288452e-01 -2.6357614994049072e-01 9.0014142915606499e-03 
-3.8098964095115662e-01 3.6302782595157623e-02 -9.2388755083084106e-01 -4.4832308776676655e-03 
7.3216408491134644e-01 6.2206745147705078e-01 -2.7748399972915649e-01 -5.2462788298726082e-03 
0.0000000000000000e+00 0.0000000000000000e+00 0.0000000000000000e+00 1.0000000000000000e+00 
Research-counter-fast/0008.pcd
7.9850566387176514e-01 -5.9421676397323608e-01 9.6548758447170258e-02 3.5652466118335724e-02 
-1.1690331622958183e-02 -1.7565014958381653e-01 -9.8439061641693115e-01 -6.4283058047294617e-02 
6.0189461708068848e-01 7.8490930795669556e-01 -1.4719806611537933e-01 -3.1446614302694798e-03 
0.0000000000000000e+00 0.0000000000000000e+00 0.0000000000000000e+00 1.0000000000000000e+00 
Research-counter-fast/0009.pcd
8.4956514835357666e-01 -3.4755024313926697e-01 3.9679360389709473e-01 8.9719466865062714e-02 
3.5736426711082458e-01 -1.7405998706817627e-01 -9.1760188341140747e-01 -1.5227437019348145e-02 
3.8797980546951294e-01 9.2136466503143311e-01 -2.3676086217164993e-02 1.6875911504030228e-02 
0.0000000000000000e+00 0.0000000000000000e+00 0.0000000000000000e+00 1.0000000000000000e+00 
Research-counter-fast/0010.pcd
8.6785936355590820e-01 6.3598103821277618e-02 4.9272999167442322e-01 1.8103282898664474e-02 
-4.8060727119445801e-01 3.5871937870979309e-01 8.0020904541015625e-01 -4.8827957361936569e-03 
-1.2586355209350586e-01 -9.3127560615539551e-01 3.4188517928123474e-01 1.3905209489166737e-03 
0.0000000000000000e+00 0.0000000000000000e+00 0.0000000000000000e+00 1.0000000000000000e+00 
Research-counter-fast/0011.pcd
-6.5837018191814423e-02 7.1946263313293457e-01 -6.9140869379043579e-01 -6.5235041081905365e-02 
1.1457938700914383e-01 6.9377774000167847e-01 7.1101695299148560e-01 1.3497140025720000e-03 
9.9123108386993408e-01 -3.2409530133008957e-02 -1.2811052799224854e-01 -1.5269128605723381e-02 
0.0000000000000000e+00 0.0000000000000000e+00 0.0000000000000000e+00 1.0000000000000000e+00 
Research-counter-fast/0012.pcd
-3.3310756087303162e-01 2.8250062465667725e-01 -8.9960235357284546e-01 -5.2908997982740402e-02 
-1.1455510556697845e-01 9.3489062786102295e-01 3.3599787950515747e-01 2.5526224635541439e-03 
9.3592321872711182e-01 2.1497391164302826e-01 -2.7904298901557922e-01 -1.2521189637482166e-02 
0.0000000000000000e+00 0.0000000000000000e+00 0.0000000000000000e+00 1.0000000000000000e+00 
Research-counter-fast/0013.pcd
5.8786195516586304e-01 -7.7365690469741821e-01 -2.3644869029521942e-01 6.2113333493471146e-02 
-3.5835614800453186e-01 1.3002091087400913e-02 -9.3350440263748169e-01 -1.0611544363200665e-02 
7.2525876760482788e-01 6.3349258899688721e-01 -2.6960957050323486e-01 1.5093321911990643e-02 
0.0000000000000000e+00 0.0000000000000000e+00 0.0000000000000000e+00 1.0000000000000000e+00 
Research-counter-fast/0014.pcd
-1.9787991046905518e-01 5.8101242780685425e-01 -7.8945857286453247e-01 -4.7703146934509277e-02 
5.0322752445936203e-02 8.1036180257797241e-01 5.8378434181213379e-01 -3.5621414426714182e-03 
9.7893649339675903e-01 7.5804792344570160e-02 -1.8959155678749084e-01 -1.8956104293465614e-02 
0.0000000000000000e+00 0.0000000000000000e+00 0.0000000000000000e+00 1.0000000000000000e+00 
Research-counter-fast/0015.pcd
6.0973143577575684e-01 -7.6394301652908325e-01 -2.1131607890129089e-01 -5.1551058888435364e-02 
-3.3500403165817261e-01 -6.7548397928476334e-03 -9.4219988584518433e-01 3.3170438837260008e-03 
7.1834647655487061e-01 6.4527130126953125e-01 -2.6003524661064148e-01 -1.7924482002854347e-02 
0.0000000000000000e+00 0.0000000000000000e+00 0.0000000000000000e+00 1.0000000000000000e+00 
Research-counter-fast/0016.pcd
-1.7182750627398491e-02 -6.5001243352890015e-01 -7.5974410772323608e-01 7.7861532568931580e-02 
-5.8555674552917480e-01 6.2245857715606689e-01 -5.1931190490722656e-01 -1.0857268236577511e-02 
8.1046181917190552e-01 4.3594613671302795e-01 -3.9131075143814087e-01 1.8581468611955643e-02 
0.0000000000000000e+00 0.0000000000000000e+00 0.0000000000000000e+00 1.0000000000000000e+00 
Research-counter-fast/0017.pcd
-1.1711728572845459e-01 6.7592233419418335e-01 -7.2762829065322876e-01 2.7877703309059143e-02 
9.4652280211448669e-02 7.3692739009857178e-01 6.6932743787765503e-01 -3.2884511165320873e-03 
9.8859846591949463e-01 9.5122940838336945e-03 -1.5028950572013855e-01 5.4942113347351551e-03 
0.0000000000000000e+00 0.0000000000000000e+00 0.0000000000000000e+00 1.0000000000000000e+00 
Research-counter-fast/0018.pcd
4.1236281394958496e-01 -2.2575962543487549e-01 8.8260990381240845e-01 5.4029237478971481e-02 
-3.9469052106142044e-02 9.6346968412399292e-01 2.6488363742828369e-01 3.5860410425812006e-03 
-9.1017365455627441e-01 -1.4406582713127136e-01 3.8838937878608704e-01 1.0774678550660610e-02 
0.0000000000000000e+00 0.0000000000000000e+00 0.0000000000000000e+00 1.0000000000000000e+00 
Research-counter-fast/0019.pcd
7.3697632551193237e-01 6.7563390731811523e-01 -1.9235229119658470e-02 4.0544819086790085e-02 
-1.0865458101034164e-01 1.4651444554328918e-01 9.8321932554244995e-01 8.4594525396823883e-03 
6.6712367534637451e-01 -7.2253221273422241e-01 1.8139740824699402e-01 3.6183854099363089e-03 
0.0000000000000000e+00 0.0000000000000000e+00 0.0000000000000000e+00 1.0000000000000000e+00 
Research-counter-fast/0020.pcd
3.6088714003562927e-01 -1.8977807462215424e-01 9.1310775279998779e-01 -5.7399537414312363e-02 
1.2702654302120209e-01 9.7995811700820923e-01 1.5346847474575043e-01 1.0082555934786797e-02 
-9.2392992973327637e-01 6.0613427311182022e-02 3.7776070833206177e-01 -1.7293661832809448e-02 
0.0000000000000000e+00 0.0000000000000000e+00 0.0000000000000000e+00 1.0000000000000000e+00 
Research-counter-fast/0021.pcd
6.2602663040161133e-01 7.6724213361740112e-01 -1.3949808478355408e-01 3.5757094621658325e-02 
-1.6763042658567429e-02 1.9208709895610809e-01 9.8124319314956665e-01 -1.4783539809286594e-02 
7.7963054180145264e-01 -6.1193293333053589e-01 1.3311764597892761e-01 1.5766209689900279e-03 
0.0000000000000000e+00 0.0000000000000000e+00 0.0000000000000000e+00 1.0000000000000000e+00 
Research-counter-fast/0022.pcd
7.3126506805419922e-01 6.8153864145278931e-01 -2.7557987719774246e-02 -8.4724508225917816e-02 
-1.0097168385982513e-01 1.4811863005161285e-01 9.8380315303802490e-01 8.5808045696467161e-04 
6.7458075284957886e-01 -7.1663832664489746e-01 1.7712825536727905e-01 -1.9693508744239807e-02 
0.0000000000000000e+00 0.0000000000000000e+00 0.0000000000000000e+00 1.0000000000000000e+00 
Research-counter-fast/0023.pcd
7.1349370479583740e-01 -6.9742965698242188e-01 -6.7368745803833008e-02 -6.5271869301795959e-02 
-1.9560015201568604e-01 -1.0592791438102722e-01 -9.7495377063751221e-01 -1.3873595162294805e-04 
6.7281907796859741e-01 7.0879167318344116e-01 -2.1199263632297516e-01 -1.5509832650423050e-02 
0.0000000000000000e+00 0.0000000000000000e+00 0.0000000000000000e+00 1.0000000000000000e+00 
Research-counter-fast/0024.pcd
5.5533343553543091e-01 -2.3682133853435516e-01 7.9721587896347046e-01 9.7536727786064148e-02 
-3.0137234926223755e-01 8.3614277839660645e-01 4.5831716060638428e-01 -2.4256233591586351e-03 
-7.7510607242584229e-01 -4.9476093053817749e-01 3.9295211434364319e-01 2.1384285762906075e-02 
0.0000000000000000e+00 0.0000000000000000e+00 0.0000000000000000e+00 1.0000000000000000e+00 
Research-counter-fast/0025.pcd
7.6966410875320435e-01 6.3811361789703369e-01 2.1188236773014069e-02 -6.0598724521696568e-03 
-1.4084641635417938e-01 1.3732698559761047e-01 9.8046779632568359e-01 -3.7034544220659882e-05 
6.2273645401000977e-01 -7.5761282444000244e-01 1.9556660950183868e-01 -3.6623771302402020e-03 
0.0000000000000000e+00 0.0000000000000000e+00 0.0000000000000000e+00 1.0000000000000000e+00 
Research-counter-fast/0026.pcd
8.3678263425827026e-01 -5.0397491455078125e-01 2.1407578885555267e-01 -7.5928032398223877e-02 
1.2754708528518677e-01 -2.0081047713756561e-01 -9.7129905223846436e-01 -6.6280169412493706e-03 
5.3248983621597290e-01 8.4005892276763916e-01 -1.0376032441854477e-01 -1.7167381942272186e-02 
0.0000000000000000e+00 0.0000000000000000e+00 0.0000000000000000e+00 1.0000000000000000e+00 
Research-counter-fast/0027.pcd
8.5176426172256470e-01 -4.0861719846725464e-01 3.2793244719505310e-01 9.8991706967353821e-02 
2.6974999904632568e-01 -1.9456060230731964e-01 -9.4307607412338257e-01 -8.7442565709352493e-03 
4.4915601611137390e-01 8.9173591136932373e-01 -5.5487632751464844e-02 2.1469425410032272e-02 
0.0000000000000000e+00 0.0000000000000000e+00 0.0000000000000000e+00 1.0000000000000000e+00 
Research-counter-fast/0028.pcd
9.0000677108764648e-01 2.1562294661998749e-01 3.7888190150260925e-01 7.8164607286453247e-02 
-4.2538210749626160e-01 2.4432882666587830e-01 8.7141329050064087e-01 -3.3786144922487438e-04 
9.5326878130435944e-02 -9.4543296098709106e-01 3.1160134077072144e-01 1.9170161336660385e-02 
0.0000000000000000e+00 0.0000000000000000e+00 0.0000000000000000e+00 1.0000000000000000e+00 
Research-counter-fast/0029.pcd
9.0177506208419800e-01 2.7545857429504395e-01 3.3307689428329468e-01 -7.2394446469843388e-03 
-3.9461135864257812e-01 2.1028743684291840e-01 8.9446628093719482e-01 9.5711130416020751e-04 
1.7634131014347076e-01 -9.3804019689559937e-01 2.9832527041435242e-01 -7.8292386606335640e-03 
0.0000000000000000e+00 0.0000000000000000e+00 0.0000000000000000e+00 1.0000000000000000e+00 
Research-counter-fast/0030.pcd
9.0005618333816528e-01 3.0899080634117126e-01 3.0734869837760925e-01 -2.7607241645455360e-02 
-3.7613728642463684e-01 1.9452482461929321e-01 9.0593612194061279e-01 5.4273046553134918e-03 
2.2013017535209656e-01 -9.3097192049026489e-01 2.9129391908645630e-01 -9.4094704836606979e-03 
0.0000000000000000e+00 0.0000000000000000e+00 0.0000000000000000e+00 1.0000000000000000e+00 
Research-counter-fast/0031.pcd
9.0158021450042725e-01 2.8797000646591187e-01 3.2284119725227356e-01 -4.4771566987037659e-02 
-3.8699787855148315e-01 2.0332828164100647e-01 8.9937722682952881e-01 5.4161919979378581e-04 
1.9335201382637024e-01 -9.3580353260040283e-01 2.9476058483123779e-01 -1.4313892461359501e-02 
0.0000000000000000e+00 0.0000000000000000e+00 0.0000000000000000e+00 1.0000000000000000e+00 
Research-counter-fast/0032.pcd
8.9005982875823975e-01 3.8165163993835449e-01 2.4929989874362946e-01 -4.5222122222185135e-02 
-3.3020389080047607e-01 1.6273580491542816e-01 9.2977499961853027e-01 5.5456231348216534e-03 
3.1428912281990051e-01 -9.0988612174987793e-01 2.7086624503135681e-01 -2.1132830530405045e-02 
0.0000000000000000e+00 0.0000000000000000e+00 0.0000000000000000e+00 1.0000000000000000e+00 
Research-counter-fast/0033.pcd
9.0080201625823975e-01 3.0835291743278503e-01 3.0574229359626770e-01 -5.3694140166044235e-02 
-3.7373569607734680e-01 1.9205206632614136e-01 9.0743792057037354e-01 1.8442712724208832e-02 
2.2109557688236237e-01 -9.3168920278549194e-01 2.8823956847190857e-01 -1.6056790947914124e-02 
0.0000000000000000e+00 0.0000000000000000e+00 0.0000000000000000e+00 1.0000000000000000e+00 
Research-counter-fast/0034.pcd
7.7914857864379883e-01 -9.6445441246032715e-02 6.1940968036651611e-01 -6.7795172333717346e-02 
-4.8568454384803772e-01 5.3183770179748535e-01 6.9374954700469971e-01 1.0018623434007168e-02 
-3.9632776379585266e-01 -8.4135031700134277e-01 3.6752408742904663e-01 -2.8310399502515793e-02 
0.0000000000000000e+00 0.0000000000000000e+00 0.0000000000000000e+00 1.0000000000000000e+00 
Research-counter-fast/0035.pcd
8.9671397209167480e-01 3.4307923913002014e-01 2.7961418032646179e-01 -1.3897456228733063e-02 
-3.5451230406761169e-01 1.7853409051895142e-01 9.1785120964050293e-01 2.1720636636018753e-02 
2.6497766375541687e-01 -9.2218464612960815e-01 2.8172847628593445e-01 -8.3146626129746437e-03 
0.0000000000000000e+00 0.0000000000000000e+00 0.0000000000000000e+00 1.0000000000000000e+00 
Research-counter-fast/0036.pcd
8.1197208166122437e-01 -5.7214375585317612e-02 5.8090490102767944e-01 -1.0745670646429062e-02 
-4.9026402831077576e-01 4.7328263521194458e-01 7.3189622163772583e-01 7.1465829387307167e-03 
-3.1680843234062195e-01 -8.7905389070510864e-01 3.5624286532402039e-01 -2.4824365973472595e-02 
0.0000000000000000e+00 0.0000000000000000e+00 0.0000000000000000e+00 1.0000000000000000e+00 
Research-counter-fast/0037.pcd
-1.8933726847171783e-01 -4.6180224418640137e-01 -8.6655759811401367e-01 -7.6714465394616127e-03 
-5.1773178577423096e-01 7.9682385921478271e-01 -3.1152334809303284e-01 2.6730131357908249e-02 
8.3433085680007935e-01 3.8967236876487732e-01 -3.8995432853698730e-01 3.6130668595433235e-03 
0.0000000000000000e+00 0.0000000000000000e+00 0.0000000000000000e+00 1.0000000000000000e+00 
Research-counter-fast/0038.pcd
8.4215456247329712e-01 5.2505546808242798e-01 1.2287506461143494e-01 2.1771121770143509e-02 
-2.2842037677764893e-01 1.4093451201915741e-01 9.6330922842025757e-01 5.5542461574077606e-02 
4.8847162723541260e-01 -8.3932077884674072e-01 2.3862275481224060e-01 2.4089677259325981e-02 
0.0000000000000000e+00 0.0000000000000000e+00 0.0000000000000000e+00 1.0000000000000000e+00 
Research-counter-fast/0039.pcd
6.7394047975540161e-01 -7.2860115766525269e-01 -1.2225698679685593e-01 -1.3071735156700015e-03 
-2.5545257329940796e-01 -7.4538782238960266e-02 -9.6394681930541992e-01 3.8846395909786224e-02 
6.9359052181243896e-01 6.8046814203262329e-01 -2.3642528057098389e-01 1.3197788968682289e-02 
0.0000000000000000e+00 0.0000000000000000e+00 0.0000000000000000e+00 1.0000000000000000e+00 
Research-counter-fast/0040.pcd
-3.5267496109008789e-01 2.1583400666713715e-02 -9.3551069498062134e-01 -1.9578803330659866e-02 
-2.6451882719993591e-01 9.5666545629501343e-01 1.2179563194513321e-01 4.2287208139896393e-02 
8.9723163843154907e-01 2.9041337966918945e-01 -3.3264377713203430e-01 5.2695116028189659e-03 
0.0000000000000000e+00 0.0000000000000000e+00 0.0000000000000000e+00 1.0000000000000000e+00 
Research-counter-fast/0041.pcd
-9.2949673533439636e-02 6.9075781106948853e-01 -7.1708875894546509e-01 -3.0177421867847443e-02 
1.0410614311695099e-01 7.2300040721893311e-01 6.8295913934707642e-01 4.0824115276336670e-02 
9.9014663696289062e-01 -1.0647079907357693e-02 -1.3966739177703857e-01 7.2980701224878430e-04 
0.0000000000000000e+00 0.0000000000000000e+00 0.0000000000000000e+00 1.0000000000000000e+00 
Research-counter-fast/0042.pcd
-3.1351095438003540e-01 -1.9837193191051483e-01 -9.2863500118255615e-01 -1.9550448283553123e-02 
-3.8361579179763794e-01 9.2104476690292358e-01 -6.7241080105304718e-02 4.4927995651960373e-02 
8.6852872371673584e-01 3.3508226275444031e-01 -3.6520865559577942e-01 8.2082618027925491e-03 
0.0000000000000000e+00 0.0000000000000000e+00 0.0000000000000000e+00 1.0000000000000000e+00 
Research-counter-fast/0043.pcd
1.8788309395313263e-01 8.4276050329208374e-01 -5.0465023517608643e-01 6.8233013153076172e-02 
1.4371807873249054e-01 4.8461684584617615e-01 8.6284732818603516e-01 6.2324948608875275e-02 
9.6804171800613403e-01 -2.4945054948329926e-01 -2.1167907863855362e-02 -1.2084957212209702e-02 
0.0000000000000000e+00 0.0000000000000000e+00 0.0000000000000000e+00 1.0000000000000000e+00 
Research-counter-fast/0044.pcd
-2.9843574762344360e-01 3.7385624647140503e-01 -8.7816607952117920e-01 -3.6978695541620255e-02 
-5.7338312268257141e-02 9.1141015291213989e-01 4.0749371051788330e-01 5.1037818193435669e-02 
9.5269221067428589e-01 1.7198437452316284e-01 -2.5060197710990906e-01 1.0372558608651161e-03 
0.0000000000000000e+00 0.0000000000000000e+00 0.0000000000000000e+00 1.0000000000000000e+00 
Research-counter-fast/0045.pcd
8.4736901521682739e-01 -1.6641736030578613e-02 5.3075784444808960e-01 -4.2647406458854675e-02 
-4.7369951009750366e-01 4.2799970507621765e-01 7.6969516277313232e-01 6.7531883716583252e-02 
-2.3929086327552795e-01 -9.0363693237304688e-01 3.5521405935287476e-01 6.4176279120147228e-03 
0.0000000000000000e+00 0.0000000000000000e+00 0.0000000000000000e+00 1.0000000000000000e+00 
Research-counter-fast/0046.pcd
7.2863423824310303e-01 -1.7120371758937836e-01 6.6317057609558105e-01 -3.6986924707889557e-02 
-4.3722385168075562e-01 6.2902539968490601e-01 6.4278537034988403e-01 7.3361851274967194e-02 
-5.2923285961151123e-01 -7.5783157348632812e-01 3.8158205151557922e-01 -4.6796011738479137e-03 
0.0000000000000000e+00 0.0000000000000000e+00 0.0000000000000000e+00 1.0000000000000000e+00 
Research-counter-fast/0047.pcd
5.2220553159713745e-01 -2.6369026303291321e-01 8.1106090545654297e-01 -4.1521143168210983e-02 
-2.2696599364280701e-01 8.7374895811080933e-01 4.3020927906036377e-01 8.4727920591831207e-02 
-8.2400012016296387e-01 -4.0772190690040588e-01 3.9343744516372681e-01 7.5543022830970585e-05 
0.0000000000000000e+00 0.0000000000000000e+00 0.0000000000000000e+00 1.0000000000000000e+00 
Research-counter-fast/0048.pcd
5.1132804155349731e-01 -2.6672670245170593e-01 8.1694775819778442e-01 -4.8273079097270966e-02 
-2.0988741517066956e-01 8.8306677341461182e-01 4.1968491673469543e-01 8.2067690789699554e-02 
-8.3434879779815674e-01 -3.8555985689163208e-01 3.9395141601562500e-01 5.1234423881396651e-04 
0.0000000000000000e+00 0.0000000000000000e+00 0.0000000000000000e+00 1.0000000000000000e+00 
Research-counter-fast/0049.pcd
4.8952376842498779e-01 -2.6912298798561096e-01 8.2943397760391235e-01 -4.7334752976894379e-02 
-1.7461508512496948e-01 9.0167266130447388e-01 3.9561060070991516e-01 9.6943400800228119e-02 
-8.5563105344772339e-01 -3.3778810501098633e-01 3.9215806126594543e-01 -3.1492635607719421e-03 
0.0000000000000000e+00 0.0000000000000000e+00 0.0000000000000000e+00 1.0000000000000000e+00 
Research-counter-fast/0050.pcd
3.6897477507591248e-01 -2.2992020845413208e-01 9.0056383609771729e-01 -4.3489333242177963e-02 
9.6851922571659088e-02 9.7317361831665039e-01 2.0877560973167419e-01 9.9592529237270355e-02 
-9.2528939247131348e-01 1.0722332634031773e-02 3.7914419174194336e-01 3.8169005420058966e-03 
0.0000000000000000e+00 0.0000000000000000e+00 0.0000000000000000e+00 1.0000000000000000e+00 
Research-counter-fast/0051.pcd
3.1856533885002136e-01 -1.4875277876853943e-01 9.3617147207260132e-01 -8.5315689444541931e-02 
3.6905437707901001e-01 9.2914819717407227e-01 2.2044070065021515e-02 1.0279995948076248e-01 
-8.7200379371643066e-01 3.3789497613906860e-01 3.5414677858352661e-01 8.1697599962353706e-03 
0.0000000000000000e+00 0.0000000000000000e+00 0.0000000000000000e+00 1.0000000000000000e+00 
Research-counter-fast/0052.pcd
9.1386091709136963e-01 2.9794836044311523e-01 2.7587863802909851e-01 -1.1004981398582458e-01 
-3.4329068660736084e-01 2.0405720174312592e-01 9.1679841279983521e-01 1.0663753747940063e-01 
2.2207097709178925e-01 -9.3076878786087036e-01 2.9040631651878357e-01 5.9514935128390789e-03 
0.0000000000000000e+00 0.0000000000000000e+00 0.0000000000000000e+00 1.0000000000000000e+00 
Research-counter-fast/0053.pcd
4.6310636401176453e-01 -1.0918144136667252e-02 8.8625013828277588e-01 -1.2163854390382767e-01 
7.6208144426345825e-01 5.1543438434600830e-01 -3.9186823368072510e-01 1.1541735380887985e-01 
-4.4912311434745789e-01 8.5670274496078491e-01 2.5366213917732239e-01 1.5121097676455975e-02 
0.0000000000000000e+00 0.0000000000000000e+00 0.0000000000000000e+00 1.0000000000000000e+00 
Research-counter-fast/0054.pcd
7.3604398965835571e-01 -1.7731876671314240e-01 6.5329575538635254e-01 -9.0352207422256470e-02 
-4.3338322639465332e-01 6.1793154478073120e-01 6.5600281953811646e-01 9.9956750869750977e-02 
-5.1839923858642578e-01 -7.6634508371353149e-01 3.7944746017456055e-01 7.8795580193400383e-03 
0.0000000000000000e+00 0.0000000000000000e+00 0.0000000000000000e+00 1.0000000000000000e+00 
Research-counter-fast/0055.pcd
6.9075959920883179e-01 -2.1260777115821838e-01 6.9113576412200928e-01 -6.8895757198333740e-02 
-4.0020123124122620e-01 6.8365168571472168e-01 6.1029332876205444e-01 1.0483320057392120e-01 
-6.0383141040802002e-01 -6.9767951965332031e-01 3.8551139831542969e-01 -1.3302506878972054e-02 
0.0000000000000000e+00 0.0000000000000000e+00 0.0000000000000000e+00 1.0000000000000000e+00 
Research-counter-fast/0056.pcd
7.0947992801666260e-01 -2.0086969435214996e-01 6.7550009489059448e-01 -6.9430284202098846e-02 
-4.1213485598564148e-01 6.5926671028137207e-01 6.2890404462814331e-01 1.2153666466474533e-01 
-5.7366365194320679e-01 -7.2403270006179810e-01 3.8298979401588440e-01 -9.1824016999453306e-04 
0.0000000000000000e+00 0.0000000000000000e+00 0.0000000000000000e+00 1.0000000000000000e+00 
Research-counter-fast/0057.pcd
9.0251445770263672e-01 1.0228617489337921e-01 4.1837185621261597e-01 -1.1446861177682877e-01 
-4.2824837565422058e-01 3.1648808717727661e-01 8.4643256664276123e-01 1.2199239432811737e-01 
-4.1152808815240860e-02 -9.4248485565185547e-01 3.3167138695716858e-01 2.0170209929347038e-02 
0.0000000000000000e+00 0.0000000000000000e+00 0.0000000000000000e+00 1.0000000000000000e+00 
Research-counter-fast/0058.pcd
7.3759126663208008e-01 -1.8140828609466553e-01 6.5043044090270996e-01 -1.0060255229473114e-01 
-4.3006736040115356e-01 6.1641329526901245e-01 6.5961772203445435e-01 1.3881343603134155e-01 
-5.1845955848693848e-01 -7.6676017045974731e-01 3.7851089239120483e-01 1.2185066938400269e-02 
0.0000000000000000e+00 0.0000000000000000e+00 0.0000000000000000e+00 1.0000000000000000e+00 
Research-counter-fast/0059.pcd
4.8878639936447144e-01 -2.8299623727798462e-01 8.2523095607757568e-01 -8.4202185273170471e-02 
-1.6736821830272675e-01 8.9794087409973145e-01 4.0705719590187073e-01 1.2354130297899246e-01 
-8.5661393404006958e-01 -3.3684915304183960e-01 3.9082652330398560e-01 -1.7176434397697449e-02 
0.0000000000000000e+00 0.0000000000000000e+00 0.0000000000000000e+00 1.0000000000000000e+00 
Research-counter-fast/0060.pcd
6.9377505779266357e-01 -2.1679675579071045e-01 6.8683326244354248e-01 -5.4038029164075851e-02 
-3.9563184976577759e-01 6.8217605352401733e-01 6.1491352319717407e-01 1.4589810371398926e-01 
-6.0620856285095215e-01 -6.9696414470672607e-01 3.8299769163131714e-01 -1.9940020516514778e-02 
0.0000000000000000e+00 0.0000000000000000e+00 0.0000000000000000e+00 1.0000000000000000e+00 
Research-counter-fast/0061.pcd
8.0414813756942749e-01 -1.1533604562282562e-01 5.8311378955841064e-01 -1.0472695529460907e-01 
-4.5001232624053955e-01 5.2278310060501099e-01 7.2399604320526123e-01 1.4947701990604401e-01 
-3.8740292191505432e-01 -8.4475409984588623e-01 3.6920717358589172e-01 5.0344462506473064e-03 
0.0000000000000000e+00 0.0000000000000000e+00 0.0000000000000000e+00 1.0000000000000000e+00 
Research-counter-fast/0062.pcd
9.1653513908386230e-01 2.8380101919174194e-01 2.8242442011833191e-01 5.9226928278803825e-03 
-3.4993684291839600e-01 2.2551055252552032e-01 9.0921902656555176e-01 1.8282620608806610e-01 
1.7720270156860352e-01 -9.3699848651885986e-01 3.0049225687980652e-01 -1.8430400639772415e-02 
0.0000000000000000e+00 0.0000000000000000e+00 0.0000000000000000e+00 1.0000000000000000e+00 
Research-counter-fast/0063.pcd
5.1275026798248291e-01 8.0941277742385864e-01 -2.8635084629058838e-01 -7.8979566693305969e-02 
7.5047262012958527e-02 2.8996747732162476e-01 9.5410156250000000e-01 1.7102672159671783e-01 
8.5263383388519287e-01 -5.1478874683380127e-01 8.9321099221706390e-02 -3.3940770663321018e-03 
0.0000000000000000e+00 0.0000000000000000e+00 0.0000000000000000e+00 1.0000000000000000e+00 
Research-counter-fast/0064.pcd
8.3828902244567871e-01 -4.0764448046684265e-01 3.6207810044288635e-01 -1.2891146540641785e-01 
2.9659548401832581e-01 -2.1629565954208374e-01 -9.3018692731857300e-01 1.7647995054721832e-01 
4.6056067943572998e-01 8.8566178083419800e-01 -5.9018731117248535e-02 9.9236601963639259e-03 
0.0000000000000000e+00 0.0000000000000000e+00 0.0000000000000000e+00 1.0000000000000000e+00 
Research-counter-fast/0065.pcd
4.9761366844177246e-01 -2.8724628686904907e-01 8.1845229864120483e-01 -1.1892893910408020e-01 
-1.7098315060138702e-01 8.9258593320846558e-01 4.1721272468566895e-01 2.0572975277900696e-01 
-8.4937012195587158e-01 -3.4813553094863892e-01 3.9672219753265381e-01 4.9992594867944717e-03 
0.0000000000000000e+00 0.0000000000000000e+00 0.0000000000000000e+00 1.0000000000000000e+00 
Research-counter-fast/0066.pcd
6.9167011976242065e-01 -2.2150991857051849e-01 6.8740189075469971e-01 -1.0429765284061432e-01 
-3.9269530773162842e-01 6.8346071243286133e-01 6.1537230014801025e-01 2.2147098183631897e-01 
-6.0612273216247559e-01 -6.9557070732116699e-01 3.8574367761611938e-01 -9.2480527237057686e-03 
0.0000000000000000e+00 0.0000000000000000e+00 0.0000000000000000e+00 1.0000000000000000e+00 
Research-counter-fast/0067.pcd
3.5034617781639099e-01 -2.2845409810543060e-01 9.0832519531250000e-01 -1.0199510306119919e-01 
1.6706688702106476e-01 9.6948707103729248e-01 1.7940482497215271e-01 2.3555649816989899e-01 
-9.2113220691680908e-01 8.8616959750652313e-02 3.7903496623039246e-01 1.5040621161460876e-02 
0.0000000000000000e+00 0.0000000000000000e+00 0.0000000000000000e+00 1.0000000000000000e+00 
Research-counter-fast/0068.pcd
4.2685759067535400e-01 -2.6993034407496452e-02 9.0391778945922852e-01 -8.1645831465721130e-02 
7.3842912912368774e-01 5.8741837739944458e-01 -3.3116707205772400e-01 1.9043901562690735e-01 
-5.2203631401062012e-01 8.0883729457855225e-01 2.7067512273788452e-01 1.0888023301959038e-02 
0.0000000000000000e+00 0.0000000000000000e+00 0.0000000000000000e+00 1.0000000000000000e+00 
Research-counter-fast/0069.pcd
8.3788901567459106e-01 -4.4639709591865540e-01 3.1413900852203369e-01 -8.7017670273780823e-02 
2.3984697461128235e-01 -2.1588450670242310e-01 -9.4650894403457642e-01 2.0713195204734802e-01 
4.9033054709434509e-01 8.6840444803237915e-01 -7.3819674551486969e-02 -3.7804387975484133e-03 
0.0000000000000000e+00 0.0000000000000000e+00 0.0000000000000000e+00 1.0000000000000000e+00 
Research-counter-fast/0070.pcd
-3.0914482474327087e-01 -2.0508463680744171e-01 -9.2864513397216797e-01 -9.1730490326881409e-02 
-3.8099607825279236e-01 9.2139673233032227e-01 -7.6650738716125488e-02 2.6602938771247864e-01 
8.7136512994766235e-01 3.3011218905448914e-01 -3.6297905445098877e-01 6.5100705251097679e-03 
0.0000000000000000e+00 0.0000000000000000e+00 0.0000000000000000e+00 1.0000000000000000e+00 
Research-counter-fast/0071.pcd
-2.2395285964012146e-01 -4.0051081776618958e-01 -8.8851231336593628e-01 -1.2963165342807770e-01 
-4.8798272013664246e-01 8.3524674177169800e-01 -2.5346136093139648e-01 2.9567965865135193e-01 
8.4205734729766846e-01 3.7432029843330383e-01 -3.8837516307830811e-01 9.6541084349155426e-03 
0.0000000000000000e+00 0.0000000000000000e+00 0.0000000000000000e+00 1.0000000000000000e+00 
Research-counter-fast/0072.pcd
3.4921139478683472e-01 -8.1754148006439209e-01 -4.5794701576232910e-01 -5.3793974220752716e-02 
-5.2485281229019165e-01 2.3419475555419922e-01 -8.1834810972213745e-01 2.6433318853378296e-01 
7.7468943595886230e-01 5.2974760532379150e-01 -3.4522423148155212e-01 1.2524635531008244e-02 
0.0000000000000000e+00 0.0000000000000000e+00 0.0000000000000000e+00 1.0000000000000000e+00 
Research-counter-fast/0073.pcd
4.7433203458786011e-01 -2.7462062239646912e-01 8.3642029762268066e-01 -7.2850622236728668e-02 
-1.4528737962245941e-01 9.1266000270843506e-01 3.8204452395439148e-01 3.0008721351623535e-01 
-8.6827683448791504e-01 -3.0273446440696716e-01 3.9300131797790527e-01 1.2330649420619011e-02 
0.0000000000000000e+00 0.0000000000000000e+00 0.0000000000000000e+00 1.0000000000000000e+00 
Research-counter-fast/0074.pcd
4.6214622259140015e-01 -2.7503952383995056e-01 8.4308218955993652e-01 -7.3942065238952637e-02 
-1.1850903928279877e-01 9.2302054166793823e-01 3.6607879400253296e-01 2.4052311480045319e-01 
-8.7885361909866333e-01 -2.6909062266349792e-01 3.9396914839744568e-01 1.2058420106768608e-02 
0.0000000000000000e+00 0.0000000000000000e+00 0.0000000000000000e+00 1.0000000000000000e+00 
Research-counter-fast/0075.pcd
4.8393973708152771e-01 -2.7631139755249023e-01 8.3034068346023560e-01 -7.0356801152229309e-02 
-1.5094186365604401e-01 9.0827316045761108e-01 3.9021682739257812e-01 2.4616046249866486e-01 
-8.6199313402175903e-01 -3.1417295336723328e-01 3.9784049987792969e-01 2.6665577664971352e-02 
0.0000000000000000e+00 0.0000000000000000e+00 0.0000000000000000e+00 1.0000000000000000e+00 
Research-counter-fast/0076.pcd
6.6328930854797363e-01 -2.2650325298309326e-01 7.1332800388336182e-01 -1.5057599544525146e-01 
-3.9780536293983459e-01 7.0050388574600220e-01 5.9249663352966309e-01 2.7561011910438538e-01 
-6.2210536003112793e-01 -6.8040728569030762e-01 3.8722562789916992e-01 1.8221223726868629e-02 
0.0000000000000000e+00 0.0000000000000000e+00 0.0000000000000000e+00 1.0000000000000000e+00 
Research-counter-fast/0077.pcd
5.6653231382369995e-01 -2.5597575306892395e-01 7.8326827287673950e-01 -4.4411417096853256e-02 
-2.9449439048767090e-01 8.2485848665237427e-01 4.8258793354034424e-01 3.0360245704650879e-01 
-7.6886582374572754e-01 -5.0439286231994629e-01 3.9299932122230530e-01 3.6487097386270761e-03 
0.0000000000000000e+00 0.0000000000000000e+00 0.0000000000000000e+00 1.0000000000000000e+00 
Research-counter-fast/0078.pcd
4.1575556993484497e-01 -2.3867723345756531e-01 8.7760925292968750e-01 -3.0359834432601929e-02 
-2.4228580296039581e-02 9.6171271800994873e-01 2.7302891016006470e-01 2.2775942087173462e-01 
-9.0916466712951660e-01 -1.3477636873722076e-01 3.9405056834220886e-01 2.8070809785276651e-03 
0.0000000000000000e+00 0.0000000000000000e+00 0.0000000000000000e+00 1.0000000000000000e+00 
Research-counter-fast/0079.pcd
3.6967784166336060e-01 -2.1134984493255615e-01 9.0474295616149902e-01 -7.6460152864456177e-02 
8.2243844866752625e-02 9.7739231586456299e-01 1.9481648504734039e-01 2.5720018148422241e-01 
-9.2076683044433594e-01 -5.2800402045249939e-04 3.9030236005783081e-01 1.4081457629799843e-02 
0.0000000000000000e+00 0.0000000000000000e+00 0.0000000000000000e+00 1.0000000000000000e+00 
Research-counter-fast/0080.pcd
4.0832483768463135e-01 -2.3132163286209106e-01 8.8305044174194336e-01 -1.7624326050281525e-02 
-1.5381965786218643e-02 9.6548455953598022e-01 2.6002940535545349e-01 2.8946623206138611e-01 
-9.1258597373962402e-01 -1.1983212083578110e-01 3.9095902442932129e-01 2.0206203684210777e-02 
0.0000000000000000e+00 0.0000000000000000e+00 0.0000000000000000e+00 1.0000000000000000e+00 
Research-counter-fast/0081.pcd
4.1519501805305481e-01 -2.4163997173309326e-01 8.7706428766250610e-01 -3.5325635224580765e-02 
-5.1528632640838623e-02 9.5626848936080933e-01 2.8788942098617554e-01 3.3580249547958374e-01 
-9.0532064437866211e-01 -1.6643048822879791e-01 3.9076992869377136e-01 2.5307653471827507e-02 
0.0000000000000000e+00 0.0000000000000000e+00 0.0000000000000000e+00 1.0000000000000000e+00 
Research-counter-fast/0082.pcd
4.8623219132423401e-01 -2.6103729009628296e-01 8.3399206399917603e-01 -5.6976802647113800e-02 
-1.9058935344219208e-01 8.9973688125610352e-01 3.9261844754219055e-01 3.2105913758277893e-01 
-8.4724420309066772e-01 -3.5268381237983704e-01 3.9709737896919250e-01 2.8443695977330208e-02 
0.0000000000000000e+00 0.0000000000000000e+00 0.0000000000000000e+00 1.0000000000000000e+00 
Research-counter-fast/0083.pcd
3.4402096271514893e-01 -1.7614854872226715e-01 9.2229872941970825e-01 2.0867254585027695e-02 
2.2662028670310974e-01 9.6879136562347412e-01 1.0050758719444275e-01 4.0651783347129822e-01 
-9.1256147623062134e-01 1.7512194812297821e-01 3.6953172087669373e-01 8.8672274723649025e-03 
0.0000000000000000e+00 0.0000000000000000e+00 0.0000000000000000e+00 1.0000000000000000e+00 
Research-counter-fast/0084.pcd
3.4527158737182617e-01 -1.7859300971031189e-01 9.2134624719619751e-01 -9.3149878084659576e-03 
2.1047639846801758e-01 9.7145223617553711e-01 1.0943441838026047e-01 3.9065659046173096e-01 
-9.1374814510345459e-01 1.5567399561405182e-01 3.7528854608535767e-01 -2.8571367729455233e-03 
0.0000000000000000e+00 0.0000000000000000e+00 0.0000000000000000e+00 1.0000000000000000e+00 
Research-counter-fast/0085.pcd
4.5346739888191223e-01 -2.3034107685089111e-01 8.6133408546447754e-01 8.5554346442222595e-02 
-6.9811463356018066e-02 9.5376312732696533e-01 2.9234120249748230e-01 3.8724154233932495e-01 
-8.9941865205764771e-01 -1.8666106462478638e-01 3.9448577165603638e-01 2.3211773484945297e-02 
0.0000000000000000e+00 0.0000000000000000e+00 0.0000000000000000e+00 1.0000000000000000e+00 
Research-counter-fast/0086.pcd
6.0967141389846802e-01 -2.2068192064762115e-01 7.6135563850402832e-01 1.1316515505313873e-02 
-3.5934954881668091e-01 7.7916026115417480e-01 5.1361066102981567e-01 3.4226301312446594e-01 
-7.0889043807983398e-01 -5.8583581447601318e-01 3.9274916052818298e-01 3.1730826944112778e-02 
0.0000000000000000e+00 0.0000000000000000e+00 0.0000000000000000e+00 1.0000000000000000e+00 
Research-counter-fast/0087.pcd
9.0173357725143433e-01 2.7046293020248413e-01 3.3724796772003174e-01 2.2742794826626778e-02 
-3.9711913466453552e-01 2.0988810062408447e-01 8.9345115423202515e-01 3.5658437013626099e-01 
1.6783705353736877e-01 -9.4046598672866821e-01 2.9556706547737122e-01 2.1970365196466446e-02 
0.0000000000000000e+00 0.0000000000000000e+00 0.0000000000000000e+00 1.0000000000000000e+00 
Research-counter-fast/0088.pcd
-3.2532596588134766e-01 3.4415116906166077e-01 -8.8080102205276489e-01 3.5353939980268478e-02 
-8.4845602512359619e-02 9.1707521677017212e-01 3.8958069682121277e-01 3.3721366524696350e-01 
9.4517254829406738e-01 1.9762532413005829e-01 -2.5981593132019043e-01 1.1161362752318382e-02 
0.0000000000000000e+00 0.0000000000000000e+00 0.0000000000000000e+00 1.0000000000000000e+00 
Research-counter-fast/0089.pcd
-2.6376461982727051e-01 4.8222300410270691e-01 -8.3539557456970215e-01 1.4214470051229000e-02 
-1.1030832305550575e-02 8.6450433731079102e-01 5.0248563289642334e-01 3.5242298245429993e-01 
9.6507751941680908e-01 1.4072969555854797e-01 -2.2093297541141510e-01 2.2817207500338554e-02 
0.0000000000000000e+00 0.0000000000000000e+00 0.0000000000000000e+00 1.0000000000000000e+00 
Research-counter-fast/0090.pcd
2.3597836494445801e-01 8.4778606891632080e-01 -4.7497624158859253e-01 -1.6812112182378769e-02 
1.4342691004276276e-01 4.5308598875999451e-01 8.7986457347869873e-01 3.8742038607597351e-01 
9.6300727128982544e-01 -2.6881182193756104e-01 -1.8463488668203354e-02 2.7231883257627487e-02 
0.0000000000000000e+00 0.0000000000000000e+00 0.0000000000000000e+00 1.0000000000000000e+00 
Research-counter-fast/0091.pcd
3.9681095629930496e-02 -6.9164508581161499e-01 -7.2115904092788696e-01 3.9895240217447281e-02 
-5.9381753206253052e-01 5.6411969661712646e-01 -5.7372504472732544e-01 4.1941937804222107e-01 
8.0338674783706665e-01 4.5332419872283936e-01 -3.8612216711044312e-01 1.0534687899053097e-02 
0.0000000000000000e+00 0.0000000000000000e+00 0.0000000000000000e+00 1.0000000000000000e+00 
Research-counter-fast/0092.pcd
8.4816092252731323e-01 1.3567487709224224e-02 5.2959859371185303e-01 3.9992447942495346e-02 
-4.8918819427490234e-01 4.0375483036041260e-01 7.7310663461685181e-01 3.6894810199737549e-01 
-2.0333701372146606e-01 -9.1477108001708984e-01 3.4908154606819153e-01 1.9091622903943062e-02 
0.0000000000000000e+00 0.0000000000000000e+00 0.0000000000000000e+00 1.0000000000000000e+00 
Research-counter-fast/0093.pcd
-1.8676379323005676e-01 5.9566289186477661e-01 -7.8123122453689575e-01 2.5420466437935829e-02 
5.9945590794086456e-02 8.0065160989761353e-01 5.9615188837051392e-01 4.0039572119712830e-01 
9.8161989450454712e-01 6.1272677034139633e-02 -1.8091984093189240e-01 1.7245762050151825e-02 
0.0000000000000000e+00 0.0000000000000000e+00 0.0000000000000000e+00 1.0000000000000000e+00 
Research-counter-fast/0094.pcd
-9.0224057435989380e-02 6.9779241085052490e-01 -7.1059453487396240e-01 1.4354668557643890e-02 
1.0242672264575958e-01 7.1622741222381592e-01 6.9032227993011475e-01 3.8495850563049316e-01 
9.9063926935195923e-01 -1.0497849434614182e-02 -1.3608920574188232e-01 1.8150890246033669e-02 
0.0000000000000000e+00 0.0000000000000000e+00 0.0000000000000000e+00 1.0000000000000000e+00 
Research-counter-fast/0095.pcd
5.9600204229354858e-01 7.8618729114532471e-01 -1.6343210637569427e-01 2.6469180360436440e-02 
-2.6446683332324028e-03 2.0545983314514160e-01 9.7867333889007568e-01 4.0569126605987549e-01 
7.9990667104721069e-01 -5.8688306808471680e-01 1.2538896501064301e-01 -8.7816041195765138e-04 
0.0000000000000000e+00 0.0000000000000000e+00 0.0000000000000000e+00 1.0000000000000000e+00 
Research-counter-fast/0096.pcd
5.8395749330520630e-01 -2.3063331842422485e-01 7.7852481603622437e-01 6.3155099749565125e-02 
-2.9911515116691589e-01 8.2997506856918335e-01 4.7085511684417725e-01 4.7398048639297485e-01 
-7.6703572273254395e-01 -5.0264072418212891e-01 3.9846241474151611e-01 3.6867484450340271e-02 
0.0000000000000000e+00 0.0000000000000000e+00 0.0000000000000000e+00 1.0000000000000000e+00 
Research-counter-fast/0097.pcd
3.4943422675132751e-01 -1.0382183641195297e-01 9.3129074573516846e-01 7.2752274572849274e-02 
4.3771287798881531e-01 8.9684790372848511e-01 -6.4081184566020966e-02 4.6837750077247620e-01 
-8.3591783046722412e-01 4.3165487051010132e-01 3.3876881003379822e-01 3.7475306540727615e-02 
0.0000000000000000e+00 0.0000000000000000e+00 0.0000000000000000e+00 1.0000000000000000e+00 
