Research-clockwise-fast/0000.pcd
9.9381345510482788e-01 -1.1106222122907639e-01 0.0000000000000000e+00 0.0000000000000000e+00 
1.1106222122907639e-01 9.9381345510482788e-01 -0.0000000000000000e+00 0.0000000000000000e+00 
0.0000000000000000e+00 0.0000000000000000e+00 1.0000000000000000e+00 0.0000000000000000e+00 
0.0000000000000000e+00 0.0000000000000000e+00 0.0000000000000000e+00 1.0000000000000000e+00 
Research-clockwise-fast/0001.pcd
1.0000065565109253e+00 1.2146055232733488e-03 3.6688712425529957e-03 -2.7992239221930504e-02 
-1.2157371966168284e-03 1.0000123977661133e+00 2.2160695516504347e-04 3.7199337035417557e-02 
-3.6675415467470884e-03 -2.2551350411958992e-04 1.0000076293945312e+00 6.3987255096435547e-02 
0.0000000000000000e+00 0.0000000000000000e+00 0.0000000000000000e+00 1.0000000000000000e+00 
Research-clockwise-fast/0002.pcd
9.9999922513961792e-01 7.0274021709337831e-04 -3.7370386999100447e-03 2.6858866214752197e-02 
-6.9136050296947360e-04 1.0000058412551880e+00 2.4401724804192781e-03 -4.5587364584207535e-02 
3.7386168260127306e-03 -2.4388837628066540e-03 9.9999409914016724e-01 -5.7566650211811066e-02 
0.0000000000000000e+00 0.0000000000000000e+00 0.0000000000000000e+00 1.0000000000000000e+00 
Research-clockwise-fast/0003.pcd
1.0000005960464478e+00 -1.6546863480471075e-04 1.0147201828658581e-03 -7.5219847261905670e-02 
1.6409099043812603e-04 1.0000040531158447e+00 8.3550444105640054e-04 -1.2502141762524843e-03 
-1.0174062335863709e-03 -8.3296047523617744e-04 1.0000082254409790e+00 2.8339419513940811e-02 
0.0000000000000000e+00 0.0000000000000000e+00 0.0000000000000000e+00 1.0000000000000000e+00 
Research-clockwise-fast/0004.pcd
9.9999862909317017e-01 1.5059750694490504e-05 -1.4641582965850830e-03 1.6606885474175215e-03 
-1.6440102626802400e-05 1.0000005960464478e+00 5.4668351367581636e-05 -8.5412568296305835e-05 
1.4624717878177762e-03 -5.4930082114879042e-05 1.0000061988830566e+00 1.3990019215270877e-03 
0.0000000000000000e+00 0.0000000000000000e+00 0.0000000000000000e+00 1.0000000000000000e+00 
Research-clockwise-fast/0005.pcd
1.0000002384185791e+00 1.6783455066615716e-05 -3.2990232057272806e-07 1.5070117078721523e-03 
-1.7300204490311444e-05 9.9999976158142090e-01 2.9288863515830599e-05 4.3838110286742449e-05 
5.4913664371269988e-07 -2.6739184249890968e-05 9.9999797344207764e-01 -2.0655425032600760e-06 
0.0000000000000000e+00 0.0000000000000000e+00 0.0000000000000000e+00 1.0000000000000000e+00 
Research-clockwise-fast/0006.pcd
9.9999713897705078e-01 2.8687091544270515e-03 2.3737638257443905e-03 -2.7222713455557823e-02 
-2.8749520424753428e-03 9.9999779462814331e-01 3.3752305898815393e-03 2.9851593077182770e-02 
-2.3663174360990524e-03 -3.3813870977610350e-03 9.9999970197677612e-01 5.8876827359199524e-02 
0.0000000000000000e+00 0.0000000000000000e+00 0.0000000000000000e+00 1.0000000000000000e+00 
Research-clockwise-fast/0007.pcd
9.9999737739562988e-01 -1.4206091873347759e-03 -3.9372947067022324e-03 4.8498641699552536e-02 
1.4242698671296239e-03 1.0000078678131104e+00 5.4037285735830665e-04 -5.7695113122463226e-02 
3.9303996600210667e-03 -5.4202741011977196e-04 9.9999976158142090e-01 -7.1854904294013977e-02 
0.0000000000000000e+00 0.0000000000000000e+00 0.0000000000000000e+00 1.0000000000000000e+00 
Research-clockwise-fast/0008.pcd
1.0000040531158447e+00 -1.2801467164536007e-05 2.5629868105170317e-05 -8.3101261407136917e-04 
1.3085522368783131e-05 1.0000087022781372e+00 -2.0025085177621804e-05 -1.1070575419580564e-04 
-2.5140374418697320e-05 2.1773499611299485e-05 1.0000034570693970e+00 9.5913402037695050e-04 
0.0000000000000000e+00 0.0000000000000000e+00 0.0000000000000000e+00 1.0000000000000000e+00 
Research-clockwise-fast/0009.pcd
1.0000109672546387e+00 6.2265002634376287e-04 2.4274021852761507e-03 -7.9928524792194366e-02 
-6.2616885406896472e-04 1.0000054836273193e+00 -2.5367224588990211e-04 3.0479464679956436e-02 
-2.4266620166599751e-03 2.5834250845946372e-04 1.0000023841857910e+00 6.0488633811473846e-02 
0.0000000000000000e+00 0.0000000000000000e+00 0.0000000000000000e+00 1.0000000000000000e+00 
Research-clockwise-fast/0010.pcd
1.0000065565109253e+00 1.4342521317303181e-03 9.3851832207292318e-04 -1.0131119936704636e-01 
-1.4336181338876486e-03 1.0000016689300537e+00 -2.2062598727643490e-03 7.1058668196201324e-02 
-9.4226584769785404e-04 2.2089353296905756e-03 1.0000082254409790e+00 4.4293850660324097e-02 
0.0000000000000000e+00 0.0000000000000000e+00 0.0000000000000000e+00 1.0000000000000000e+00 
Research-clockwise-fast/0011.pcd
1.0000048875808716e+00 6.3819100614637136e-04 2.3736495058983564e-03 -8.3101399242877960e-02 
-6.3730461988598108e-04 1.0000094175338745e+00 1.2674089703068603e-05 3.0297715216875076e-02 
-2.3767317179590464e-03 -1.1720941984094679e-05 1.0000127553939819e+00 5.5742856115102768e-02 
0.0000000000000000e+00 0.0000000000000000e+00 0.0000000000000000e+00 1.0000000000000000e+00 
Research-clockwise-fast/0012.pcd
1.0000047683715820e+00 1.5036617405712605e-03 2.2864683996886015e-03 -5.6464713066816330e-02 
-1.5046068001538515e-03 1.0000052452087402e+00 9.7948395705316216e-05 5.6818351149559021e-02 
-2.2868849337100983e-03 -1.0135188495041803e-04 1.0000025033950806e+00 6.3049957156181335e-02 
0.0000000000000000e+00 0.0000000000000000e+00 0.0000000000000000e+00 1.0000000000000000e+00 
Research-clockwise-fast/0013.pcd
1.0000016689300537e+00 3.2481169328093529e-03 -4.5333159505389631e-04 8.7034108582884073e-04 
-3.2497481442987919e-03 1.0000019073486328e+00 1.1353101581335068e-04 1.2218875810503960e-02 
4.5309829874895513e-04 -1.1062156409025192e-04 1.0000110864639282e+00 -2.2043667268007994e-03 
0.0000000000000000e+00 0.0000000000000000e+00 0.0000000000000000e+00 1.0000000000000000e+00 
Research-clockwise-fast/0014.pcd
9.9999946355819702e-01 1.4778003096580505e-03 2.4722639936953783e-03 -6.2856495380401611e-02 
-1.4835007023066282e-03 9.9999260902404785e-01 3.2490468584001064e-05 5.6908033788204193e-02 
-2.4699263740330935e-03 -3.4300635888939723e-05 9.9999761581420898e-01 6.7740283906459808e-02 
0.0000000000000000e+00 0.0000000000000000e+00 0.0000000000000000e+00 1.0000000000000000e+00 
Research-clockwise-fast/0015.pcd
1.0000061988830566e+00 1.8605212972033769e-05 4.7547928261337802e-06 1.3792345998808742e-03 
-1.6888474419829436e-05 1.0000089406967163e+00 3.9646045479457825e-05 5.7690984249347821e-05 
-6.8766644290008117e-06 -3.9859995013102889e-05 1.0000054836273193e+00 -4.0888527291826904e-04 
0.0000000000000000e+00 0.0000000000000000e+00 0.0000000000000000e+00 1.0000000000000000e+00 
Research-clockwise-fast/0016.pcd
9.9999403953552246e-01 1.0589094017632306e-05 -2.6326988518121652e-05 8.0412771785631776e-04 
-8.5069495980860665e-06 1.0000071525573730e+00 9.7538295449339785e-06 1.3977356138639152e-04 
2.2481634005089290e-05 -9.6467310868320055e-06 1.0000027418136597e+00 -7.6460069976747036e-04 
0.0000000000000000e+00 0.0000000000000000e+00 0.0000000000000000e+00 1.0000000000000000e+00 
Research-clockwise-fast/0017.pcd
9.9999922513961792e-01 -4.4301605157670565e-06 -3.1179217621684074e-03 2.1006748080253601e-02 
-4.9024420150090009e-06 9.9999886751174927e-01 -3.0587778892368078e-03 -1.7818083986639977e-02 
3.1174265313893557e-03 3.0586598441004753e-03 9.9999588727951050e-01 -5.9201557189226151e-02 
0.0000000000000000e+00 0.0000000000000000e+00 0.0000000000000000e+00 1.0000000000000000e+00 
Research-clockwise-fast/0018.pcd
1.0000032186508179e+00 -1.9811026286333799e-03 -2.7433896902948618e-03 3.7023752927780151e-02 
1.9812947139143944e-03 1.0000082254409790e+00 -6.1989936511963606e-04 -5.7205677032470703e-02 
2.7490828651934862e-03 6.1243458185344934e-04 9.9999815225601196e-01 -8.0100402235984802e-02 
0.0000000000000000e+00 0.0000000000000000e+00 0.0000000000000000e+00 1.0000000000000000e+00 
Research-clockwise-fast/0019.pcd
1.0000026226043701e+00 -1.0340198641642928e-03 -2.0495681092143059e-03 2.8644509613513947e-02 
1.0336249833926558e-03 1.0000073909759521e+00 1.7791619757190347e-04 -3.7386458367109299e-02 
2.0500249229371548e-03 -1.7981506243813783e-04 1.0000014305114746e+00 -6.6367477178573608e-02 
0.0000000000000000e+00 0.0000000000000000e+00 0.0000000000000000e+00 1.0000000000000000e+00 
Research-clockwise-fast/0020.pcd
1.0000151395797729e+00 6.2979594804346561e-04 1.1110047344118357e-03 -1.2410210445523262e-02 
-6.3208583742380142e-04 1.0000097751617432e+00 4.1697050619404763e-05 2.1915789693593979e-02 
-1.1078043607994914e-03 -3.7875317502766848e-05 1.0000141859054565e+00 3.5900421440601349e-02 
0.0000000000000000e+00 0.0000000000000000e+00 0.0000000000000000e+00 1.0000000000000000e+00 
Research-clockwise-fast/0021.pcd
1.0000029802322388e+00 1.3656129594892263e-03 2.0687158685177565e-03 -6.9537289440631866e-02 
-1.3682505814358592e-03 1.0000017881393433e+00 5.1273911958560348e-04 5.6751113384962082e-02 
-2.0709161181002855e-03 -5.1147880731150508e-04 1.0000060796737671e+00 5.6724771857261658e-02 
0.0000000000000000e+00 0.0000000000000000e+00 0.0000000000000000e+00 1.0000000000000000e+00 
Research-clockwise-fast/0022.pcd
1.0000041723251343e+00 -1.9155454356223345e-03 -2.8996006585657597e-03 4.1054829955101013e-02 
1.9137472845613956e-03 1.0000048875808716e+00 -4.9130758270621300e-04 -5.7074390351772308e-02 
2.9013792518526316e-03 4.8553463420830667e-04 1.0000017881393433e+00 -8.3212129771709442e-02 
0.0000000000000000e+00 0.0000000000000000e+00 0.0000000000000000e+00 1.0000000000000000e+00 
Research-clockwise-fast/0023.pcd
1.0000042915344238e+00 -2.1404451690614223e-03 -3.0325509142130613e-03 4.5099671930074692e-02 
2.1310963202267885e-03 1.0000009536743164e+00 -1.8891510553658009e-03 -5.5214785039424896e-02 
3.0354077462106943e-03 1.8876028480008245e-03 1.0000036954879761e+00 -7.2019726037979126e-02 
0.0000000000000000e+00 0.0000000000000000e+00 0.0000000000000000e+00 1.0000000000000000e+00 
Research-clockwise-fast/0024.pcd
1.0000032186508179e+00 -1.9942123908549547e-03 -2.3854353930801153e-03 3.9065454155206680e-02 
1.9906798843294382e-03 1.0000027418136597e+00 -7.3964416515082121e-04 -5.7140491902828217e-02 
2.3881527595221996e-03 7.3745340341702104e-04 9.9999845027923584e-01 -6.6898889839649200e-02 
0.0000000000000000e+00 0.0000000000000000e+00 0.0000000000000000e+00 1.0000000000000000e+00 
Research-clockwise-fast/0025.pcd
1.0000033378601074e+00 1.2555855792015791e-03 1.4797943877056241e-03 -9.3753440305590630e-03 
-1.2561697512865067e-03 1.0000101327896118e+00 1.8537555297371000e-04 3.9600819349288940e-02 
-1.4769586268812418e-03 -1.8630464910529554e-04 1.0000069141387939e+00 4.6721145510673523e-02 
0.0000000000000000e+00 0.0000000000000000e+00 0.0000000000000000e+00 1.0000000000000000e+00 
Research-clockwise-fast/0026.pcd
1.0000057220458984e+00 -1.0795121779665351e-03 3.2271135132759809e-03 -4.7419644892215729e-02 
1.0729657951742411e-03 1.0000073909759521e+00 1.8200168851763010e-03 4.5530404895544052e-02 
-3.2308094669133425e-03 -1.8156440928578377e-03 9.9999731779098511e-01 4.5357514172792435e-02 
0.0000000000000000e+00 0.0000000000000000e+00 0.0000000000000000e+00 1.0000000000000000e+00 
Research-clockwise-fast/0027.pcd
1.0000047683715820e+00 -1.9612975884228945e-03 -1.7563374713063240e-03 1.6867907717823982e-02 
1.9589662551879883e-03 1.0000029802322388e+00 -6.3585554016754031e-04 -5.8539953082799911e-02 
1.7585083842277527e-03 6.3327606767416000e-04 1.0000076293945312e+00 -5.1764901727437973e-02 
0.0000000000000000e+00 0.0000000000000000e+00 0.0000000000000000e+00 1.0000000000000000e+00 
Research-clockwise-fast/0028.pcd
1.0000091791152954e+00 -1.9967909902334213e-03 -2.3697065189480782e-03 2.8600407764315605e-02 
1.9907476380467415e-03 9.9999886751174927e-01 -6.7377235973253846e-04 -5.7875454425811768e-02 
2.3756632581353188e-03 6.7376322112977505e-04 1.0000032186508179e+00 -6.9664709270000458e-02 
0.0000000000000000e+00 0.0000000000000000e+00 0.0000000000000000e+00 1.0000000000000000e+00 
Research-clockwise-fast/0029.pcd
1.0000103712081909e+00 1.5315298514906317e-04 -6.6342495847493410e-04 2.2496494930237532e-03 
-1.5431149222422391e-04 1.0000039339065552e+00 6.0110574122518301e-04 6.7724345717579126e-04 
6.6534266807138920e-04 -5.9762480668723583e-04 1.0000042915344238e+00 -2.9519639909267426e-02 
0.0000000000000000e+00 0.0000000000000000e+00 0.0000000000000000e+00 1.0000000000000000e+00 
Research-clockwise-fast/0030.pcd
1.0000140666961670e+00 -8.9718570234254003e-04 -1.3945936225354671e-03 8.7475307285785675e-02 
8.9602271327748895e-04 1.0000046491622925e+00 1.1775133898481727e-03 -3.1136445701122284e-02 
1.3935111928731203e-03 -1.1799505446106195e-03 1.0000014305114746e+00 -3.1018631532788277e-02 
0.0000000000000000e+00 0.0000000000000000e+00 0.0000000000000000e+00 1.0000000000000000e+00 
Research-clockwise-fast/0031.pcd
1.0000077486038208e+00 -5.9527583653107285e-04 -2.9273887630552053e-03 1.9687190651893616e-02 
5.6707090698182583e-04 9.9996989965438843e-01 -8.6597474291920662e-03 -5.6906595826148987e-02 
2.9336938168853521e-03 8.6602549999952316e-03 9.9997049570083618e-01 -1.3476277701556683e-02 
0.0000000000000000e+00 0.0000000000000000e+00 0.0000000000000000e+00 1.0000000000000000e+00 
Research-clockwise-fast/0032.pcd
1.0000051259994507e+00 2.4446035968139768e-04 -7.3198904283344746e-04 3.4066827502101660e-03 
-2.4141954781953245e-04 1.0000052452087402e+00 1.4335378073155880e-03 1.6577231872361153e-04 
7.3611986590549350e-04 -1.4380677603185177e-03 9.9999946355819702e-01 -4.4313684105873108e-02 
0.0000000000000000e+00 0.0000000000000000e+00 0.0000000000000000e+00 1.0000000000000000e+00 
Research-clockwise-fast/0033.pcd
1.0000036954879761e+00 1.0925146052613854e-03 2.5018784217536449e-03 -8.8642321527004242e-02 
-1.0947156697511673e-03 1.0000056028366089e+00 -1.7209528596140444e-04 5.9187892824411392e-02 
-2.5030178949236870e-03 1.7421136726625264e-04 1.0000027418136597e+00 6.1731230467557907e-02 
0.0000000000000000e+00 0.0000000000000000e+00 0.0000000000000000e+00 1.0000000000000000e+00 
Research-clockwise-fast/0034.pcd
1.0000143051147461e+00 -1.3004724169149995e-03 -1.7806029645726085e-03 1.4456095173954964e-02 
1.2992485426366329e-03 1.0000115633010864e+00 -4.0340126724913716e-04 -3.8969479501247406e-02 
1.7815347528085113e-03 4.0034725680015981e-04 1.0000073909759521e+00 -5.4313521832227707e-02 
0.0000000000000000e+00 0.0000000000000000e+00 0.0000000000000000e+00 1.0000000000000000e+00 
Research-clockwise-fast/0035.pcd
1.0000129938125610e+00 -1.0908411350101233e-03 -1.9815070554614067e-03 3.1664345413446426e-02 
1.0930649004876614e-03 1.0000195503234863e+00 -4.6128356189001352e-05 -3.5312045365571976e-02 
1.9813650287687778e-03 4.1897772462107241e-05 1.0000039339065552e+00 -5.9290073812007904e-02 
0.0000000000000000e+00 0.0000000000000000e+00 0.0000000000000000e+00 1.0000000000000000e+00 
Research-clockwise-fast/0036.pcd
9.9999094009399414e-01 -2.4687552358955145e-03 -5.3976201452314854e-03 3.2179646193981171e-02 
2.4679689668118954e-03 1.0000040531158447e+00 -3.1410541851073503e-04 -3.3601306378841400e-02 
5.3947512060403824e-03 3.0062848236411810e-04 9.9999463558197021e-01 -5.0081580877304077e-02 
0.0000000000000000e+00 0.0000000000000000e+00 0.0000000000000000e+00 1.0000000000000000e+00 
Research-clockwise-fast/0037.pcd
1.0000014305114746e+00 -2.0087962038815022e-03 -3.8767708465456963e-03 4.5230239629745483e-02 
1.9982708618044853e-03 1.0000035762786865e+00 -2.0822491496801376e-03 -5.6419085711240768e-02 
3.8772828411310911e-03 2.0806211978197098e-03 1.0000046491622925e+00 -6.6775694489479065e-02 
0.0000000000000000e+00 0.0000000000000000e+00 0.0000000000000000e+00 1.0000000000000000e+00 
Research-clockwise-fast/0038.pcd
1.0000092983245850e+00 2.7865980882779695e-05 3.9575052142026834e-06 2.9424433596432209e-03 
-2.9750424801022746e-05 1.0000098943710327e+00 2.9926482966402546e-05 2.0135350496275350e-05 
-4.3773043216788210e-06 -2.7801805117633194e-05 1.0000092983245850e+00 7.2554138023406267e-04 
0.0000000000000000e+00 0.0000000000000000e+00 0.0000000000000000e+00 1.0000000000000000e+00 
Research-clockwise-fast/0039.pcd
1.0000066757202148e+00 3.0564403277821839e-04 -4.6171625144779682e-03 3.4135881811380386e-02 
-3.1675593345426023e-04 1.0000150203704834e+00 -2.5976863689720631e-03 -1.8991945311427116e-02 
4.6174372546374798e-03 2.5985406246036291e-03 9.9999940395355225e-01 -7.0178262889385223e-02 
0.0000000000000000e+00 0.0000000000000000e+00 0.0000000000000000e+00 1.0000000000000000e+00 
Research-clockwise-fast/0040.pcd
1.0000061988830566e+00 2.9730871319770813e-03 1.0502670193091035e-03 -3.6099024116992950e-02 
-2.9741325415670872e-03 1.0000069141387939e+00 2.5584187824279070e-04 1.1560290120542049e-02 
-1.0442215716466308e-03 -2.6244501350447536e-04 1.0000060796737671e+00 2.7527641505002975e-02 
0.0000000000000000e+00 0.0000000000000000e+00 0.0000000000000000e+00 1.0000000000000000e+00 
Research-clockwise-fast/0041.pcd
9.9999457597732544e-01 2.7171915862709284e-03 3.3852776978164911e-03 -4.5716345310211182e-02 
-2.7312745805829763e-03 9.9999517202377319e-01 4.1941571980714798e-03 7.8720301389694214e-02 
-3.3728866837918758e-03 -4.2053237557411194e-03 9.9998962879180908e-01 4.7384127974510193e-02 
0.0000000000000000e+00 0.0000000000000000e+00 0.0000000000000000e+00 1.0000000000000000e+00 
Research-clockwise-fast/0042.pcd
1.0000030994415283e+00 1.8579420866444707e-03 3.6162207834422588e-03 -4.4459324330091476e-02 
-1.8599861068651080e-03 1.0000076293945312e+00 3.4402575693093240e-04 5.7810492813587189e-02 
-3.6154105328023434e-03 -3.4841476008296013e-04 1.0000087022781372e+00 5.6274745613336563e-02 
0.0000000000000000e+00 0.0000000000000000e+00 0.0000000000000000e+00 1.0000000000000000e+00 
Research-clockwise-fast/0043.pcd
1.0000039339065552e+00 1.6870313265826553e-04 -3.5079807275906205e-04 9.6837067976593971e-03 
-1.6804596816655248e-04 1.0000023841857910e+00 2.9828434344381094e-04 8.7697897106409073e-04 
3.4764109295792878e-04 -2.9755732975900173e-04 1.0000076293945312e+00 -1.0001223534345627e-02 
0.0000000000000000e+00 0.0000000000000000e+00 0.0000000000000000e+00 1.0000000000000000e+00 
Research-clockwise-fast/0044.pcd
1.0000003576278687e+00 -1.6895169392228127e-03 -1.6951430588960648e-03 4.0002733469009399e-02 
1.6918551409617066e-03 1.0000066757202148e+00 1.3102422235533595e-03 -3.5723917186260223e-02 
1.6928650438785553e-03 -1.3135554036125541e-03 1.0000057220458984e+00 -4.4294804334640503e-02 
0.0000000000000000e+00 0.0000000000000000e+00 0.0000000000000000e+00 1.0000000000000000e+00 
Research-clockwise-fast/0045.pcd
1.0000077486038208e+00 1.5057923737913370e-03 -2.2520932834595442e-03 2.2125924006104469e-02 
-1.5045941108837724e-03 1.0000051259994507e+00 1.2284232070669532e-03 1.0874427855014801e-01 
2.2540404461324215e-03 -1.2234734604135156e-03 1.0000050067901611e+00 -4.1156928054988384e-03 
0.0000000000000000e+00 0.0000000000000000e+00 0.0000000000000000e+00 1.0000000000000000e+00 
Research-clockwise-fast/0046.pcd
9.9999749660491943e-01 8.2927616313099861e-04 -2.6532955234870315e-04 1.2857606634497643e-02 
-8.2703714724630117e-04 1.0000066757202148e+00 2.6811592397280037e-04 2.4869361892342567e-02 
2.6453580358065665e-04 -2.6872236048802733e-04 1.0000005960464478e+00 -8.0122509971261024e-03 
0.0000000000000000e+00 0.0000000000000000e+00 0.0000000000000000e+00 1.0000000000000000e+00 
Research-clockwise-fast/0047.pcd
9.9998271465301514e-01 4.7688698396086693e-03 -4.2827664874494076e-03 7.0789568126201630e-02 
-4.7681196592748165e-03 9.9999612569808960e-01 -2.3931256146170199e-04 1.3388294726610184e-02 
4.2838579975068569e-03 2.5497894966974854e-04 9.9998921155929565e-01 -2.7100985869765282e-02 
0.0000000000000000e+00 0.0000000000000000e+00 0.0000000000000000e+00 1.0000000000000000e+00 
Research-clockwise-fast/0048.pcd
1.0000011920928955e+00 3.1047218944877386e-03 -2.3739642929285765e-03 2.2672938182950020e-02 
-3.1014140695333481e-03 9.9999767541885376e-01 2.2195884957909584e-03 3.4480016678571701e-02 
2.3794425651431084e-03 -2.2107069380581379e-03 9.9999910593032837e-01 -1.5484228730201721e-02 
0.0000000000000000e+00 0.0000000000000000e+00 0.0000000000000000e+00 1.0000000000000000e+00 
Research-clockwise-fast/0049.pcd
9.9998998641967773e-01 6.9991834461688995e-03 2.2771934163756669e-04 1.8462354317307472e-02 
-7.0002800785005093e-03 9.9998080730438232e-01 1.1633724207058549e-03 4.6945508569478989e-02 
-2.1862339053768665e-04 -1.1668516090139747e-03 1.0000011920928955e+00 -3.6307764239609241e-03 
0.0000000000000000e+00 0.0000000000000000e+00 0.0000000000000000e+00 1.0000000000000000e+00 
Research-clockwise-fast/0050.pcd
9.9996316432952881e-01 1.0402910411357880e-02 4.7019834164530039e-04 8.4625184535980225e-03 
-1.0404788888990879e-02 9.9995297193527222e-01 -2.5023298803716898e-04 1.1314799636602402e-01 
-4.6991676208563149e-04 2.4477191618643701e-04 1.0000048875808716e+00 8.9733656495809555e-03 
0.0000000000000000e+00 0.0000000000000000e+00 0.0000000000000000e+00 1.0000000000000000e+00 
Research-clockwise-fast/0051.pcd
9.9998176097869873e-01 7.4937790632247925e-03 3.1940347980707884e-04 2.7011454105377197e-02 
-7.4944240041077137e-03 9.9998074769973755e-01 1.3703380245715380e-03 4.7155033797025681e-02 
-3.0820706160739064e-04 -1.3737960252910852e-03 1.0000016689300537e+00 -6.8364036269485950e-03 
0.0000000000000000e+00 0.0000000000000000e+00 0.0000000000000000e+00 1.0000000000000000e+00 
Research-clockwise-fast/0052.pcd
9.9996954202651978e-01 9.1290269047021866e-03 1.4229915104806423e-03 2.3844907060265541e-02 
-9.1268029063940048e-03 9.9997097253799438e-01 -1.1399240465834737e-03 8.8262714445590973e-02 
-1.4315420994535089e-03 1.1253730626776814e-03 1.0000002384185791e+00 3.3755744807422161e-03 
0.0000000000000000e+00 0.0000000000000000e+00 0.0000000000000000e+00 1.0000000000000000e+00 
Research-clockwise-fast/0053.pcd
9.9992662668228149e-01 1.2614094652235508e-02 1.5679162461310625e-03 3.1639933586120605e-02 
-1.2611269950866699e-02 9.9991923570632935e-01 -2.3211108054965734e-03 1.0016673058271408e-01 
-1.5978544251993299e-03 2.3003546521067619e-03 9.9999600648880005e-01 1.0564407566562295e-03 
0.0000000000000000e+00 0.0000000000000000e+00 0.0000000000000000e+00 1.0000000000000000e+00 
Research-clockwise-fast/0054.pcd
9.9995595216751099e-01 8.6657358333468437e-03 3.8999076932668686e-03 2.7097202837467194e-02 
-8.6703514680266380e-03 9.9996030330657959e-01 1.0112593881785870e-03 9.1906599700450897e-02 
-3.8927004206925631e-03 -1.0448266984894872e-03 9.9998813867568970e-01 1.9457532092928886e-02 
0.0000000000000000e+00 0.0000000000000000e+00 0.0000000000000000e+00 1.0000000000000000e+00 
Research-clockwise-fast/0055.pcd
9.9997305870056152e-01 8.3987778052687645e-03 1.8791946349665523e-03 4.3427776545286179e-02 
-8.3998190239071846e-03 9.9997442960739136e-01 8.4536900976672769e-04 6.8237699568271637e-02 
-1.8708610441535711e-03 -8.6179678328335285e-04 9.9999791383743286e-01 -9.9466303363442421e-03 
0.0000000000000000e+00 0.0000000000000000e+00 0.0000000000000000e+00 1.0000000000000000e+00 
Research-clockwise-fast/0056.pcd
9.9997276067733765e-01 8.7296804413199425e-03 1.6977860359475017e-03 4.3150462210178375e-02 
-8.7295491248369217e-03 9.9997335672378540e-01 -1.1066556908190250e-05 9.4657383859157562e-02 
-1.6962797380983829e-03 -5.0781454774551094e-06 1.0000030994415283e+00 1.0066279210150242e-03 
0.0000000000000000e+00 0.0000000000000000e+00 0.0000000000000000e+00 1.0000000000000000e+00 
Research-clockwise-fast/0057.pcd
9.9995917081832886e-01 8.6668543517589569e-03 3.7957823369652033e-03 4.5287147164344788e-02 
-8.6533986032009125e-03 9.9995958805084229e-01 -3.5016734618693590e-03 1.0284244269132614e-01 
-3.8272538222372532e-03 3.4687037114053965e-03 9.9999010562896729e-01 1.6860824078321457e-02 
0.0000000000000000e+00 0.0000000000000000e+00 0.0000000000000000e+00 1.0000000000000000e+00 
Research-clockwise-fast/0058.pcd
9.9998575448989868e-01 6.0401041992008686e-03 3.2101911492645741e-03 4.7497767955064774e-02 
-6.0313884168863297e-03 9.9998581409454346e-01 -2.9395041055977345e-03 1.1270119249820709e-01 
-3.2244259491562843e-03 2.9201093129813671e-03 9.9999547004699707e-01 -2.6813994627445936e-03 
0.0000000000000000e+00 0.0000000000000000e+00 0.0000000000000000e+00 1.0000000000000000e+00 
Research-clockwise-fast/0059.pcd
9.9999833106994629e-01 3.6550243385136127e-03 1.4904199633747339e-03 3.0875405296683311e-02 
-3.6547468043863773e-03 9.9999880790710449e-01 -6.9759415055159479e-05 1.1858919262886047e-01 
-1.4899821253493428e-03 6.5280401031486690e-05 1.0000007152557373e+00 1.6926758689805865e-03 
0.0000000000000000e+00 0.0000000000000000e+00 0.0000000000000000e+00 1.0000000000000000e+00 
Research-clockwise-fast/0060.pcd
9.9999785423278809e-01 2.4082560557872057e-03 2.0013244356960058e-03 1.2363123707473278e-02 
-2.4103764444589615e-03 1.0000011920928955e+00 1.2545442441478372e-03 1.2823277711868286e-01 
-1.9989563152194023e-03 -1.2594249565154314e-03 1.0000000000000000e+00 6.0481471009552479e-03 
0.0000000000000000e+00 0.0000000000000000e+00 0.0000000000000000e+00 1.0000000000000000e+00 
Research-clockwise-fast/0061.pcd
1.0000056028366089e+00 3.3891417551785707e-03 -2.3315710132010281e-04 3.6074332892894745e-02 
-3.3904064912348986e-03 9.9999982118606567e-01 -5.7930249022319913e-04 1.2428804486989975e-01 
2.3270722886081785e-04 5.7999184355139732e-04 1.0000033378601074e+00 -1.8378964159637690e-03 
0.0000000000000000e+00 0.0000000000000000e+00 0.0000000000000000e+00 1.0000000000000000e+00 
Research-clockwise-fast/0062.pcd
1.0000096559524536e+00 1.3337221462279558e-03 -8.5886445594951510e-04 2.4416675791144371e-02 
-1.3342980528250337e-03 1.0000101327896118e+00 -1.0351740056648850e-03 1.8637217581272125e-01 
8.5704785306006670e-04 1.0361837921664119e-03 1.0000096559524536e+00 7.3709450662136078e-03 
0.0000000000000000e+00 0.0000000000000000e+00 0.0000000000000000e+00 1.0000000000000000e+00 
Research-clockwise-fast/0063.pcd
1.0000028610229492e+00 -5.2881118608638644e-04 4.0866038762032986e-04 3.5726784262806177e-03 
5.2974931895732880e-04 1.0000085830688477e+00 8.8426994625478983e-04 2.0207498967647552e-01 
-4.1184035944752395e-04 -8.8361476082354784e-04 1.0000014305114746e+00 8.6700161918997765e-03 
0.0000000000000000e+00 0.0000000000000000e+00 0.0000000000000000e+00 1.0000000000000000e+00 
Research-clockwise-fast/0064.pcd
1.0000026226043701e+00 -3.2951021566987038e-03 1.7797178588807583e-03 4.5619891025125980e-03 
3.2863060478121042e-03 9.9998629093170166e-01 4.6560312621295452e-03 2.3700211942195892e-01 
-1.7954133218154311e-03 -4.6501751057803631e-03 9.9999076128005981e-01 1.2823891825973988e-02 
0.0000000000000000e+00 0.0000000000000000e+00 0.0000000000000000e+00 1.0000000000000000e+00 
Research-clockwise-fast/0065.pcd
9.9998450279235840e-01 -5.7157929986715317e-03 3.5231888759881258e-03 -6.3754763687029481e-04 
5.7233385741710663e-03 9.9998658895492554e-01 -2.2674971260130405e-03 2.2282032668590546e-01 
-3.5095496568828821e-03 2.2882353514432907e-03 9.9999231100082397e-01 4.6945591457188129e-03 
0.0000000000000000e+00 0.0000000000000000e+00 0.0000000000000000e+00 1.0000000000000000e+00 
Research-clockwise-fast/0066.pcd
9.9998581409454346e-01 -5.7397144846618176e-03 2.5022793561220169e-03 -1.6496968455612659e-03 
5.7396003976464272e-03 9.9999254941940308e-01 4.7117786016315222e-04 2.2550985217094421e-01 
-2.5058255996555090e-03 -4.5621648314408958e-04 9.9999815225601196e-01 1.3138597831130028e-02 
0.0000000000000000e+00 0.0000000000000000e+00 0.0000000000000000e+00 1.0000000000000000e+00 
Research-clockwise-fast/0067.pcd
9.9996662139892578e-01 -8.9729195460677147e-03 1.9510738784447312e-03 -3.7800087593495846e-03 
8.9549971744418144e-03 9.9992877244949341e-01 9.1782435774803162e-03 2.4862433969974518e-01 
-2.0318934693932533e-03 -9.1598499566316605e-03 9.9995529651641846e-01 -6.8043260835111141e-03 
0.0000000000000000e+00 0.0000000000000000e+00 0.0000000000000000e+00 1.0000000000000000e+00 
Research-clockwise-fast/0068.pcd
9.9998843669891357e-01 -5.8696325868368149e-03 -2.2423719055950642e-03 -6.5705901943147182e-03 
5.8912248350679874e-03 9.9994128942489624e-01 9.6960812807083130e-03 2.8534299135208130e-01 
2.1835113875567913e-03 -9.7093833610415459e-03 9.9995923042297363e-01 -5.0258454866707325e-03 
0.0000000000000000e+00 0.0000000000000000e+00 0.0000000000000000e+00 1.0000000000000000e+00 
Research-clockwise-fast/0069.pcd
9.9994182586669922e-01 -9.2825880274176598e-03 -7.1342200972139835e-03 -1.8237777054309845e-02 
9.2826066538691521e-03 9.9996185302734375e-01 -1.8586000805953518e-05 2.4910415709018707e-01 
7.1338871493935585e-03 -4.7629739128751680e-05 9.9997472763061523e-01 3.3056722022593021e-03 
0.0000000000000000e+00 0.0000000000000000e+00 0.0000000000000000e+00 1.0000000000000000e+00 
Research-clockwise-fast/0070.pcd
9.9992090463638306e-01 -1.1668719351291656e-02 -6.3437083736062050e-03 -8.9299567043781281e-03 
1.1665814556181431e-02 9.9993926286697388e-01 -5.4626422934234142e-04 3.4188696742057800e-01 
6.3485233113169670e-03 4.7241779975593090e-04 9.9998426437377930e-01 -1.8101290334016085e-03 
0.0000000000000000e+00 0.0000000000000000e+00 0.0000000000000000e+00 1.0000000000000000e+00 
Research-clockwise-fast/0071.pcd
9.9996429681777954e-01 -8.9132077991962433e-03 -2.8691035695374012e-03 2.9310346581041813e-03 
8.9509999379515648e-03 9.9987679719924927e-01 1.3456512242555618e-02 2.8539410233497620e-01 
2.7486623730510473e-03 -1.3481852598488331e-02 9.9990856647491455e-01 1.1701803887262940e-03 
0.0000000000000000e+00 0.0000000000000000e+00 0.0000000000000000e+00 1.0000000000000000e+00 
Research-clockwise-fast/0072.pcd
9.9990749359130859e-01 -1.3585772365331650e-02 -3.0832826159894466e-03 -1.3166377320885658e-02 
1.3593975454568863e-02 9.9990630149841309e-01 2.7631490956991911e-03 2.9819005727767944e-01 
3.0454434454441071e-03 -2.8042802587151527e-03 9.9998706579208374e-01 1.8672635778784752e-02 
0.0000000000000000e+00 0.0000000000000000e+00 0.0000000000000000e+00 1.0000000000000000e+00 
Research-clockwise-fast/0073.pcd
9.9993175268173218e-01 -1.2281938455998898e-02 -1.3547007692977786e-03 -3.6637785378843546e-03 
1.2271522544324398e-02 9.9990397691726685e-01 -7.3956339620053768e-03 3.0064278841018677e-01 
1.4449757291004062e-03 7.3781427927315235e-03 9.9997502565383911e-01 2.4722116068005562e-02 
0.0000000000000000e+00 0.0000000000000000e+00 0.0000000000000000e+00 1.0000000000000000e+00 
Research-clockwise-fast/0074.pcd
9.9994683265686035e-01 -1.0854871012270451e-02 8.2918355474248528e-05 -3.6000146064907312e-04 
1.0855124332010746e-02 9.9994379281997681e-01 2.7707384433597326e-03 2.6353052258491516e-01 
-1.1348599218763411e-04 -2.7693514712154865e-03 1.0000021457672119e+00 1.9133707508444786e-02 
0.0000000000000000e+00 0.0000000000000000e+00 0.0000000000000000e+00 1.0000000000000000e+00 
Research-clockwise-fast/0075.pcd
9.9995714426040649e-01 -8.8532641530036926e-03 -4.3034637346863747e-03 -7.9526901245117188e-03 
8.8298944756388664e-03 9.9995350837707520e-01 -5.4708011448383331e-03 3.0812534689903259e-01 
4.3515646830201149e-03 5.4330490529537201e-03 9.9997645616531372e-01 1.0185155086219311e-02 
0.0000000000000000e+00 0.0000000000000000e+00 0.0000000000000000e+00 1.0000000000000000e+00 
Research-clockwise-fast/0076.pcd
9.9992340803146362e-01 -1.1075573973357677e-02 -7.2806379757821560e-03 -1.5438320115208626e-02 
1.0989526286721230e-02 9.9987792968750000e-01 -1.1730333790183067e-02 3.5003903508186340e-01 
7.4102887883782387e-03 1.1648665182292461e-02 9.9990558624267578e-01 2.9837304726243019e-02 
0.0000000000000000e+00 0.0000000000000000e+00 0.0000000000000000e+00 1.0000000000000000e+00 
Research-clockwise-fast/0077.pcd
9.9998110532760620e-01 -7.0017846301198006e-03 -4.7459704801440239e-03 7.6684891246259212e-03 
7.0099015720188618e-03 9.9998939037322998e-01 1.5199265908449888e-03 3.5731986165046692e-01 
4.7356700524687767e-03 -1.5543025219812989e-03 1.0000075101852417e+00 2.2870913147926331e-02 
0.0000000000000000e+00 0.0000000000000000e+00 0.0000000000000000e+00 1.0000000000000000e+00 
Research-clockwise-fast/0078.pcd
9.9997538328170776e-01 -9.2241624370217323e-03 -2.3511787003371865e-04 9.3800462782382965e-03 
9.2233819887042046e-03 9.9996978044509888e-01 -1.5738731017336249e-03 3.2904341816902161e-01 
2.4916784605011344e-04 1.5706199919804931e-03 1.0000085830688477e+00 2.5969553738832474e-02 
0.0000000000000000e+00 0.0000000000000000e+00 0.0000000000000000e+00 1.0000000000000000e+00 
Research-clockwise-fast/0079.pcd
9.9995708465576172e-01 -1.0070257820188999e-02 1.1955705704167485e-03 2.0330669358372688e-03 
1.0086670517921448e-02 9.9985820055007935e-01 -1.4207779429852962e-02 3.5584121942520142e-01 
-1.0521358344703913e-03 1.4218999072909355e-02 9.9990278482437134e-01 2.6146540418267250e-02 
0.0000000000000000e+00 0.0000000000000000e+00 0.0000000000000000e+00 1.0000000000000000e+00 
Research-clockwise-fast/0080.pcd
9.9996280670166016e-01 -9.6145160496234894e-03 1.2858454138040543e-03 6.7454139934852719e-04 
9.6254367381334305e-03 9.9992769956588745e-01 -8.5543263703584671e-03 3.6644497513771057e-01 
-1.2036728439852595e-03 8.5648316890001297e-03 9.9996942281723022e-01 1.1975326575338840e-02 
0.0000000000000000e+00 0.0000000000000000e+00 0.0000000000000000e+00 1.0000000000000000e+00 
Research-clockwise-fast/0081.pcd
9.9997705221176147e-01 -8.1627126783132553e-03 1.6300949500873685e-03 7.4544609524309635e-03 
8.1507507711648941e-03 9.9994957447052002e-01 6.9070388562977314e-03 4.0589570999145508e-01 
-1.6842986224219203e-03 -6.8943905644118786e-03 9.9998050928115845e-01 5.5691460147500038e-03 
0.0000000000000000e+00 0.0000000000000000e+00 0.0000000000000000e+00 1.0000000000000000e+00 
Research-clockwise-fast/0082.pcd
9.9995303153991699e-01 -1.0217256844043732e-02 1.9698035903275013e-03 -1.2581860646605492e-03 
1.0186605155467987e-02 9.9984401464462280e-01 1.5018554404377937e-02 3.7929937243461609e-01 
-2.1234427113085985e-03 -1.4997408725321293e-02 9.9988961219787598e-01 3.0290549620985985e-03 
0.0000000000000000e+00 0.0000000000000000e+00 0.0000000000000000e+00 1.0000000000000000e+00 
Research-clockwise-fast/0083.pcd
9.9994283914566040e-01 -1.1274307034909725e-02 1.1635373084573075e-04 4.3626194819808006e-03 
1.1273469775915146e-02 9.9991494417190552e-01 7.3018264956772327e-03 3.5995328426361084e-01 
-2.0000542281195521e-04 -7.2998781688511372e-03 9.9997997283935547e-01 2.4832678027451038e-03 
0.0000000000000000e+00 0.0000000000000000e+00 0.0000000000000000e+00 1.0000000000000000e+00 
Research-clockwise-fast/0084.pcd
9.9994444847106934e-01 -1.1192101985216141e-02 -3.1921139452606440e-05 -2.4443389847874641e-03 
1.1191981844604015e-02 9.9992346763610840e-01 -6.8949074484407902e-03 3.6905935406684875e-01 
1.0932185978163034e-04 6.8935281597077847e-03 9.9998116493225098e-01 2.1760798990726471e-02 
0.0000000000000000e+00 0.0000000000000000e+00 0.0000000000000000e+00 1.0000000000000000e+00 
Research-clockwise-fast/0085.pcd
9.9995154142379761e-01 -1.0627251118421555e-02 3.1368017662316561e-03 -8.5402606055140495e-03 
1.0615455918014050e-02 9.9994963407516479e-01 3.6981117445975542e-03 3.9861071109771729e-01 
-3.1757235992699862e-03 -3.6660293117165565e-03 9.9999564886093140e-01 2.2247141227126122e-02 
0.0000000000000000e+00 0.0000000000000000e+00 0.0000000000000000e+00 1.0000000000000000e+00 
Research-clockwise-fast/0086.pcd
9.9991786479949951e-01 -1.2847096659243107e-02 2.5031680706888437e-03 1.4288894832134247e-02 
1.2852770276367664e-02 9.9991720914840698e-01 -2.3439745418727398e-03 3.3100724220275879e-01 
-2.4734474718570709e-03 2.3760865442454815e-03 1.0000001192092896e+00 7.4550998397171497e-03 
0.0000000000000000e+00 0.0000000000000000e+00 0.0000000000000000e+00 1.0000000000000000e+00 
Research-clockwise-fast/0087.pcd
1.0000005960464478e+00 -4.9808146432042122e-03 1.9242285052314401e-03 2.1602502092719078e-02 
4.9958135932683945e-03 9.9996215105056763e-01 -8.2997735589742661e-03 4.1682991385459900e-01 
-1.8831052584573627e-03 8.3100367337465286e-03 9.9996894598007202e-01 1.5769571065902710e-02 
0.0000000000000000e+00 0.0000000000000000e+00 0.0000000000000000e+00 1.0000000000000000e+00 
Research-clockwise-fast/0088.pcd
9.9997478723526001e-01 -7.6196887530386448e-03 -4.0278686356032267e-05 1.0851377621293068e-02 
7.6200729236006737e-03 9.9994629621505737e-01 7.8532109037041664e-03 4.3136686086654663e-01 
-1.8887416445068084e-05 -7.8532323241233826e-03 9.9997085332870483e-01 1.1575317941606045e-02 
0.0000000000000000e+00 0.0000000000000000e+00 0.0000000000000000e+00 1.0000000000000000e+00 
Research-clockwise-fast/0089.pcd
9.9999809265136719e-01 -5.4572182707488537e-03 8.3201116649433970e-04 3.3294681459665298e-02 
5.4475581273436546e-03 9.9993461370468140e-01 1.1425925418734550e-02 3.8462898135185242e-01 
-8.9518522145226598e-04 -1.1419544927775860e-02 9.9993991851806641e-01 -1.5152991982176900e-03 
0.0000000000000000e+00 0.0000000000000000e+00 0.0000000000000000e+00 1.0000000000000000e+00 
Research-clockwise-fast/0090.pcd
1.0000132322311401e+00 8.4704579785466194e-04 -3.7761428393423557e-04 3.3722147345542908e-02 
-8.4682501619681716e-04 9.9998897314071655e-01 6.3268742524087429e-03 3.8434329628944397e-01 
3.8409020635299385e-04 -6.3273422420024872e-03 9.9998843669891357e-01 2.8009960078634322e-04 
0.0000000000000000e+00 0.0000000000000000e+00 0.0000000000000000e+00 1.0000000000000000e+00 
Research-clockwise-fast/0091.pcd
9.9994641542434692e-01 -1.0696554556488991e-02 -2.8299333062022924e-03 7.1682012639939785e-03 
1.0683424770832062e-02 9.9994027614593506e-01 -4.6218200586736202e-03 3.2500475645065308e-01 
2.8800128493458033e-03 4.5924959704279900e-03 9.9998730421066284e-01 -6.2102801166474819e-04 
0.0000000000000000e+00 0.0000000000000000e+00 0.0000000000000000e+00 1.0000000000000000e+00 
Research-clockwise-fast/0092.pcd
1.0000096559524536e+00 2.6768984389491379e-04 -1.3118747156113386e-03 2.7607638388872147e-02 
-2.6655578403733671e-04 1.0000087022781372e+00 8.2296197069808841e-04 4.0601319074630737e-01 
1.3140096561983228e-03 -8.2118296995759010e-04 9.9999785423278809e-01 9.8730940371751785e-03 
0.0000000000000000e+00 0.0000000000000000e+00 0.0000000000000000e+00 1.0000000000000000e+00 
Research-clockwise-fast/0093.pcd
1.0000050067901611e+00 -5.3017301252111793e-04 1.4363058144226670e-03 3.8167539983987808e-02 
5.1823031390085816e-04 9.9997174739837646e-01 8.2318782806396484e-03 4.1025331616401672e-01 
-1.4410690637305379e-03 -8.2298554480075836e-03 9.9996727705001831e-01 -5.5864441674202681e-04 
0.0000000000000000e+00 0.0000000000000000e+00 0.0000000000000000e+00 1.0000000000000000e+00 
Research-clockwise-fast/0094.pcd
9.9997270107269287e-01 -9.4482544809579849e-03 8.4577524103224277e-04 4.1655297391116619e-03 
9.4484696164727211e-03 9.9996262788772583e-01 -1.7387914704158902e-03 2.8897783160209656e-01 
-8.2821067189797759e-04 1.7459216760471463e-03 1.0000047683715820e+00 1.3721774332225323e-02 
0.0000000000000000e+00 0.0000000000000000e+00 0.0000000000000000e+00 1.0000000000000000e+00 
Research-clockwise-fast/0095.pcd
1.0000109672546387e+00 -2.1096816635690629e-04 9.7410765010863543e-04 3.3651538193225861e-02 
2.1396949887275696e-04 9.9999606609344482e-01 -4.3794889934360981e-03 4.1526374220848083e-01 
-9.7298453329131007e-04 4.3786349706351757e-03 9.9999845027923584e-01 2.7504123747348785e-02 
0.0000000000000000e+00 0.0000000000000000e+00 0.0000000000000000e+00 1.0000000000000000e+00 
Research-clockwise-fast/0096.pcd
1.0000048875808716e+00 -1.4663357287645340e-03 3.5790950059890747e-03 3.4049134701490402e-02 
1.4276114525273442e-03 9.9994975328445435e-01 1.0444441810250282e-02 4.0820333361625671e-01 
-3.5927183926105499e-03 -1.0439322330057621e-02 9.9994474649429321e-01 -5.2952067926526070e-03 
0.0000000000000000e+00 0.0000000000000000e+00 0.0000000000000000e+00 1.0000000000000000e+00 
Research-clockwise-fast/0097.pcd
9.9999654293060303e-01 -5.9152892790734768e-03 -7.6617283048108220e-04 1.7853701487183571e-02 
5.9141814708709717e-03 9.9998223781585693e-01 2.9219593852758408e-03 3.1121197342872620e-01 
7.5173366349190474e-04 -2.9276951681822538e-03 1.0000034570693970e+00 -3.4509594552218914e-03 
