Research-clockwise/0000.pcd
8.9113336801528931e-01 -4.5374146103858948e-01 0.0000000000000000e+00 0.0000000000000000e+00 
4.5374146103858948e-01 8.9113336801528931e-01 -0.0000000000000000e+00 0.0000000000000000e+00 
0.0000000000000000e+00 0.0000000000000000e+00 1.0000000000000000e+00 0.0000000000000000e+00 
0.0000000000000000e+00 0.0000000000000000e+00 0.0000000000000000e+00 1.0000000000000000e+00 
Research-clockwise/0001.pcd
9.9999082088470459e-01 -1.7148364568129182e-03 -3.1290994957089424e-03 1.2067004106938839e-02 
1.7188243800774217e-03 1.0000053644180298e+00 3.2570588518865407e-04 -6.1970531940460205e-02 
3.1218768563121557e-03 -3.2605737214908004e-04 1.0000059604644775e+00 -5.3056377917528152e-02 
0.0000000000000000e+00 0.0000000000000000e+00 0.0000000000000000e+00 1.0000000000000000e+00 
Research-clockwise/0002.pcd
9.9998748302459717e-01 8.1654265522956848e-04 2.4533926043659449e-03 -8.0156154930591583e-02 
-8.1577640958130360e-04 9.9999839067459106e-01 1.0344487236579880e-04 3.3131282776594162e-02 
-2.1635254379361868e-03 -1.0087677947012708e-04 1.0000033378601074e+00 5.1282193511724472e-02 
0.0000000000000000e+00 0.0000000000000000e+00 0.0000000000000000e+00 1.0000000000000000e+00 
Research-clockwise/0003.pcd
1.0000017881393433e+00 3.8357681478373706e-04 3.9696306921541691e-03 -1.0368505865335464e-01 
-3.7640947266481817e-04 1.0000046491622925e+00 -2.7041912544518709e-03 4.1797880083322525e-02 
-2.4318741634488106e-03 2.6994342915713787e-03 1.0000071525573730e+00 3.5867966711521149e-02 
0.0000000000000000e+00 0.0000000000000000e+00 0.0000000000000000e+00 1.0000000000000000e+00 
Research-clockwise/0004.pcd
1.0000338554382324e+00 -7.3780620004981756e-04 -1.9785012118518353e-03 7.8345835208892822e-03 
7.2958244709298015e-04 1.0000079870223999e+00 -9.6314295660704374e-05 -2.2955346852540970e-02 
1.1195410043001175e-03 1.0248280887026340e-04 1.0000164508819580e+00 -3.8196600973606110e-02 
0.0000000000000000e+00 0.0000000000000000e+00 0.0000000000000000e+00 1.0000000000000000e+00 
Research-clockwise/0005.pcd
1.0000200271606445e+00 1.2924079783260822e-03 1.5817052917554975e-03 -1.3430864550173283e-02 
-1.2950914679095149e-03 1.0000085830688477e+00 2.1787516016047448e-04 4.0321305394172668e-02 
-1.5773484483361244e-03 -2.2034483845345676e-04 1.0000183582305908e+00 4.8881877213716507e-02 
0.0000000000000000e+00 0.0000000000000000e+00 0.0000000000000000e+00 1.0000000000000000e+00 
Research-clockwise/0006.pcd
1.0000252723693848e+00 9.3008403200656176e-04 1.7535991501063108e-03 -7.5770698487758636e-02 
-9.3670678324997425e-04 1.0000146627426147e+00 4.0929074748419225e-04 3.2720476388931274e-02 
-1.7549404874444008e-03 -4.0569365955889225e-04 1.0000159740447998e+00 3.1144423410296440e-02 
0.0000000000000000e+00 0.0000000000000000e+00 0.0000000000000000e+00 1.0000000000000000e+00 
Research-clockwise/0007.pcd
1.0000126361846924e+00 -6.9290533429011703e-04 -7.9579564044252038e-04 2.9643075540661812e-03 
6.9653434911742806e-04 1.0000324249267578e+00 7.4674040661193430e-05 -2.4076389148831367e-02 
7.9783925320953131e-04 -7.7518583566416055e-05 1.0000116825103760e+00 -2.7884544804692268e-02 
0.0000000000000000e+00 0.0000000000000000e+00 0.0000000000000000e+00 1.0000000000000000e+00 
Research-clockwise/0008.pcd
1.0000169277191162e+00 -2.7150515506946249e-06 6.8398244911804795e-04 -2.2508187685161829e-03 
-3.3662342957541114e-06 1.0000054836273193e+00 -7.1134476456791162e-05 1.6349776706192642e-04 
7.4195668275933713e-05 8.5988707724027336e-05 1.0000120401382446e+00 3.8821241469122469e-04 
0.0000000000000000e+00 0.0000000000000000e+00 0.0000000000000000e+00 1.0000000000000000e+00 
Research-clockwise/0009.pcd
1.0000090599060059e+00 -7.7908876119181514e-04 -1.3728347839787602e-03 3.6677969619631767e-03 
7.7120307832956314e-04 1.0000021457672119e+00 -3.2801571069285274e-04 -2.2065114229917526e-02 
1.7840312793850899e-03 3.3296365290880203e-04 1.0000004768371582e+00 -5.7463757693767548e-02 
0.0000000000000000e+00 0.0000000000000000e+00 0.0000000000000000e+00 1.0000000000000000e+00 
Research-clockwise/0010.pcd
1.0000088214874268e+00 -6.8833674049528781e-06 4.7296882257796824e-05 -2.7721637161448598e-04 
5.4136903600010555e-06 1.0000160932540894e+00 -8.1264661275781691e-06 -9.9027485703118145e-05 
-1.8598622773424722e-05 -1.4524080143019091e-06 1.0000051259994507e+00 7.6317269122228026e-04 
0.0000000000000000e+00 0.0000000000000000e+00 0.0000000000000000e+00 1.0000000000000000e+00 
Research-clockwise/0011.pcd
9.9999576807022095e-01 -6.5693042415659875e-05 7.0427823811769485e-04 -1.9579720683395863e-03 
6.6343927755951881e-05 1.0000075101852417e+00 -1.5913067909423262e-04 -1.2725490378215909e-03 
-5.5235612671822309e-04 1.6456707089673728e-04 1.0000048875808716e+00 2.1165393292903900e-02 
0.0000000000000000e+00 0.0000000000000000e+00 0.0000000000000000e+00 1.0000000000000000e+00 
Research-clockwise/0012.pcd
1.0000277757644653e+00 7.2691758396103978e-04 2.8228822629898787e-03 -1.3019770383834839e-02 
-7.3328509461134672e-04 1.0000034570693970e+00 3.5214674426242709e-04 2.1922085434198380e-02 
-1.1899184901267290e-03 -3.5833404399454594e-04 1.0000060796737671e+00 3.8596391677856445e-02 
0.0000000000000000e+00 0.0000000000000000e+00 0.0000000000000000e+00 1.0000000000000000e+00 
Research-clockwise/0013.pcd
1.0000174045562744e+00 5.1958748372271657e-04 3.5549025051295757e-03 -9.4152107834815979e-02 
-5.1570584764704108e-04 1.0000343322753906e+00 -7.1067654062062502e-04 3.5010963678359985e-02 
-1.6755113610997796e-03 7.0311850868165493e-04 1.0000252723693848e+00 4.0111258625984192e-02 
0.0000000000000000e+00 0.0000000000000000e+00 0.0000000000000000e+00 1.0000000000000000e+00 
Research-clockwise/0014.pcd
9.9999815225601196e-01 1.3409023813437670e-04 2.2040652111172676e-03 -8.3372168242931366e-02 
-1.3407391088549048e-04 9.9999099969863892e-01 -1.3473464641720057e-03 3.5449419170618057e-02 
-2.2023073397576809e-03 1.3477201573550701e-03 9.9998348951339722e-01 5.7057809084653854e-02 
0.0000000000000000e+00 0.0000000000000000e+00 0.0000000000000000e+00 1.0000000000000000e+00 
Research-clockwise/0015.pcd
1.0000077486038208e+00 1.1286571389064193e-03 2.4609980173408985e-03 -8.5241526365280151e-02 
-1.1293195420876145e-03 1.0000092983245850e+00 1.9231099577154964e-04 5.9973988682031631e-02 
-2.4544289335608482e-03 -1.9883937784470618e-04 1.0000025033950806e+00 5.1161821931600571e-02 
0.0000000000000000e+00 0.0000000000000000e+00 0.0000000000000000e+00 1.0000000000000000e+00 
Research-clockwise/0016.pcd
9.9999612569808960e-01 2.0187080735922791e-05 2.3155875969678164e-03 -9.0705119073390961e-02 
-1.8499013094697148e-05 9.9999731779098511e-01 -1.7604322638362646e-03 3.7045996636152267e-02 
-2.3183417506515980e-03 1.7652498790994287e-03 9.9999785423278809e-01 6.7057125270366669e-02 
0.0000000000000000e+00 0.0000000000000000e+00 0.0000000000000000e+00 1.0000000000000000e+00 
Research-clockwise/0017.pcd
9.9998682737350464e-01 -1.3920739293098450e-03 -2.3117449600249529e-03 1.3264062814414501e-02 
1.3843717752024531e-03 9.9999010562896729e-01 -5.4437469225376844e-04 -3.9762083441019058e-02 
2.3163694422692060e-03 5.4585648467764258e-04 1.0000005960464478e+00 -7.1122772991657257e-02 
0.0000000000000000e+00 0.0000000000000000e+00 0.0000000000000000e+00 1.0000000000000000e+00 
Research-clockwise/0018.pcd
1.0000157356262207e+00 1.3695485540665686e-04 2.5123386876657605e-04 -2.1453165390994400e-04 
-1.3392555410973728e-04 1.0000143051147461e+00 2.3110794427338988e-04 1.7756905872374773e-03 
9.3226431636139750e-04 -2.3466501443181187e-04 1.0000017881393433e+00 -3.0911020934581757e-02 
0.0000000000000000e+00 0.0000000000000000e+00 0.0000000000000000e+00 1.0000000000000000e+00 
Research-clockwise/0019.pcd
1.0000061988830566e+00 1.4511824701912701e-06 1.9606896967161447e-04 -8.1245257752016187e-04 
2.8296801701799268e-07 1.0000040531158447e+00 -1.6745345419622026e-05 2.3983206119737588e-05 
2.0387657059472986e-05 1.1920138604182284e-05 9.9999761581420898e-01 6.8043671490158886e-05 
0.0000000000000000e+00 0.0000000000000000e+00 0.0000000000000000e+00 1.0000000000000000e+00 
Research-clockwise/0020.pcd
1.0000035762786865e+00 1.2660345528274775e-03 9.4026938313618302e-04 -8.3621330559253693e-03 
-1.2694146716967225e-03 1.0000023841857910e+00 7.2135568188969046e-05 4.0780201554298401e-02 
-9.3952356837689877e-04 -7.1516886237077415e-05 1.0000098943710327e+00 2.8931077569723129e-02 
0.0000000000000000e+00 0.0000000000000000e+00 0.0000000000000000e+00 1.0000000000000000e+00 
Research-clockwise/0021.pcd
1.0000032186508179e+00 -2.3640932340640575e-05 4.6674313489347696e-04 -2.6660703588277102e-03 
2.7691799914464355e-05 1.0000085830688477e+00 -8.2612416008487344e-05 -1.6169979062397033e-04 
-5.4053019994171336e-05 9.1265064838808030e-05 1.0000185966491699e+00 2.8107995167374611e-03 
0.0000000000000000e+00 0.0000000000000000e+00 0.0000000000000000e+00 1.0000000000000000e+00 
Research-clockwise/0022.pcd
1.0000228881835938e+00 2.4300473160110414e-04 2.6756688021123409e-03 -1.0623742826282978e-02 
-2.3409401183016598e-04 1.0000081062316895e+00 -3.5648308694362640e-03 -4.3619524687528610e-02 
-2.6792311109602451e-03 3.5652029328048229e-03 1.0000011920928955e+00 1.3481105677783489e-02 
0.0000000000000000e+00 0.0000000000000000e+00 0.0000000000000000e+00 1.0000000000000000e+00 
Research-clockwise/0023.pcd
1.0000008344650269e+00 3.3427465241402388e-03 4.0203747630584985e-05 1.4604429015889764e-03 
-3.3360945526510477e-03 1.0000123977661133e+00 9.3037189799360931e-05 1.2440164573490620e-02 
1.4991236384958029e-03 -8.8819811935536563e-05 1.0000176429748535e+00 -5.3408155217766762e-03 
0.0000000000000000e+00 0.0000000000000000e+00 0.0000000000000000e+00 1.0000000000000000e+00 
Research-clockwise/0024.pcd
1.0000197887420654e+00 -1.2678632047027349e-03 -2.5364910252392292e-03 5.1363939419388771e-03 
1.2507351348176599e-03 9.9999058246612549e-01 -2.8265956789255142e-03 -1.4606885612010956e-02 
2.5492983404546976e-03 2.8296473901718855e-03 1.0000096559524536e+00 -6.2634542584419250e-02 
0.0000000000000000e+00 0.0000000000000000e+00 0.0000000000000000e+00 1.0000000000000000e+00 
Research-clockwise/0025.pcd
1.0000251531600952e+00 7.9991377788246609e-06 4.2301116627641022e-04 -1.0639190440997481e-03 
-1.0538849892327562e-05 1.0000187158584595e+00 -3.0141160095809028e-05 1.2464325118344277e-04 
6.2698483816348016e-05 2.8493912395788357e-05 1.0000156164169312e+00 -1.7961031699087471e-04 
0.0000000000000000e+00 0.0000000000000000e+00 0.0000000000000000e+00 1.0000000000000000e+00 
Research-clockwise/0026.pcd
1.0000017881393433e+00 -7.8078184742480516e-04 -2.1869884803891182e-03 7.3556220158934593e-03 
7.7673594933003187e-04 9.9999314546585083e-01 -5.5291817989200354e-04 -2.1632526069879532e-02 
1.6278310213238001e-03 5.5554625578224659e-04 9.9999672174453735e-01 -5.1322888582944870e-02 
0.0000000000000000e+00 0.0000000000000000e+00 0.0000000000000000e+00 1.0000000000000000e+00 
Research-clockwise/0027.pcd
1.0000072717666626e+00 2.1395864314399660e-04 -5.8378477115184069e-04 1.5001893043518066e-03 
-1.9894621800631285e-04 1.0000088214874268e+00 3.0849946197122335e-03 7.8632881923113018e-05 
4.4462420046329498e-03 -3.0707053374499083e-03 1.0000060796737671e+00 -8.7667740881443024e-02 
0.0000000000000000e+00 0.0000000000000000e+00 0.0000000000000000e+00 1.0000000000000000e+00 
Research-clockwise/0028.pcd
1.0000060796737671e+00 1.8737446225713938e-04 2.2361362352967262e-03 -4.6062227338552475e-03 
-1.8372663180343807e-04 1.0000113248825073e+00 1.2682868400588632e-03 2.8271562769077718e-04 
1.4660751912742853e-03 -1.2693896424025297e-03 1.0000007152557373e+00 -4.0166608989238739e-02 
0.0000000000000000e+00 0.0000000000000000e+00 0.0000000000000000e+00 1.0000000000000000e+00 
Research-clockwise/0029.pcd
1.0000009536743164e+00 -1.7139779811259359e-04 1.2556611327454448e-03 -5.1822673529386520e-02 
1.7153051157947630e-04 1.0000030994415283e+00 5.0704234126897063e-06 -1.9316619727760553e-04 
-1.7836366314440966e-03 -4.3456639104988426e-06 1.0000027418136597e+00 4.7256767749786377e-02 
0.0000000000000000e+00 0.0000000000000000e+00 0.0000000000000000e+00 1.0000000000000000e+00 
Research-clockwise/0030.pcd
1.0000094175338745e+00 -2.7973721735179424e-03 -4.7736084088683128e-03 2.6594351977109909e-02 
2.7845711447298527e-03 9.9999397993087769e-01 -6.7495903931558132e-04 -3.3372823148965836e-02 
4.3832738883793354e-03 6.7766662687063217e-04 1.0000095367431641e+00 -5.1105238497257233e-02 
0.0000000000000000e+00 0.0000000000000000e+00 0.0000000000000000e+00 1.0000000000000000e+00 
Research-clockwise/0031.pcd
1.0000125169754028e+00 1.7505034338682890e-04 -7.1145774563774467e-04 1.8778180237859488e-03 
-1.7633927927818149e-04 1.0000075101852417e+00 6.6232355311512947e-04 6.9400464417412877e-04 
7.1395916165784001e-04 -6.6117290407419205e-04 1.0000032186508179e+00 -3.1067369505763054e-02 
0.0000000000000000e+00 0.0000000000000000e+00 0.0000000000000000e+00 1.0000000000000000e+00 
Research-clockwise/0032.pcd
1.0000021457672119e+00 -9.9227290775161237e-05 2.4258265329990536e-04 1.4269465464167297e-04 
1.0640104301273823e-04 1.0000069141387939e+00 -1.6906212549656630e-03 -5.6222878629341722e-04 
-3.9856135845184326e-03 1.6884143697097898e-03 1.0000054836273193e+00 4.1699919849634171e-02 
0.0000000000000000e+00 0.0000000000000000e+00 0.0000000000000000e+00 1.0000000000000000e+00 
Research-clockwise/0033.pcd
9.9998879432678223e-01 4.8664538189768791e-03 5.7910983450710773e-03 -3.8488823920488358e-02 
-4.8551815561950207e-03 1.0000027418136597e+00 -2.4310967419296503e-03 5.1377184689044952e-02 
-5.7958210818469524e-03 2.4070234503597021e-03 9.9998688697814941e-01 5.3971167653799057e-02 
0.0000000000000000e+00 0.0000000000000000e+00 0.0000000000000000e+00 1.0000000000000000e+00 
Research-clockwise/0034.pcd
1.0000082254409790e+00 -7.0286169648170471e-04 -2.1760833915323019e-03 7.2088553570210934e-03 
7.0186826633289456e-04 1.0000245571136475e+00 -2.6771451812237501e-03 -1.6620038077235222e-02 
2.1683208178728819e-03 2.6729779783636332e-03 9.9999821186065674e-01 -6.3223548233509064e-02 
0.0000000000000000e+00 0.0000000000000000e+00 0.0000000000000000e+00 1.0000000000000000e+00 
Research-clockwise/0035.pcd
1.0000058412551880e+00 -6.7307252902537584e-04 -3.4709693863987923e-03 1.8750378862023354e-02 
6.6151382634416223e-04 1.0000064373016357e+00 -3.2202100846916437e-03 -1.4964034780859947e-02 
3.4702948760241270e-03 3.2190657220780849e-03 1.0000008344650269e+00 -5.5969987064599991e-02 
0.0000000000000000e+00 0.0000000000000000e+00 0.0000000000000000e+00 1.0000000000000000e+00 
Research-clockwise/0036.pcd
1.0000005960464478e+00 -6.0359681810950860e-05 1.2938703875988722e-03 -7.8096464276313782e-02 
6.1662889493163675e-05 9.9998468160629272e-01 -2.8226615395396948e-03 6.4305067062377930e-02 
-1.2900850269943476e-03 2.8307863976806402e-03 1.0000070333480835e+00 4.4831447303295135e-02 
0.0000000000000000e+00 0.0000000000000000e+00 0.0000000000000000e+00 1.0000000000000000e+00 
Research-clockwise/0037.pcd
1.0000071525573730e+00 5.9676053933799267e-04 3.4894272685050964e-03 -1.0289028286933899e-02 
-6.2950572464615107e-04 1.0000077486038208e+00 6.8092597648501396e-03 3.4445777535438538e-02 
-5.1006437279284000e-03 -6.8141338415443897e-03 9.9998426437377930e-01 4.8893250524997711e-02 
0.0000000000000000e+00 0.0000000000000000e+00 0.0000000000000000e+00 1.0000000000000000e+00 
Research-clockwise/0038.pcd
1.0000183582305908e+00 -2.2695544175803661e-03 -2.4577644653618336e-03 1.4529459876939654e-03 
2.2576958872377872e-03 1.0000096559524536e+00 -3.1900240574032068e-03 -1.1828501708805561e-02 
2.4634886067360640e-03 3.1894617713987827e-03 1.0000226497650146e+00 -4.3311897665262222e-02 
0.0000000000000000e+00 0.0000000000000000e+00 0.0000000000000000e+00 1.0000000000000000e+00 
Research-clockwise/0039.pcd
1.0000083446502686e+00 -3.7357331166276708e-05 2.5465185171924531e-04 4.1566081927157938e-04 
2.4536844648537226e-05 9.9999183416366577e-01 -1.1052178160753101e-04 -2.3474442423321307e-04 
-2.4839938851073384e-04 1.1720370821421966e-04 1.0000091791152954e+00 7.1721877902746201e-03 
0.0000000000000000e+00 0.0000000000000000e+00 0.0000000000000000e+00 1.0000000000000000e+00 
Research-clockwise/0040.pcd
1.0000002384185791e+00 2.7350226882845163e-03 4.0173763409256935e-03 -2.2853417322039604e-02 
-2.7343258261680603e-03 1.0000209808349609e+00 7.7361031435430050e-04 3.3827945590019226e-02 
-4.0238071233034134e-03 -7.7929638791829348e-04 1.0000067949295044e+00 3.7622176110744476e-02 
0.0000000000000000e+00 0.0000000000000000e+00 0.0000000000000000e+00 1.0000000000000000e+00 
Research-clockwise/0041.pcd
1.0000233650207520e+00 1.2466934276744723e-03 7.4912828858941793e-04 -7.8529966995120049e-03 
-1.2611158890649676e-03 1.0000028610229492e+00 2.6654324756236747e-05 4.1239690035581589e-02 
-7.4516521999612451e-04 -1.0849903446796816e-05 1.0000095367431641e+00 2.2924019023776054e-02 
0.0000000000000000e+00 0.0000000000000000e+00 0.0000000000000000e+00 1.0000000000000000e+00 
Research-clockwise/0042.pcd
9.9997317790985107e-01 -3.5436609759926796e-03 -8.3143200026825070e-04 1.3936328468844295e-04 
3.5412984434515238e-03 1.0000004768371582e+00 -3.4671477624215186e-04 -1.2331488542258739e-02 
7.7131600119173527e-03 3.3919938141480088e-04 1.0000244379043579e+00 -2.5806160643696785e-02 
0.0000000000000000e+00 0.0000000000000000e+00 0.0000000000000000e+00 1.0000000000000000e+00 
Research-clockwise/0043.pcd
1.0000138282775879e+00 2.0980045665055513e-03 3.2192454673349857e-03 -5.4986556060612202e-03 
-2.1026283502578735e-03 1.0000081062316895e+00 6.2366860220208764e-04 6.0820560902357101e-02 
-3.2119832467287779e-03 -6.2305940082296729e-04 1.0000122785568237e+00 4.8771172761917114e-02 
0.0000000000000000e+00 0.0000000000000000e+00 0.0000000000000000e+00 1.0000000000000000e+00 
Research-clockwise/0044.pcd
1.0000051259994507e+00 -8.7654608068987727e-04 2.1036600228399038e-03 3.7006414495408535e-03 
8.9321826817467809e-04 1.0000028610229492e+00 4.9524484202265739e-03 4.5966822654008865e-02 
2.8244296554476023e-03 -4.9490984529256821e-03 9.9998468160629272e-01 -6.1702948063611984e-02 
0.0000000000000000e+00 0.0000000000000000e+00 0.0000000000000000e+00 1.0000000000000000e+00 
Research-clockwise/0045.pcd
9.9999761581420898e-01 -3.9769196882843971e-03 -7.2820098139345646e-03 2.6628548279404640e-02 
3.9680367335677147e-03 1.0000098943710327e+00 -1.3175889616832137e-03 -1.1694702506065369e-01 
6.1542303301393986e-03 1.2879151618108153e-03 9.9998944997787476e-01 -1.8834379315376282e-01 
0.0000000000000000e+00 0.0000000000000000e+00 0.0000000000000000e+00 1.0000000000000000e+00 
Research-clockwise/0046.pcd
1.0000088214874268e+00 5.1312777213752270e-04 -7.4573827441781759e-04 1.0712292976677418e-02 
-5.1150942454114556e-04 1.0000143051147461e+00 1.3515783393813763e-05 1.9803049508482218e-04 
7.4900267645716667e-04 -1.7356302123516798e-05 1.0000009536743164e+00 -4.5063607394695282e-03 
0.0000000000000000e+00 0.0000000000000000e+00 0.0000000000000000e+00 1.0000000000000000e+00 
Research-clockwise/0047.pcd
1.0000081062316895e+00 2.9235689435154200e-03 1.3672945788130164e-03 -2.0297318696975708e-03 
-2.9253209941089153e-03 1.0000041723251343e+00 6.1437720432877541e-04 8.4810622036457062e-02 
-1.3627916341647506e-03 -6.1895704129710793e-04 1.0000042915344238e+00 4.1719675064086914e-02 
0.0000000000000000e+00 0.0000000000000000e+00 0.0000000000000000e+00 1.0000000000000000e+00 
Research-clockwise/0048.pcd
1.0000203847885132e+00 5.2486336790025234e-03 3.0851203482598066e-03 -8.7494738399982452e-03 
-5.2396534010767937e-03 9.9999624490737915e-01 -4.1318726725876331e-03 1.0852963477373123e-01 
-3.1085168011486530e-03 4.1162944398820400e-03 1.0000053644180298e+00 2.8486751019954681e-02 
0.0000000000000000e+00 0.0000000000000000e+00 0.0000000000000000e+00 1.0000000000000000e+00 
Research-clockwise/0049.pcd
1.0000016689300537e+00 -1.7056959914043546e-03 -2.6220560539513826e-03 2.2955397143959999e-02 
1.7276827711611986e-03 9.9997276067733765e-01 7.0744911208748817e-03 4.7314383089542389e-02 
3.4969951957464218e-03 -7.0762438699603081e-03 9.9998188018798828e-01 -3.9551321417093277e-02 
0.0000000000000000e+00 0.0000000000000000e+00 0.0000000000000000e+00 1.0000000000000000e+00 
Research-clockwise/0050.pcd
9.9998605251312256e-01 7.1532935835421085e-03 6.8976049078628421e-04 2.6475258171558380e-02 
-7.1462136693298817e-03 9.9996691942214966e-01 4.7006346285343170e-03 8.9710474014282227e-02 
1.6018252354115248e-03 -4.6908040530979633e-03 9.9999666213989258e-01 -1.2633020989596844e-02 
0.0000000000000000e+00 0.0000000000000000e+00 0.0000000000000000e+00 1.0000000000000000e+00 
Research-clockwise/0051.pcd
9.9997365474700928e-01 7.9080667346715927e-03 -8.2469450717326254e-05 4.0714751929044724e-02 
-7.9105524346232414e-03 9.9997138977050781e-01 2.3795668967068195e-03 9.1598428785800934e-02 
-1.2942344183102250e-03 -2.3813077714294195e-03 1.0000048875808716e+00 6.1078858561813831e-03 
0.0000000000000000e+00 0.0000000000000000e+00 0.0000000000000000e+00 1.0000000000000000e+00 
Research-clockwise/0052.pcd
1.0000101327896118e+00 4.2854445055127144e-03 -3.2921677920967340e-03 5.0622161477804184e-02 
-4.2979298159480095e-03 9.9999529123306274e-01 3.2593675423413515e-03 7.8037329018115997e-02 
-3.2807628158479929e-03 -3.2866375986486673e-03 9.9999612569808960e-01 1.0783309116959572e-02 
0.0000000000000000e+00 0.0000000000000000e+00 0.0000000000000000e+00 1.0000000000000000e+00 
Research-clockwise/0053.pcd
9.9996680021286011e-01 8.9659532532095909e-03 1.3065104139968753e-03 3.5817719995975494e-02 
-8.9632645249366760e-03 9.9996644258499146e-01 -3.6515758838504553e-03 1.1806933581829071e-01 
-5.3690496133640409e-04 3.6473975051194429e-03 1.0000004768371582e+00 6.5394691191613674e-03 
0.0000000000000000e+00 0.0000000000000000e+00 0.0000000000000000e+00 1.0000000000000000e+00 
Research-clockwise/0054.pcd
9.9998247623443604e-01 7.1986136026680470e-03 2.7393926866352558e-03 3.7397067993879318e-02 
-7.1976198814809322e-03 9.9998098611831665e-01 -5.2898621652275324e-04 9.8890893161296844e-02 
-2.7413766365498304e-03 5.0787231884896755e-04 9.9999803304672241e-01 2.2071093320846558e-02 
0.0000000000000000e+00 0.0000000000000000e+00 0.0000000000000000e+00 1.0000000000000000e+00 
Research-clockwise/0055.pcd
9.9997419118881226e-01 8.9890453964471817e-03 1.6074070008471608e-03 5.2066233009099960e-02 
-8.9900726452469826e-03 9.9997949600219727e-01 8.2660862244665623e-04 9.5327772200107574e-02 
-2.6345069054514170e-03 -8.4762595361098647e-04 1.0000021457672119e+00 1.0320096276700497e-02 
0.0000000000000000e+00 0.0000000000000000e+00 0.0000000000000000e+00 1.0000000000000000e+00 
Research-clockwise/0056.pcd
9.9992603063583374e-01 1.2555604800581932e-02 1.4020613161846995e-03 4.6054847538471222e-02 
-1.2558019720017910e-02 9.9992412328720093e-01 7.4322649743407965e-04 1.5333926677703857e-01 
-2.2048947867006063e-03 -7.6777889626100659e-04 1.0000000000000000e+00 -9.1119557619094849e-03 
0.0000000000000000e+00 0.0000000000000000e+00 0.0000000000000000e+00 1.0000000000000000e+00 
Research-clockwise/0057.pcd
9.9996137619018555e-01 9.0232118964195251e-03 1.2485440820455551e-03 3.9546869695186615e-02 
-9.0199597179889679e-03 9.9995368719100952e-01 -2.3330366238951683e-03 1.2062365561723709e-01 
-1.2694790493696928e-03 2.3220656439661980e-03 1.0000002384185791e+00 -7.6477243565022945e-03 
0.0000000000000000e+00 0.0000000000000000e+00 0.0000000000000000e+00 1.0000000000000000e+00 
Research-clockwise/0058.pcd
9.9999409914016724e-01 5.4390118457376957e-03 1.6566280974075198e-03 5.2874039858579636e-02 
-5.4296050220727921e-03 9.9997568130493164e-01 -6.4061940647661686e-03 1.2339062243700027e-01 
-1.6870835097506642e-03 6.3956407830119133e-03 9.9998784065246582e-01 1.0644287802278996e-02 
0.0000000000000000e+00 0.0000000000000000e+00 0.0000000000000000e+00 1.0000000000000000e+00 
Research-clockwise/0059.pcd
9.9998861551284790e-01 5.3515564650297165e-03 3.4630212467163801e-03 2.5510897859930992e-02 
-5.3539928048849106e-03 9.9999111890792847e-01 7.0761336246505380e-04 1.5936250984668732e-01 
-3.4572205040603876e-03 -7.2615133831277490e-04 9.9999481439590454e-01 1.3122547417879105e-02 
0.0000000000000000e+00 0.0000000000000000e+00 0.0000000000000000e+00 1.0000000000000000e+00 
Research-clockwise/0060.pcd
1.0000077486038208e+00 3.8051893934607506e-03 -1.4991960779298097e-04 2.4632003158330917e-02 
-3.8078541401773691e-03 1.0000036954879761e+00 -1.3071270659565926e-03 1.4890998601913452e-01 
1.4672520046588033e-04 1.3074248563498259e-03 1.0000054836273193e+00 2.5923899374902248e-03 
0.0000000000000000e+00 0.0000000000000000e+00 0.0000000000000000e+00 1.0000000000000000e+00 
Research-clockwise/0061.pcd
9.9999088048934937e-01 3.9403643459081650e-03 -3.3374649938195944e-03 2.6658479124307632e-02 
-3.9447182789444923e-03 9.9999684095382690e-01 -1.1755290906876326e-03 1.5394252538681030e-01 
3.3348633442074060e-03 1.1883316328749061e-03 9.9999648332595825e-01 1.0757326381281018e-03 
0.0000000000000000e+00 0.0000000000000000e+00 0.0000000000000000e+00 1.0000000000000000e+00 
Research-clockwise/0062.pcd
9.9999064207077026e-01 6.0821464285254478e-03 -6.4574420684948564e-04 1.9593235105276108e-02 
-6.0779009945690632e-03 9.9997568130493164e-01 5.6541077792644501e-03 1.9139683246612549e-01 
6.8001827457919717e-04 -5.6506958790123463e-03 9.9999183416366577e-01 1.0971434414386749e-02 
0.0000000000000000e+00 0.0000000000000000e+00 0.0000000000000000e+00 1.0000000000000000e+00 
Research-clockwise/0063.pcd
1.0000034570693970e+00 4.9588158726692200e-03 2.0608531485777348e-04 2.3226030170917511e-02 
-4.9557290039956570e-03 1.0000170469284058e+00 3.1612947350367904e-04 2.0090496540069580e-01 
-2.0795862656086683e-04 -3.1839541043154895e-04 1.0000045299530029e+00 1.0630077682435513e-02 
0.0000000000000000e+00 0.0000000000000000e+00 0.0000000000000000e+00 1.0000000000000000e+00 
Research-clockwise/0064.pcd
9.9999576807022095e-01 3.4965509548783302e-03 3.8566654548048973e-03 2.5281740352511406e-02 
-3.4790383651852608e-03 9.9998623132705688e-01 -4.7569009475409985e-03 1.8073269724845886e-01 
-3.8728155195713043e-03 4.7423564828932285e-03 9.9998676776885986e-01 1.2255948968231678e-02 
0.0000000000000000e+00 0.0000000000000000e+00 0.0000000000000000e+00 1.0000000000000000e+00 
Research-clockwise/0065.pcd
1.0000069141387939e+00 4.2836004286073148e-04 4.2024692520499229e-03 1.2475083582103252e-02 
-4.4903098023496568e-04 1.0000004768371582e+00 4.8626651987433434e-03 1.9559398293495178e-01 
-4.2015356011688709e-03 -4.8646144568920135e-03 9.9998944997787476e-01 -2.9912430327385664e-03 
0.0000000000000000e+00 0.0000000000000000e+00 0.0000000000000000e+00 1.0000000000000000e+00 
Research-clockwise/0066.pcd
1.0000027418136597e+00 -3.2604963053017855e-03 1.7262509791180491e-03 7.6097087003290653e-03 
3.2515325583517551e-03 9.9998801946640015e-01 4.8759067431092262e-03 2.1312966942787170e-01 
-1.7406026599928737e-03 -4.8706075176596642e-03 9.9998819828033447e-01 8.9217157801613212e-04 
0.0000000000000000e+00 0.0000000000000000e+00 0.0000000000000000e+00 1.0000000000000000e+00 
Research-clockwise/0067.pcd
1.0000064373016357e+00 -3.4575206227600574e-03 -2.4349098093807697e-03 -6.2215100042521954e-03 
3.4659972880035639e-03 9.9999839067459106e-01 3.5107843577861786e-03 2.1826373040676117e-01 
2.4233097210526466e-03 -3.5199278499931097e-03 9.9999457597732544e-01 -9.3931341543793678e-03 
0.0000000000000000e+00 0.0000000000000000e+00 0.0000000000000000e+00 1.0000000000000000e+00 
Research-clockwise/0068.pcd
9.9998104572296143e-01 -4.7432044520974159e-03 -5.2800578996539116e-03 -7.0363208651542664e-03 
4.7601102851331234e-03 9.9999314546585083e-01 3.0319120269268751e-03 2.2307485342025757e-01 
5.2648778073489666e-03 -3.0566100031137466e-03 9.9998486042022705e-01 3.7402401212602854e-03 
0.0000000000000000e+00 0.0000000000000000e+00 0.0000000000000000e+00 1.0000000000000000e+00 
Research-clockwise/0069.pcd
9.9997913837432861e-01 -5.1676621660590172e-03 -5.1316097378730774e-03 1.7794738523662090e-03 
5.1862751133739948e-03 9.9998354911804199e-01 3.7209917791187763e-03 2.2701935470104218e-01 
5.1124650053679943e-03 -3.7471223622560501e-03 9.9997901916503906e-01 3.3617061562836170e-03 
0.0000000000000000e+00 0.0000000000000000e+00 0.0000000000000000e+00 1.0000000000000000e+00 
Research-clockwise/0070.pcd
1.0000064373016357e+00 -3.3652549609541893e-03 1.8568687373772264e-03 -3.1795002520084381e-02 
3.3944125752896070e-03 9.9997162818908691e-01 8.3974385634064674e-03 2.3300772905349731e-01 
3.5706765484064817e-03 -8.4039084613323212e-03 9.9997198581695557e-01 2.5638565421104431e-04 
0.0000000000000000e+00 0.0000000000000000e+00 0.0000000000000000e+00 1.0000000000000000e+00 
Research-clockwise/0071.pcd
9.9998301267623901e-01 -4.9458444118499756e-03 -3.0550605151802301e-03 1.7167928162962198e-03 
4.9546496011316776e-03 9.9999469518661499e-01 2.7487990446388721e-03 2.2891631722450256e-01 
2.8983748052269220e-03 -2.7620373293757439e-03 9.9999010562896729e-01 9.5073338598012924e-03 
0.0000000000000000e+00 0.0000000000000000e+00 0.0000000000000000e+00 1.0000000000000000e+00 
Research-clockwise/0072.pcd
1.0000152587890625e+00 -6.5165278501808643e-03 1.1732229031622410e-03 -4.0799449197947979e-03 
6.5119927749037743e-03 9.9999505281448364e-01 -3.6859821993857622e-03 2.2904807329177856e-01 
1.1198832653462887e-03 3.6684151273220778e-03 9.9999928474426270e-01 1.2311371974647045e-02 
0.0000000000000000e+00 0.0000000000000000e+00 0.0000000000000000e+00 1.0000000000000000e+00 
Research-clockwise/0073.pcd
1.0000015497207642e+00 -4.7545656561851501e-03 -3.0512937810271978e-03 4.2093694210052490e-02 
4.7538182698190212e-03 1.0000034570693970e+00 6.8301003193482757e-04 2.0629857480525970e-01 
-1.2969390954822302e-03 -6.5672345226630569e-04 9.9999785423278809e-01 1.1806715279817581e-02 
0.0000000000000000e+00 0.0000000000000000e+00 0.0000000000000000e+00 1.0000000000000000e+00 
Research-clockwise/0074.pcd
9.9997764825820923e-01 -7.2380998171865940e-03 1.0172141483053565e-03 -2.2688487544655800e-02 
7.2398032061755657e-03 9.9998229742050171e-01 9.3298580031841993e-04 1.8172511458396912e-01 
1.5131591353565454e-03 -9.2835200484842062e-04 1.0000020265579224e+00 4.1324645280838013e-03 
0.0000000000000000e+00 0.0000000000000000e+00 0.0000000000000000e+00 1.0000000000000000e+00 
Research-clockwise/0075.pcd
9.9996304512023926e-01 -7.8612612560391426e-03 4.6244850382208824e-03 -6.2088105827569962e-02 
7.7986153773963451e-03 9.9993503093719482e-01 -9.6505312249064445e-03 2.1885524690151215e-01 
6.6081639379262924e-03 9.5814140513539314e-03 9.9995464086532593e-01 4.7819702886044979e-03 
0.0000000000000000e+00 0.0000000000000000e+00 0.0000000000000000e+00 1.0000000000000000e+00 
Research-clockwise/0076.pcd
1.0000119209289551e+00 -2.8718169778585434e-03 -3.6660083569586277e-03 1.9295613747090101e-03 
2.8623472899198532e-03 1.0000244379043579e+00 -2.5178294163197279e-03 2.7491945028305054e-01 
3.6744056269526482e-03 2.5070863775908947e-03 9.9999827146530151e-01 1.6109837219119072e-02 
0.0000000000000000e+00 0.0000000000000000e+00 0.0000000000000000e+00 1.0000000000000000e+00 
Research-clockwise/0077.pcd
1.0000065565109253e+00 -4.6465299092233181e-03 -1.4197411946952343e-03 -4.4900770299136639e-03 
4.6495459973812103e-03 9.9999558925628662e-01 2.1903763990849257e-03 2.3725874722003937e-01 
1.4081649715080857e-03 -2.1978479344397783e-03 1.0000063180923462e+00 6.6654565744102001e-03 
0.0000000000000000e+00 0.0000000000000000e+00 0.0000000000000000e+00 1.0000000000000000e+00 
Research-clockwise/0078.pcd
9.9998813867568970e-01 -6.2632868066430092e-03 -8.4053783211857080e-04 -7.8859841451048851e-03 
6.2544266693294048e-03 9.9995416402816772e-01 -7.3415674269199371e-03 2.3662105202674866e-01 
8.8595721172168851e-04 7.3362304829061031e-03 9.9997293949127197e-01 2.3650305345654488e-02 
0.0000000000000000e+00 0.0000000000000000e+00 0.0000000000000000e+00 1.0000000000000000e+00 
Research-clockwise/0079.pcd
9.9999141693115234e-01 -5.5764978751540184e-03 -1.4769531844649464e-04 4.2968145571649075e-03 
5.5767414160072803e-03 9.9997138977050781e-01 -7.0417416281998158e-03 2.5022578239440918e-01 
1.9001890905201435e-04 7.0386561565101147e-03 9.9997532367706299e-01 2.5902165099978447e-02 
0.0000000000000000e+00 0.0000000000000000e+00 0.0000000000000000e+00 1.0000000000000000e+00 
Research-clockwise/0080.pcd
1.0000040531158447e+00 -5.7293935678899288e-03 1.4807992847636342e-03 1.5941218007355928e-03 
5.7263243943452835e-03 9.9999982118606567e-01 1.7698426963761449e-03 2.4928365647792816e-01 
-1.4928635209798813e-03 -1.7614345997571945e-03 1.0000069141387939e+00 1.4858501963317394e-02 
0.0000000000000000e+00 0.0000000000000000e+00 0.0000000000000000e+00 1.0000000000000000e+00 
Research-clockwise/0081.pcd
9.9994653463363647e-01 -1.1352374218404293e-02 -9.7504071163712069e-06 -1.4796120114624500e-02 
1.1351577006280422e-02 9.9993062019348145e-01 -4.8797912895679474e-03 2.3916725814342499e-01 
6.3831656007096171e-05 4.8797321505844593e-03 9.9999415874481201e-01 1.4569913037121296e-02 
0.0000000000000000e+00 0.0000000000000000e+00 0.0000000000000000e+00 1.0000000000000000e+00 
Research-clockwise/0082.pcd
9.9996423721313477e-01 -1.0025774128735065e-02 -3.6036927485838532e-04 -8.2562929019331932e-03 
1.0018384084105492e-02 9.9982237815856934e-01 -1.6778409481048584e-02 2.4459500610828400e-01 
5.2673963364213705e-04 1.6773667186498642e-02 9.9986571073532104e-01 2.4379909038543701e-02 
0.0000000000000000e+00 0.0000000000000000e+00 0.0000000000000000e+00 1.0000000000000000e+00 
Research-clockwise/0083.pcd
1.0000060796737671e+00 -4.4220350682735443e-03 1.4176289550960064e-03 1.1284504085779190e-02 
4.4232928194105625e-03 1.0000013113021851e+00 -8.0511212581768632e-04 2.8780850768089294e-01 
-1.4166212640702724e-03 8.1080419477075338e-04 1.0000063180923462e+00 1.0940165258944035e-02 
0.0000000000000000e+00 0.0000000000000000e+00 0.0000000000000000e+00 1.0000000000000000e+00 
Research-clockwise/0084.pcd
9.9997526407241821e-01 -8.5734296590089798e-03 1.8433782970532775e-03 -8.6152721196413040e-03 
8.5587473586201668e-03 9.9993842840194702e-01 8.7682893499732018e-03 2.5098058581352234e-01 
-1.9229364115744829e-03 -8.7520126253366470e-03 9.9996757507324219e-01 1.6143380198627710e-03 
0.0000000000000000e+00 0.0000000000000000e+00 0.0000000000000000e+00 1.0000000000000000e+00 
Research-clockwise/0085.pcd
9.9996274709701538e-01 -9.0944264084100723e-03 -1.0047300020232797e-03 -8.4685655310750008e-03 
9.0994061902165413e-03 9.9996757507324219e-01 3.1894140411168337e-03 2.6596507430076599e-01 
9.7198155708611012e-04 -3.1993873417377472e-03 1.0000029802322388e+00 1.0475294664502144e-02 
0.0000000000000000e+00 0.0000000000000000e+00 0.0000000000000000e+00 1.0000000000000000e+00 
Research-clockwise/0086.pcd
9.9994063377380371e-01 -1.1714875698089600e-02 -3.0981341842561960e-04 4.1850246489048004e-03 
1.1715391650795937e-02 9.9994164705276489e-01 1.2105579953640699e-03 2.4689757823944092e-01 
2.9316626023501158e-04 -1.2142349733039737e-03 1.0000016689300537e+00 1.3361801393330097e-02 
0.0000000000000000e+00 0.0000000000000000e+00 0.0000000000000000e+00 1.0000000000000000e+00 
Research-clockwise/0087.pcd
9.9996232986450195e-01 -9.3291457742452621e-03 2.6845997199416161e-03 -6.3134608790278435e-03 
9.3126995489001274e-03 9.9994415044784546e-01 5.3760651499032974e-03 2.6544064283370972e-01 
-2.7306699194014072e-03 -5.3509580902755260e-03 9.9998301267623901e-01 6.5919687040150166e-03 
0.0000000000000000e+00 0.0000000000000000e+00 0.0000000000000000e+00 1.0000000000000000e+00 
Research-clockwise/0088.pcd
9.9994289875030518e-01 -1.1605199426412582e-02 3.9934660890139639e-04 -1.1567671317607164e-03 
1.1602425947785378e-02 9.9992120265960693e-01 6.4419475384056568e-03 2.3079213500022888e-01 
-4.7287082998082042e-04 -6.4387042075395584e-03 9.9998837709426880e-01 2.9325783252716064e-03 
0.0000000000000000e+00 0.0000000000000000e+00 0.0000000000000000e+00 1.0000000000000000e+00 
Research-clockwise/0089.pcd
9.9994862079620361e-01 -1.1115869507193565e-02 -9.6024811500683427e-04 -8.2342470705043525e-05 
1.1110877618193626e-02 9.9992573261260986e-01 -7.3959003202617168e-03 2.8245303034782410e-01 
1.0381451575085521e-03 7.3861349374055862e-03 9.9998652935028076e-01 1.8607506528496742e-02 
0.0000000000000000e+00 0.0000000000000000e+00 0.0000000000000000e+00 1.0000000000000000e+00 
Research-clockwise/0090.pcd
9.9996703863143921e-01 -1.0608215816318989e-02 4.3799928971566260e-04 3.0686052050441504e-03 
1.0608664713799953e-02 9.9995744228363037e-01 5.8374577201902866e-03 2.6749151945114136e-01 
-5.0515891052782536e-04 -5.8328364975750446e-03 1.0000020265579224e+00 9.3581182882189751e-03 
0.0000000000000000e+00 0.0000000000000000e+00 0.0000000000000000e+00 1.0000000000000000e+00 
Research-clockwise/0091.pcd
9.9996662139892578e-01 -9.6013220027089119e-03 1.6226724255830050e-04 1.5460000373423100e-02 
9.6013741567730904e-03 9.9997174739837646e-01 1.8972597317770123e-03 2.2508504986763000e-01 
-1.7851933080237359e-04 -1.8941882299259305e-03 1.0000008344650269e+00 9.6564646810293198e-03 
0.0000000000000000e+00 0.0000000000000000e+00 0.0000000000000000e+00 1.0000000000000000e+00 
Research-clockwise/0092.pcd
1.0000003576278687e+00 -9.7218798473477364e-03 -6.1983539490029216e-04 -1.4322628267109394e-03 
9.7057064995169640e-03 9.9983382225036621e-01 -1.6802808269858360e-02 2.3036874830722809e-01 
7.9237535828724504e-04 1.6794737428426743e-02 9.9987536668777466e-01 2.0514363422989845e-02 
0.0000000000000000e+00 0.0000000000000000e+00 0.0000000000000000e+00 1.0000000000000000e+00 
Research-clockwise/0093.pcd
1.0000051259994507e+00 -4.7376700676977634e-03 -1.1482633417472243e-03 -1.7611538060009480e-03 
4.7346041537821293e-03 1.0000019073486328e+00 -2.4470572825521231e-03 2.9662713408470154e-01 
1.1625416809692979e-03 2.4423012509942055e-03 1.0000044107437134e+00 2.8775355312973261e-03 
0.0000000000000000e+00 0.0000000000000000e+00 0.0000000000000000e+00 1.0000000000000000e+00 
Research-clockwise/0094.pcd
9.9997591972351074e-01 -8.4113683551549911e-03 9.0145841240882874e-03 -6.3029907643795013e-02 
8.4205493330955505e-03 9.9987953901290894e-01 1.4119356870651245e-02 2.7121776342391968e-01 
6.0022261459380388e-04 -1.4023556374013424e-02 9.9986720085144043e-01 -1.4381097629666328e-02 
0.0000000000000000e+00 0.0000000000000000e+00 0.0000000000000000e+00 1.0000000000000000e+00 
Research-clockwise/0095.pcd
9.9999660253524780e-01 -2.5844806805253029e-03 -5.5660428479313850e-03 7.5189568102359772e-02 
2.5228627491742373e-03 9.9986630678176880e-01 1.6587553545832634e-02 2.2319124639034271e-01 
-3.8052396848797798e-03 -1.6551798209547997e-02 9.9985176324844360e-01 9.4458404928445816e-03 
0.0000000000000000e+00 0.0000000000000000e+00 0.0000000000000000e+00 1.0000000000000000e+00 
Research-clockwise/0096.pcd
9.9999386072158813e-01 -3.6136729177087545e-03 -1.1250065872445703e-03 1.3152133673429489e-02 
3.6123953759670258e-03 9.9998277425765991e-01 -7.4740493437275290e-04 2.5620567798614502e-01 
1.1281180195510387e-03 7.4026791844516993e-04 1.0000038146972656e+00 4.6098432503640652e-03 
0.0000000000000000e+00 0.0000000000000000e+00 0.0000000000000000e+00 1.0000000000000000e+00 
Research-clockwise/0097.pcd
9.9999016523361206e-01 -6.0754134319722652e-03 -5.2136613521724939e-04 2.5550328195095062e-02 
6.0814945027232170e-03 9.9996614456176758e-01 -6.3454122282564640e-03 2.6824206113815308e-01 
-1.0595368221402168e-03 6.3617215491831303e-03 9.9998587369918823e-01 1.7385533079504967e-02 
0.0000000000000000e+00 0.0000000000000000e+00 0.0000000000000000e+00 1.0000000000000000e+00 
Research-clockwise/0098.pcd
1.0000098943710327e+00 -2.4090548977255821e-03 4.6748248860239983e-03 8.1841452047228813e-03 
2.3801547940820456e-03 9.9993038177490234e-01 1.1429924517869949e-02 2.9019594192504883e-01 
-2.1707278210669756e-03 -1.1448276229202747e-02 9.9994248151779175e-01 -6.5641077235341072e-03 
0.0000000000000000e+00 0.0000000000000000e+00 0.0000000000000000e+00 1.0000000000000000e+00 
