Research-clockwise/0000.pcd
8.9113336801528931e-01 -4.5374146103858948e-01 0.0000000000000000e+00 0.0000000000000000e+00 
4.5374146103858948e-01 8.9113336801528931e-01 -0.0000000000000000e+00 0.0000000000000000e+00 
0.0000000000000000e+00 0.0000000000000000e+00 1.0000000000000000e+00 0.0000000000000000e+00 
0.0000000000000000e+00 0.0000000000000000e+00 0.0000000000000000e+00 1.0000000000000000e+00 
Research-clockwise/0001.pcd
1.0000040531158447e+00 2.1794987842440605e-03 2.9397520702332258e-03 -3.7639193236827850e-02 
-2.1845318842679262e-03 1.0000075101852417e+00 1.8333625048398972e-03 5.8909762650728226e-02 
-2.9370686970651150e-03 -1.8389982869848609e-03 1.0000026226043701e+00 3.5826466977596283e-02 
0.0000000000000000e+00 0.0000000000000000e+00 0.0000000000000000e+00 1.0000000000000000e+00 
Research-clockwise/0002.pcd
9.9999570846557617e-01 9.9206785671412945e-04 2.3685158230364323e-03 -7.9560287296772003e-02 
-9.9079310894012451e-04 1.0000082254409790e+00 5.4685474606230855e-04 3.2542526721954346e-02 
-2.3695095442235470e-03 -5.5048649664968252e-04 1.0000040531158447e+00 5.2153881639242172e-02 
0.0000000000000000e+00 0.0000000000000000e+00 0.0000000000000000e+00 1.0000000000000000e+00 
Research-clockwise/0003.pcd
1.0000156164169312e+00 -1.0519630741328001e-03 2.5375203695148230e-03 -7.9086244106292725e-02 
1.0598868830129504e-03 1.0000127553939819e+00 -3.1253315974026918e-03 6.2913589179515839e-02 
-2.5355340912938118e-03 3.1305621378123760e-03 1.0000078678131104e+00 4.6294268220663071e-02 
0.0000000000000000e+00 0.0000000000000000e+00 0.0000000000000000e+00 1.0000000000000000e+00 
Research-clockwise/0004.pcd
1.0000026226043701e+00 -6.9168931804597378e-04 -1.2266192352399230e-03 9.0115601196885109e-03 
6.9198437267914414e-04 1.0000060796737671e+00 -6.3823521486483514e-05 -2.2438643500208855e-02 
1.2283464893698692e-03 6.3352948927786201e-05 9.9999970197677612e-01 -4.0361337363719940e-02 
0.0000000000000000e+00 0.0000000000000000e+00 0.0000000000000000e+00 1.0000000000000000e+00 
Research-clockwise/0005.pcd
1.0000048875808716e+00 1.0537540074437857e-03 1.7807767726480961e-03 -3.2933812588453293e-02 
-1.0561484377831221e-03 1.0000041723251343e+00 -6.3476356444880366e-05 3.6283720284700394e-02 
-1.7772899009287357e-03 6.1664708482567221e-05 1.0000048875808716e+00 5.2302807569503784e-02 
0.0000000000000000e+00 0.0000000000000000e+00 0.0000000000000000e+00 1.0000000000000000e+00 
Research-clockwise/0006.pcd
1.0000109672546387e+00 -7.8433455200865865e-04 1.2673449236899614e-03 -8.3418995141983032e-02 
7.8889849828556180e-04 1.0000003576278687e+00 -4.3003913015127182e-03 4.1858252137899399e-02 
-1.2647700496017933e-03 4.3050576932728291e-03 1.0000005960464478e+00 4.4636264443397522e-02 
0.0000000000000000e+00 0.0000000000000000e+00 0.0000000000000000e+00 1.0000000000000000e+00 
Research-clockwise/0007.pcd
1.0000067949295044e+00 -7.0083013270050287e-04 -1.2995249126106501e-03 7.3055918328464031e-03 
7.0233689621090889e-04 1.0000166893005371e+00 -3.0188452001311816e-05 -2.2888684645295143e-02 
1.3005102518945932e-03 2.8490014301496558e-05 1.0000076293945312e+00 -4.3580625206232071e-02 
0.0000000000000000e+00 0.0000000000000000e+00 0.0000000000000000e+00 1.0000000000000000e+00 
Research-clockwise/0008.pcd
1.0000153779983521e+00 -7.4081094680877868e-06 1.5166295270319097e-05 -2.4188605311792344e-04 
3.5082259728369536e-06 1.0000073909759521e+00 -1.0936205399048049e-05 -7.9386583820451051e-05 
-7.6544765761354938e-06 1.1350161912559997e-05 1.0000027418136597e+00 5.1990529755130410e-04 
0.0000000000000000e+00 0.0000000000000000e+00 0.0000000000000000e+00 1.0000000000000000e+00 
Research-clockwise/0009.pcd
1.0000021457672119e+00 -6.8542046938091516e-04 -1.8435172969475389e-03 1.6349803656339645e-02 
6.8102375371381640e-04 9.9999785423278809e-01 -2.7038241387344897e-04 -2.0447816699743271e-02 
1.8472905503585935e-03 2.7209889958612621e-04 9.9999994039535522e-01 -5.8203108608722687e-02 
0.0000000000000000e+00 0.0000000000000000e+00 0.0000000000000000e+00 1.0000000000000000e+00 
Research-clockwise/0010.pcd
1.0000092983245850e+00 -6.4571891016385052e-06 2.5589917640900239e-05 -1.9459894974716008e-04 
4.7920452743710484e-06 1.0000123977661133e+00 -4.9243885769101325e-06 -1.1364199599483982e-04 
-2.0345381926745176e-05 1.5811517641850514e-06 1.0000040531158447e+00 7.7992165461182594e-04 
0.0000000000000000e+00 0.0000000000000000e+00 0.0000000000000000e+00 1.0000000000000000e+00 
Research-clockwise/0011.pcd
1.0000019073486328e+00 -6.7927983764093369e-05 5.6179449893534184e-04 -1.5666483668610454e-03 
6.7142245825380087e-05 1.0000058412551880e+00 -1.4719502360094339e-04 -1.2959078885614872e-03 
-5.6349445367231965e-04 1.5150761464610696e-04 1.0000079870223999e+00 2.1136838942766190e-02 
0.0000000000000000e+00 0.0000000000000000e+00 0.0000000000000000e+00 1.0000000000000000e+00 
Research-clockwise/0012.pcd
1.0000036954879761e+00 6.5847125370055437e-04 1.7460465896874666e-03 -1.8054690212011337e-02 
-6.6018762299790978e-04 1.0000011920928955e+00 1.8397161329630762e-04 2.0705312490463257e-02 
-1.7437422648072243e-03 -1.8317025387659669e-04 1.0000007152557373e+00 5.5265232920646667e-02 
0.0000000000000000e+00 0.0000000000000000e+00 0.0000000000000000e+00 1.0000000000000000e+00 
Research-clockwise/0013.pcd
1.0000005960464478e+00 6.6402333322912455e-04 2.2793707903474569e-03 -7.9238422214984894e-02 
-6.6255690762773156e-04 1.0000048875808716e+00 -3.2980539253912866e-04 3.3743638545274734e-02 
-2.2797551937401295e-03 3.2794693834148347e-04 1.0000022649765015e+00 5.5452995002269745e-02 
0.0000000000000000e+00 0.0000000000000000e+00 0.0000000000000000e+00 1.0000000000000000e+00 
Research-clockwise/0014.pcd
1.0000051259994507e+00 1.4226367056835443e-04 2.1999157033860683e-03 -8.3397395908832550e-02 
-1.4327888493426144e-04 9.9999606609344482e-01 -1.3255624799057841e-03 3.5401608794927597e-02 
-2.1984498016536236e-03 1.3271499192342162e-03 9.9999684095382690e-01 5.6874610483646393e-02 
0.0000000000000000e+00 0.0000000000000000e+00 0.0000000000000000e+00 1.0000000000000000e+00 
Research-clockwise/0015.pcd
1.0000039339065552e+00 1.1334720766171813e-03 2.4536841083317995e-03 -8.4721788763999939e-02 
-1.1358087649568915e-03 1.0000023841857910e+00 1.7408862186130136e-04 6.0142129659652710e-02 
-2.4511099327355623e-03 -1.7632610979489982e-04 1.0000010728836060e+00 5.1148165017366409e-02 
0.0000000000000000e+00 0.0000000000000000e+00 0.0000000000000000e+00 1.0000000000000000e+00 
Research-clockwise/0016.pcd
1.0000059604644775e+00 9.1826826974283904e-05 2.1769939921796322e-03 -8.8159941136837006e-02 
-8.6930667748674750e-05 1.0000060796737671e+00 -2.0473059266805649e-03 3.7813391536474228e-02 
-2.1815723739564419e-03 2.0490190945565701e-03 1.0000014305114746e+00 6.7300654947757721e-02 
0.0000000000000000e+00 0.0000000000000000e+00 0.0000000000000000e+00 1.0000000000000000e+00 
Research-clockwise/0017.pcd
9.9999701976776123e-01 -1.2085577473044395e-03 -2.3936608340591192e-03 3.0724108219146729e-02 
1.2051020748913288e-03 1.0000001192092896e+00 -2.2257980890572071e-04 -3.7019245326519012e-02 
2.3948478046804667e-03 2.2268756583798677e-04 1.0000013113021851e+00 -7.2015307843685150e-02 
0.0000000000000000e+00 0.0000000000000000e+00 0.0000000000000000e+00 1.0000000000000000e+00 
Research-clockwise/0018.pcd
1.0000032186508179e+00 9.2544709332287312e-05 -6.2250200426205993e-04 1.9683474674820900e-03 
-9.3716946139466017e-05 9.9999946355819702e-01 2.4156700237654150e-04 1.2949164956808090e-03 
6.2453659484162927e-04 -2.4040478456299752e-04 1.0000007152557373e+00 -2.3981070145964622e-02 
0.0000000000000000e+00 0.0000000000000000e+00 0.0000000000000000e+00 1.0000000000000000e+00 
Research-clockwise/0019.pcd
1.0000220537185669e+00 4.0232785067928489e-06 -7.3420496846665628e-06 4.3621234362944961e-04 
-5.7441388889856171e-06 1.0000079870223999e+00 4.4644943955063354e-06 -8.9973364083562046e-06 
1.4482667211268563e-05 -2.3894892819953384e-06 1.0000027418136597e+00 -1.3874699652660638e-04 
0.0000000000000000e+00 0.0000000000000000e+00 0.0000000000000000e+00 1.0000000000000000e+00 
Research-clockwise/0020.pcd
9.9999922513961792e-01 1.2546081561595201e-03 9.9268776830285788e-04 -1.1042856611311436e-02 
-1.2560139875859022e-03 1.0000022649765015e+00 8.3989274571649730e-05 4.0546290576457977e-02 
-9.9267554469406605e-04 -8.3017686847597361e-05 1.0000035762786865e+00 3.0332190915942192e-02 
0.0000000000000000e+00 0.0000000000000000e+00 0.0000000000000000e+00 1.0000000000000000e+00 
Research-clockwise/0021.pcd
1.0000090599060059e+00 -1.1741611524485052e-04 6.5816967980936170e-04 -2.6476203929632902e-03 
1.1867539433296770e-04 1.0000097751617432e+00 -3.3561373129487038e-04 -1.1830100556835532e-03 
-6.5523129887878895e-04 3.3475449890829623e-04 9.9999898672103882e-01 2.5614405050873756e-02 
0.0000000000000000e+00 0.0000000000000000e+00 0.0000000000000000e+00 1.0000000000000000e+00 
Research-clockwise/0022.pcd
1.0000187158584595e+00 2.7320464141666889e-04 2.4240945931524038e-03 -1.0957847349345684e-02 
-2.6727974181994796e-04 1.0000045299530029e+00 -3.2576601952314377e-03 -4.4038191437721252e-02 
-2.4246242828667164e-03 3.2572129275649786e-03 9.9999904632568359e-01 1.1400228366255760e-02 
0.0000000000000000e+00 0.0000000000000000e+00 0.0000000000000000e+00 1.0000000000000000e+00 
Research-clockwise/0023.pcd
9.9999964237213135e-01 6.8735692184418440e-04 1.9680224067997187e-04 5.4974423255771399e-04 
-6.8328029010444880e-04 1.0000036954879761e+00 4.8027828597696498e-05 2.3285441100597382e-02 
-2.0331970881670713e-04 -4.4620555854635313e-05 1.0000054836273193e+00 6.4985440112650394e-03 
0.0000000000000000e+00 0.0000000000000000e+00 0.0000000000000000e+00 1.0000000000000000e+00 
Research-clockwise/0024.pcd
1.0000091791152954e+00 -1.3336888514459133e-03 -2.2927667014300823e-03 1.6888881102204323e-02 
1.3220102991908789e-03 9.9999833106994629e-01 -3.0284249223768711e-03 -1.3020472601056099e-02 
2.2976009640842676e-03 3.0295972246676683e-03 9.9999874830245972e-01 -6.2421713024377823e-02 
0.0000000000000000e+00 0.0000000000000000e+00 0.0000000000000000e+00 1.0000000000000000e+00 
Research-clockwise/0025.pcd
1.0000108480453491e+00 -9.3174501671455801e-05 5.5496877757832408e-04 -6.5792415989562869e-04 
8.8352258899249136e-05 1.0000056028366089e+00 -3.0389070161618292e-04 -9.3923875829204917e-04 
-5.5685406550765038e-04 3.1136826146394014e-04 1.0000066757202148e+00 2.1965105086565018e-02 
0.0000000000000000e+00 0.0000000000000000e+00 0.0000000000000000e+00 1.0000000000000000e+00 
Research-clockwise/0026.pcd
1.0000004768371582e+00 -6.8668858148157597e-04 -1.9390606321394444e-03 1.9414830952882767e-02 
6.8285077577456832e-04 1.0000008344650269e+00 -3.3036436070688069e-04 -2.0217092707753181e-02 
1.9387655192986131e-03 3.3550930675119162e-04 1.0000097751617432e+00 -6.0258325189352036e-02 
0.0000000000000000e+00 0.0000000000000000e+00 0.0000000000000000e+00 1.0000000000000000e+00 
Research-clockwise/0027.pcd
1.0000061988830566e+00 -6.6201243316754699e-04 -2.6343818753957748e-03 2.0765112712979317e-02 
6.5442331833764911e-04 1.0000081062316895e+00 -3.1393787357956171e-03 -1.5393328852951527e-02 
2.6333690620958805e-03 3.1374718528240919e-03 1.0000021457672119e+00 -6.4936019480228424e-02 
0.0000000000000000e+00 0.0000000000000000e+00 0.0000000000000000e+00 1.0000000000000000e+00 
Research-clockwise/0028.pcd
1.0000065565109253e+00 7.3116549174301326e-05 -1.7987240571528673e-03 2.5791311636567116e-03 
-7.3978844739031047e-05 1.0000056028366089e+00 1.6383777256123722e-04 3.7595158210024238e-04 
1.8003581790253520e-03 -1.6281385615002364e-04 1.0000075101852417e+00 -8.1186210736632347e-03 
0.0000000000000000e+00 0.0000000000000000e+00 0.0000000000000000e+00 1.0000000000000000e+00 
Research-clockwise/0029.pcd
1.0000083446502686e+00 3.0935716495150700e-05 1.6062902286648750e-03 -7.0118300616741180e-02 
-3.1159990612650290e-05 1.0000097751617432e+00 1.5094234549906105e-04 2.5131590664386749e-03 
-1.6109562711790204e-03 -1.4666146307718009e-04 1.0000103712081909e+00 3.2584648579359055e-02 
0.0000000000000000e+00 0.0000000000000000e+00 0.0000000000000000e+00 1.0000000000000000e+00 
Research-clockwise/0030.pcd
1.0000010728836060e+00 2.1243575029075146e-03 1.7890353919938207e-03 -1.3564759865403175e-02 
-2.1198277827352285e-03 1.0000017881393433e+00 -2.6965665165334940e-03 1.2677791714668274e-01 
-1.7964990111067891e-03 2.6950433384627104e-03 1.0000044107437134e+00 2.3304147645831108e-02 
0.0000000000000000e+00 0.0000000000000000e+00 0.0000000000000000e+00 1.0000000000000000e+00 
Research-clockwise/0031.pcd
1.0000072717666626e+00 2.2735771199222654e-04 -8.0783822340890765e-04 2.3666245397180319e-03 
-2.2794232063461095e-04 1.0000034570693970e+00 1.1119170812889934e-03 3.9260988705791533e-04 
8.0841651652008295e-04 -1.1108549078926444e-03 1.0000009536743164e+00 -4.0601305663585663e-02 
0.0000000000000000e+00 0.0000000000000000e+00 0.0000000000000000e+00 1.0000000000000000e+00 
Research-clockwise/0032.pcd
1.0000038146972656e+00 -2.1762875803688075e-06 9.3568196462001652e-05 5.9209979372099042e-04 
1.6708946759536047e-06 1.0000035762786865e+00 -9.4186325441114604e-06 -1.6445203800685704e-04 
-9.3446629762183875e-05 1.0559491784079000e-05 1.0000020265579224e+00 2.7258847840130329e-03 
0.0000000000000000e+00 0.0000000000000000e+00 0.0000000000000000e+00 1.0000000000000000e+00 
Research-clockwise/0033.pcd
9.9998867511749268e-01 2.6288980152457952e-03 4.6994057483971119e-03 -5.8785382658243179e-02 
-2.6350319385528564e-03 9.9999845027923584e-01 1.0478637414053082e-03 3.4389551728963852e-02 
-4.6943677589297295e-03 -1.0568444849923253e-03 9.9998998641967773e-01 5.8723181486129761e-02 
0.0000000000000000e+00 0.0000000000000000e+00 0.0000000000000000e+00 1.0000000000000000e+00 
Research-clockwise/0034.pcd
1.0000003576278687e+00 -7.5427850242704153e-04 -2.3897003848105669e-03 2.0115021616220474e-02 
7.5272412505000830e-04 1.0000113248825073e+00 -1.6598260262981057e-03 -1.7446294426918030e-02 
2.3856423795223236e-03 1.6572433523833752e-03 1.0000026226043701e+00 -6.5465450286865234e-02 
0.0000000000000000e+00 0.0000000000000000e+00 0.0000000000000000e+00 1.0000000000000000e+00 
Research-clockwise/0035.pcd
1.0000034570693970e+00 1.8276880728080869e-03 -2.7045793831348419e-03 3.4307841211557388e-02 
-1.8298191716894507e-03 1.0000059604644775e+00 -4.9682019744068384e-04 8.9735724031925201e-02 
2.7022482827305794e-03 5.0376431317999959e-04 1.0000048875808716e+00 -4.5249469578266144e-02 
0.0000000000000000e+00 0.0000000000000000e+00 0.0000000000000000e+00 1.0000000000000000e+00 
Research-clockwise/0036.pcd
1.0000017881393433e+00 -1.2800520926248282e-04 1.4962435234338045e-03 -7.9911880195140839e-02 
1.3419006427284330e-04 9.9999636411666870e-01 -3.0865510925650597e-03 6.4606830477714539e-02 
-1.4967428287491202e-03 3.0912770889699459e-03 1.0000027418136597e+00 4.8521470278501511e-02 
0.0000000000000000e+00 0.0000000000000000e+00 0.0000000000000000e+00 1.0000000000000000e+00 
Research-clockwise/0037.pcd
1.0000003576278687e+00 2.0322913769632578e-03 1.4804917154833674e-03 -1.9760984927415848e-02 
-2.0333311986178160e-03 1.0000015497207642e+00 2.7960256556980312e-04 6.1043631285429001e-02 
-1.4847309794276953e-03 -2.7965000481344759e-04 1.0000038146972656e+00 4.3340954929590225e-02 
0.0000000000000000e+00 0.0000000000000000e+00 0.0000000000000000e+00 1.0000000000000000e+00 
Research-clockwise/0038.pcd
1.0000116825103760e+00 1.3522777007892728e-03 2.5902590714395046e-03 -2.8382059186697006e-02 
-1.3565862318500876e-03 1.0000064373016357e+00 6.2544486718252301e-04 8.5087522864341736e-02 
-2.5881850160658360e-03 -6.2894372968003154e-04 1.0000069141387939e+00 3.9164181798696518e-02 
0.0000000000000000e+00 0.0000000000000000e+00 0.0000000000000000e+00 1.0000000000000000e+00 
Research-clockwise/0039.pcd
1.0000107288360596e+00 -2.7370297175366431e-05 2.5178305804729462e-04 4.2202492477372289e-04 
2.5420107704121619e-05 1.0000051259994507e+00 -1.0858466703211889e-04 -2.2783837630413473e-04 
-2.4984838091768324e-04 1.0885070514632389e-04 1.0000039339065552e+00 7.1663241833448410e-03 
0.0000000000000000e+00 0.0000000000000000e+00 0.0000000000000000e+00 1.0000000000000000e+00 
Research-clockwise/0040.pcd
1.0000048875808716e+00 2.1462824661284685e-03 1.9390486413612962e-03 -5.2762087434530258e-02 
-2.1507628262042999e-03 1.0000050067901611e+00 1.8807010492309928e-03 3.3237665891647339e-02 
-1.9383922917768359e-03 -1.8810727633535862e-03 1.0000063180923462e+00 4.4412896037101746e-02 
0.0000000000000000e+00 0.0000000000000000e+00 0.0000000000000000e+00 1.0000000000000000e+00 
Research-clockwise/0041.pcd
1.0000046491622925e+00 1.2537111761048436e-03 8.3842442836612463e-04 -1.2257906608283520e-02 
-1.2566181831061840e-03 1.0000001192092896e+00 8.5702384239993989e-05 4.0517844259738922e-02 
-8.3700648974627256e-04 -8.3063714555464685e-05 1.0000028610229492e+00 2.4577148258686066e-02 
0.0000000000000000e+00 0.0000000000000000e+00 0.0000000000000000e+00 1.0000000000000000e+00 
Research-clockwise/0042.pcd
1.0000125169754028e+00 -7.2627532063052058e-04 -4.7569387243129313e-04 4.5612836256623268e-03 
7.2835083119571209e-04 1.0000169277191162e+00 -7.8759432653896511e-05 -2.4619972333312035e-02 
4.7679690760560334e-04 7.9054101661313325e-05 1.0000112056732178e+00 -1.4929479919373989e-02 
0.0000000000000000e+00 0.0000000000000000e+00 0.0000000000000000e+00 1.0000000000000000e+00 
Research-clockwise/0043.pcd
1.0000058412551880e+00 2.5455770082771778e-03 3.4615988843142986e-03 -2.5088079273700714e-02 
-2.5523570366203785e-03 1.0000022649765015e+00 1.4537384267896414e-03 6.1031017452478409e-02 
-3.4562004730105400e-03 -1.4592504594475031e-03 1.0000050067901611e+00 5.3672675043344498e-02 
0.0000000000000000e+00 0.0000000000000000e+00 0.0000000000000000e+00 1.0000000000000000e+00 
Research-clockwise/0044.pcd
1.0000032186508179e+00 -9.4129100034479052e-05 -2.4082059971988201e-03 1.6773361712694168e-02 
1.0184542770730332e-04 1.0000028610229492e+00 3.0827522277832031e-03 4.5252855867147446e-02 
2.4077936541289091e-03 -3.0834828503429890e-03 9.9999672174453735e-01 -2.8070574626326561e-02 
0.0000000000000000e+00 0.0000000000000000e+00 0.0000000000000000e+00 1.0000000000000000e+00 
Research-clockwise/0045.pcd
9.9999761581420898e-01 1.1273154086666182e-04 -5.4466444998979568e-03 1.4268123544752598e-02 
-1.1265572538832203e-04 1.0000065565109253e+00 1.1610746150836349e-04 5.1466859877109528e-03 
5.4475758224725723e-03 -1.1511961929500103e-04 9.9999356269836426e-01 -1.7803142964839935e-01 
0.0000000000000000e+00 0.0000000000000000e+00 0.0000000000000000e+00 1.0000000000000000e+00 
Research-clockwise/0046.pcd
1.0000076293945312e+00 5.0842313794419169e-04 -7.3762843385338783e-04 1.0692854411900043e-02 
-5.0861842464655638e-04 1.0000059604644775e+00 1.5088324289536104e-05 2.0175318059045821e-04 
7.3884421726688743e-04 -1.7260201275348663e-05 1.0000000000000000e+00 -4.6238978393375874e-03 
0.0000000000000000e+00 0.0000000000000000e+00 0.0000000000000000e+00 1.0000000000000000e+00 
Research-clockwise/0047.pcd
1.0000013113021851e+00 2.8458561282604933e-03 1.4924667775630951e-03 -1.1790603399276733e-02 
-2.8475923463702202e-03 1.0000034570693970e+00 2.7692154981195927e-04 8.3735264837741852e-02 
-1.4910325407981873e-03 -2.8024963103234768e-04 9.9999988079071045e-01 4.5996695756912231e-02 
0.0000000000000000e+00 0.0000000000000000e+00 0.0000000000000000e+00 1.0000000000000000e+00 
Research-clockwise/0048.pcd
1.0000016689300537e+00 5.1769316196441650e-03 2.5041981134563684e-03 -2.3366531357169151e-02 
-5.1676160655915737e-03 9.9998998641967773e-01 -4.2799012735486031e-03 1.1304655671119690e-01 
-2.5266057346016169e-03 4.2665144428610802e-03 9.9999588727951050e-01 3.0480554327368736e-02 
0.0000000000000000e+00 0.0000000000000000e+00 0.0000000000000000e+00 1.0000000000000000e+00 
Research-clockwise/0049.pcd
9.9999535083770752e-01 -4.7122288378886878e-04 -4.6410551294684410e-03 3.8990557193756104e-02 
4.7318721772171557e-04 1.0000048875808716e+00 3.9852515328675508e-04 5.5016230791807175e-02 
4.6399408020079136e-03 -3.9995709084905684e-04 9.9999356269836426e-01 -2.5835631415247917e-02 
0.0000000000000000e+00 0.0000000000000000e+00 0.0000000000000000e+00 1.0000000000000000e+00 
Research-clockwise/0050.pcd
9.9998819828033447e-01 6.6828327253460884e-03 -3.2569709583185613e-04 3.7474267184734344e-02 
-6.6789714619517326e-03 9.9994403123855591e-01 9.2353140935301781e-03 8.7783798575401306e-02 
3.8685381878167391e-04 -9.2337066307663918e-03 9.9996232986450195e-01 -2.0102253183722496e-03 
0.0000000000000000e+00 0.0000000000000000e+00 0.0000000000000000e+00 1.0000000000000000e+00 
Research-clockwise/0051.pcd
9.9995642900466919e-01 1.0976701974868774e-02 1.2461551232263446e-03 4.0059026330709457e-02 
-1.0970836505293846e-02 9.9994033575057983e-01 -4.7037964686751366e-03 1.0393599420785904e-01 
-1.2967762304469943e-03 4.6887197531759739e-03 9.9999094009399414e-01 -1.4357006875798106e-03 
0.0000000000000000e+00 0.0000000000000000e+00 0.0000000000000000e+00 1.0000000000000000e+00 
Research-clockwise/0052.pcd
9.9996936321258545e-01 8.1996908411383629e-03 3.0966044869273901e-04 4.5621585100889206e-02 
-8.1987334415316582e-03 9.9996256828308105e-01 -3.4781026188284159e-03 9.2111468315124512e-02 
-3.3782245009206235e-04 3.4754162188619375e-03 9.9999213218688965e-01 -1.4260713011026382e-02 
0.0000000000000000e+00 0.0000000000000000e+00 0.0000000000000000e+00 1.0000000000000000e+00 
Research-clockwise/0053.pcd
9.9997657537460327e-01 7.5599504634737968e-03 8.3066028309985995e-04 3.6956146359443665e-02 
-7.5611490756273270e-03 9.9997639656066895e-01 1.8635402666404843e-03 9.4370439648628235e-02 
-8.1802910426631570e-04 -1.8702418310567737e-03 1.0000016689300537e+00 7.0265936665236950e-03 
0.0000000000000000e+00 0.0000000000000000e+00 0.0000000000000000e+00 1.0000000000000000e+00 
Research-clockwise/0054.pcd
9.9998050928115845e-01 7.1965870447456837e-03 2.7338366489857435e-03 3.7392266094684601e-02 
-7.1956184692680836e-03 9.9998122453689575e-01 -5.2660185610875487e-04 9.8885804414749146e-02 
-2.7353214100003242e-03 5.0592538900673389e-04 1.0000033378601074e+00 2.2040367126464844e-02 
0.0000000000000000e+00 0.0000000000000000e+00 0.0000000000000000e+00 1.0000000000000000e+00 
Research-clockwise/0055.pcd
9.9994301795959473e-01 1.1832603253424168e-02 2.0308864768594503e-03 4.0382795035839081e-02 
-1.1826443485915661e-02 9.9993997812271118e-01 -2.9161621350795031e-03 1.0867322981357574e-01 
-2.0644043106585741e-03 2.8909316752105951e-03 1.0000001192092896e+00 4.0762745775282383e-03 
0.0000000000000000e+00 0.0000000000000000e+00 0.0000000000000000e+00 1.0000000000000000e+00 
Research-clockwise/0056.pcd
9.9992275238037109e-01 1.2731933966279030e-02 2.2271783091127872e-03 4.2927511036396027e-02 
-1.2736215256154537e-02 9.9992060661315918e-01 1.5906558837741613e-03 1.5199278295040131e-01 
-2.2069613914936781e-03 -1.6191038303077221e-03 9.9999994039535522e-01 -1.2610222212970257e-02 
0.0000000000000000e+00 0.0000000000000000e+00 0.0000000000000000e+00 1.0000000000000000e+00 
Research-clockwise/0057.pcd
9.9996763467788696e-01 9.0068420395255089e-03 1.2276477646082640e-03 3.9807684719562531e-02 
-9.0038515627384186e-03 9.9996381998062134e-01 -2.3267734795808792e-03 1.2028248608112335e-01 
-1.2489567743614316e-03 2.3163126315921545e-03 1.0000033378601074e+00 -7.0124268531799316e-03 
0.0000000000000000e+00 0.0000000000000000e+00 0.0000000000000000e+00 1.0000000000000000e+00 
Research-clockwise/0058.pcd
9.9998807907104492e-01 4.9151014536619186e-03 1.6781745944172144e-03 5.1057174801826477e-02 
-4.9060778692364693e-03 9.9998027086257935e-01 -5.3559476509690285e-03 1.2102823704481125e-01 
-1.7020130762830377e-03 5.3483196534216404e-03 9.9998545646667480e-01 7.9869460314512253e-03 
0.0000000000000000e+00 0.0000000000000000e+00 0.0000000000000000e+00 1.0000000000000000e+00 
Research-clockwise/0059.pcd
9.9998742341995239e-01 5.3513655439019203e-03 3.4638014622032642e-03 2.5511631742119789e-02 
-5.3535182960331440e-03 9.9999558925628662e-01 7.0743862306699157e-04 1.5936449170112610e-01 
-3.4579434432089329e-03 -7.2606554022058845e-04 9.9999624490737915e-01 1.3122212141752243e-02 
0.0000000000000000e+00 0.0000000000000000e+00 0.0000000000000000e+00 1.0000000000000000e+00 
Research-clockwise/0060.pcd
1.0000061988830566e+00 3.5195071250200272e-03 -4.9539434257894754e-04 2.4248803034424782e-02 
-3.5210968926548958e-03 1.0000056028366089e+00 -3.2256317790597677e-03 1.4979404211044312e-01 
4.8575032269582152e-04 3.2256285194307566e-03 9.9999666213989258e-01 4.8003923147916794e-03 
0.0000000000000000e+00 0.0000000000000000e+00 0.0000000000000000e+00 1.0000000000000000e+00 
Research-clockwise/0061.pcd
9.9998879432678223e-01 3.9403196424245834e-03 -3.3376808278262615e-03 2.6669790968298912e-02 
-3.9447019807994366e-03 9.9999415874481201e-01 -1.1748344404622912e-03 1.5392914414405823e-01 
3.3348139841109514e-03 1.1876958888024092e-03 9.9999535083770752e-01 1.0736533440649509e-03 
0.0000000000000000e+00 0.0000000000000000e+00 0.0000000000000000e+00 1.0000000000000000e+00 
Research-clockwise/0062.pcd
9.9999350309371948e-01 6.0655251145362854e-03 -5.7205406483262777e-04 1.9008757546544075e-02 
-6.0609476640820503e-03 9.9997651576995850e-01 6.0308766551315784e-03 1.9108082354068756e-01 
6.0754973674193025e-04 -6.0278978198766708e-03 9.9998664855957031e-01 9.6807172521948814e-03 
0.0000000000000000e+00 0.0000000000000000e+00 0.0000000000000000e+00 1.0000000000000000e+00 
Research-clockwise/0063.pcd
9.9999499320983887e-01 4.6604862436652184e-03 2.0516585209406912e-04 2.1353658288717270e-02 
-4.6597998589277267e-03 9.9999600648880005e-01 -1.0116981684404891e-05 2.0063506066799164e-01 
-2.0658422727137804e-04 8.5963729361537844e-06 1.0000020265579224e+00 1.2042327784001827e-02 
0.0000000000000000e+00 0.0000000000000000e+00 0.0000000000000000e+00 1.0000000000000000e+00 
Research-clockwise/0064.pcd
9.9999088048934937e-01 3.4979043994098902e-03 3.8676762487739325e-03 2.5257954373955727e-02 
-3.4799072891473770e-03 9.9998635053634644e-01 -4.7018853947520256e-03 1.8065431714057922e-01 
-3.8841241039335728e-03 4.6876370906829834e-03 9.9998486042022705e-01 1.2156312353909016e-02 
0.0000000000000000e+00 0.0000000000000000e+00 0.0000000000000000e+00 1.0000000000000000e+00 
Research-clockwise/0065.pcd
1.0000014305114746e+00 4.1178133687935770e-04 4.1779754683375359e-03 1.3072820380330086e-02 
-4.3182112858630717e-04 9.9999910593032837e-01 4.8683001659810543e-03 1.9489254057407379e-01 
-4.1765761561691761e-03 -4.8698033206164837e-03 9.9998998641967773e-01 -2.3746022488921881e-03 
0.0000000000000000e+00 0.0000000000000000e+00 0.0000000000000000e+00 1.0000000000000000e+00 
Research-clockwise/0066.pcd
1.0000014305114746e+00 -3.2544697169214487e-03 1.7271211836487055e-03 7.6407170854508877e-03 
3.2460296060889959e-03 9.9998933076858521e-01 4.8825028352439404e-03 2.1308638155460358e-01 
-1.7434834735468030e-03 -4.8769596032798290e-03 9.9999141693115234e-01 7.8945234417915344e-04 
0.0000000000000000e+00 0.0000000000000000e+00 0.0000000000000000e+00 1.0000000000000000e+00 
Research-clockwise/0067.pcd
1.0000053644180298e+00 -3.4424236509948969e-03 -2.4052686057984829e-03 -6.0084024444222450e-03 
3.4505210351198912e-03 9.9999564886093140e-01 3.4787107724696398e-03 2.1825695037841797e-01 
2.3950263857841492e-03 -3.4877744037657976e-03 9.9999326467514038e-01 -9.7943516448140144e-03 
0.0000000000000000e+00 0.0000000000000000e+00 0.0000000000000000e+00 1.0000000000000000e+00 
Research-clockwise/0068.pcd
9.9998152256011963e-01 -4.7448840923607349e-03 -5.2719376981258392e-03 -7.1007953956723213e-03 
4.7611533664166927e-03 9.9999248981475830e-01 3.0252460855990648e-03 2.2309423983097076e-01 
5.2569839172065258e-03 -3.0497829429805279e-03 9.9998635053634644e-01 3.6880124825984240e-03 
0.0000000000000000e+00 0.0000000000000000e+00 0.0000000000000000e+00 1.0000000000000000e+00 
Research-clockwise/0069.pcd
9.9998176097869873e-01 -5.1676924340426922e-03 -5.1315496675670147e-03 1.7845839029178023e-03 
5.1862932741641998e-03 9.9998503923416138e-01 3.7211242597550154e-03 2.2702053189277649e-01 
5.1123541779816151e-03 -3.7473663687705994e-03 9.9997872114181519e-01 3.3607347868382931e-03 
0.0000000000000000e+00 0.0000000000000000e+00 0.0000000000000000e+00 1.0000000000000000e+00 
Research-clockwise/0070.pcd
9.9999195337295532e-01 -4.7820741310715675e-03 -4.3099578469991684e-03 -4.8606744967401028e-03 
4.8015434294939041e-03 9.9999046325683594e-01 4.4391308911144733e-03 2.2459599375724792e-01 
4.2875939980149269e-03 -4.4598709791898727e-03 9.9998801946640015e-01 -1.9230452599003911e-03 
0.0000000000000000e+00 0.0000000000000000e+00 0.0000000000000000e+00 1.0000000000000000e+00 
Research-clockwise/0071.pcd
9.9998646974563599e-01 -5.5291554890573025e-03 -2.8815073892474174e-03 3.6264388472773135e-04 
5.5370046757161617e-03 9.9998348951339722e-01 3.0559261795133352e-03 2.3084551095962524e-01 
2.8633738402277231e-03 -3.0712983570992947e-03 9.9999046325683594e-01 9.2383213341236115e-03 
0.0000000000000000e+00 0.0000000000000000e+00 0.0000000000000000e+00 1.0000000000000000e+00 
Research-clockwise/0072.pcd
9.9998474121093750e-01 -6.6170287318527699e-03 -4.0876326966099441e-04 1.7998727271333337e-03 
6.6163172014057636e-03 9.9997919797897339e-01 5.8232288574799895e-04 2.1255406737327576e-01 
4.0634162724018097e-04 -5.8510038070380688e-04 1.0000042915344238e+00 1.5635117888450623e-02 
0.0000000000000000e+00 0.0000000000000000e+00 0.0000000000000000e+00 1.0000000000000000e+00 
Research-clockwise/0073.pcd
9.9999189376831055e-01 -4.8391586169600487e-03 1.4830519212409854e-03 9.9264699965715408e-03 
4.8346063122153282e-03 9.9998676776885986e-01 2.8224510606378317e-03 2.0442289113998413e-01 
-1.4957911334931850e-03 -2.8150933794677258e-03 9.9999582767486572e-01 1.1907690204679966e-02 
0.0000000000000000e+00 0.0000000000000000e+00 0.0000000000000000e+00 1.0000000000000000e+00 
Research-clockwise/0074.pcd
9.9997776746749878e-01 -6.9204159080982208e-03 -1.4849168946966529e-03 -2.0656669512391090e-03 
6.9216778501868248e-03 9.9997997283935547e-01 8.5472827777266502e-04 1.8152666091918945e-01 
1.4788681874051690e-03 -8.6511054541915655e-04 9.9999970197677612e-01 5.1599424332380295e-03 
0.0000000000000000e+00 0.0000000000000000e+00 0.0000000000000000e+00 1.0000000000000000e+00 
Research-clockwise/0075.pcd
9.9996352195739746e-01 -7.8751649707555771e-03 -4.9659823998808861e-03 -2.9662955785170197e-04 
7.8420694917440414e-03 9.9995303153991699e-01 -6.6906572319567204e-03 2.1464160084724426e-01 
5.0174375064671040e-03 6.6514583304524422e-03 9.9997144937515259e-01 1.3425603508949280e-02 
0.0000000000000000e+00 0.0000000000000000e+00 0.0000000000000000e+00 1.0000000000000000e+00 
Research-clockwise/0076.pcd
9.9999922513961792e-01 -2.9032200109213591e-03 -3.5650969948619604e-03 1.8358059460297227e-03 
2.8928273823112249e-03 1.0000032186508179e+00 -2.8577139601111412e-03 2.7488261461257935e-01 
3.5736532881855965e-03 2.8463935013860464e-03 9.9999278783798218e-01 1.6151465475559235e-02 
0.0000000000000000e+00 0.0000000000000000e+00 0.0000000000000000e+00 1.0000000000000000e+00 
Research-clockwise/0077.pcd
1.0000003576278687e+00 -4.4193570502102375e-03 -1.0945245157927275e-03 -7.5260270386934280e-03 
4.4212820939719677e-03 9.9999237060546875e-01 2.2322186268866062e-03 2.3598167300224304e-01 
1.0852769482880831e-03 -2.2382126189768314e-03 1.0000007152557373e+00 9.8069515079259872e-03 
0.0000000000000000e+00 0.0000000000000000e+00 0.0000000000000000e+00 1.0000000000000000e+00 
Research-clockwise/0078.pcd
9.9998396635055542e-01 -6.2497756443917751e-03 -9.3627610476687551e-04 -7.8219547867774963e-03 
6.2416093423962593e-03 9.9995309114456177e-01 -7.3382938280701637e-03 2.3697829246520996e-01 
9.8192424047738314e-04 7.3322858661413193e-03 9.9997437000274658e-01 2.3561097681522369e-02 
0.0000000000000000e+00 0.0000000000000000e+00 0.0000000000000000e+00 1.0000000000000000e+00 
Research-clockwise/0079.pcd
9.9999386072158813e-01 -5.5718980729579926e-03 -1.4328699035104364e-04 4.3442272581160069e-03 
5.5713993497192860e-03 9.9997019767761230e-01 -7.0415539667010307e-03 2.5019013881683350e-01 
1.8632580759003758e-04 7.0391674526035786e-03 9.9997538328170776e-01 2.5943415239453316e-02 
0.0000000000000000e+00 0.0000000000000000e+00 0.0000000000000000e+00 1.0000000000000000e+00 
Research-clockwise/0080.pcd
9.9998784065246582e-01 -6.1668516136705875e-03 1.6146586276590824e-03 9.7227259539067745e-04 
6.1623207293450832e-03 9.9998378753662109e-01 3.0198274180293083e-03 2.4929702281951904e-01 
-1.6353302635252476e-03 -3.0090573709458113e-03 9.9999356269836426e-01 1.3960867188870907e-02 
0.0000000000000000e+00 0.0000000000000000e+00 0.0000000000000000e+00 1.0000000000000000e+00 
Research-clockwise/0081.pcd
9.9994391202926636e-01 -1.1320414021611214e-02 -4.4769647502107546e-05 -1.3902757316827774e-02 
1.1319695971906185e-02 9.9992954730987549e-01 -4.9158884212374687e-03 2.3996162414550781e-01 
9.7522191936150193e-05 4.9154716543853283e-03 9.9999296665191650e-01 1.4533530920743942e-02 
0.0000000000000000e+00 0.0000000000000000e+00 0.0000000000000000e+00 1.0000000000000000e+00 
Research-clockwise/0082.pcd
9.9995738267898560e-01 -9.9567305296659470e-03 -3.9389161975122988e-04 -1.0175444185733795e-02 
9.9494159221649170e-03 9.9983108043670654e-01 -1.5898987650871277e-02 2.4370813369750977e-01 
5.5087206419557333e-04 1.5893835574388504e-02 9.9987554550170898e-01 2.4616179987788200e-02 
0.0000000000000000e+00 0.0000000000000000e+00 0.0000000000000000e+00 1.0000000000000000e+00 
Research-clockwise/0083.pcd
9.9998527765274048e-01 -6.6864881664514542e-03 1.6868616221472621e-03 8.4585854783654213e-03 
6.6841184161603451e-03 9.9998378753662109e-01 1.3662064447999001e-03 2.8782954812049866e-01 
-1.6968264244496822e-03 -1.3548610731959343e-03 1.0000051259994507e+00 9.0466011315584183e-03 
0.0000000000000000e+00 0.0000000000000000e+00 0.0000000000000000e+00 1.0000000000000000e+00 
Research-clockwise/0084.pcd
9.9997216463088989e-01 -8.4249516949057579e-03 1.7433023313060403e-03 -8.6773149669170380e-03 
8.4101529791951180e-03 9.9993777275085449e-01 8.6929984390735626e-03 2.5125792622566223e-01 
-1.8184437649324536e-03 -8.6773335933685303e-03 9.9996703863143921e-01 -8.3346763858571649e-04 
0.0000000000000000e+00 0.0000000000000000e+00 0.0000000000000000e+00 1.0000000000000000e+00 
Research-clockwise/0085.pcd
9.9996751546859741e-01 -9.0916771441698074e-03 -9.8601682111620903e-04 -8.4358919411897659e-03 
9.0950932353734970e-03 9.9996054172515869e-01 3.1841809395700693e-03 2.6596897840499878e-01 
9.5547165255993605e-04 -3.1928159296512604e-03 9.9999850988388062e-01 1.0425147600471973e-02 
0.0000000000000000e+00 0.0000000000000000e+00 0.0000000000000000e+00 1.0000000000000000e+00 
Research-clockwise/0086.pcd
9.9994158744812012e-01 -1.1577802710235119e-02 -3.6581707536242902e-04 4.4085010886192322e-03 
1.1578416451811790e-02 9.9994051456451416e-01 5.6297006085515022e-04 2.4720752239227295e-01 
3.5692332312464714e-04 -5.6725309696048498e-04 1.0000011920928955e+00 1.4035735279321671e-02 
0.0000000000000000e+00 0.0000000000000000e+00 0.0000000000000000e+00 1.0000000000000000e+00 
Research-clockwise/0087.pcd
9.9996340274810791e-01 -9.2046298086643219e-03 2.5992954615503550e-03 -6.1509921215474606e-03 
9.1904206201434135e-03 9.9994921684265137e-01 5.3115971386432648e-03 2.6470810174942017e-01 
-2.6475663762539625e-03 -5.2877049893140793e-03 9.9998617172241211e-01 7.0563498884439468e-03 
0.0000000000000000e+00 0.0000000000000000e+00 0.0000000000000000e+00 1.0000000000000000e+00 
Research-clockwise/0088.pcd
9.9994462728500366e-01 -1.0948891751468182e-02 9.3597445811610669e-05 1.6733418451622128e-03 
1.0947829112410545e-02 9.9992400407791138e-01 5.8820908889174461e-03 2.3052516579627991e-01 
-1.5803443966433406e-04 -5.8806682936847210e-03 9.9998462200164795e-01 2.9615014791488647e-03 
0.0000000000000000e+00 0.0000000000000000e+00 0.0000000000000000e+00 1.0000000000000000e+00 
Research-clockwise/0089.pcd
9.9994486570358276e-01 -1.1327390559017658e-02 -9.3939894577488303e-04 -2.4243927327916026e-04 
1.1321479454636574e-02 9.9992221593856812e-01 -6.5490668639540672e-03 2.8051915764808655e-01 
1.0112889576703310e-03 6.5381312742829323e-03 9.9998480081558228e-01 1.7207339406013489e-02 
0.0000000000000000e+00 0.0000000000000000e+00 0.0000000000000000e+00 1.0000000000000000e+00 
Research-clockwise/0090.pcd
9.9995303153991699e-01 -1.0633080266416073e-02 3.9636387373320758e-04 3.7489912938326597e-04 
1.0631559416651726e-02 9.9993962049484253e-01 5.2411491051316261e-03 2.6936894655227661e-01 
-4.5443486305885017e-04 -5.2361269481480122e-03 9.9999034404754639e-01 1.0241576470434666e-02 
0.0000000000000000e+00 0.0000000000000000e+00 0.0000000000000000e+00 1.0000000000000000e+00 
Research-clockwise/0091.pcd
9.9996417760848999e-01 -9.5425685867667198e-03 2.9170158086344600e-04 1.5091847628355026e-02 
9.5412600785493851e-03 9.9996089935302734e-01 1.7919929232448339e-03 2.2505877912044525e-01 
-3.0805281130596995e-04 -1.7891693860292435e-03 1.0000038146972656e+00 9.0076373890042305e-03 
0.0000000000000000e+00 0.0000000000000000e+00 0.0000000000000000e+00 1.0000000000000000e+00 
Research-clockwise/0092.pcd
9.9997460842132568e-01 -9.7195524722337723e-03 -6.2688358593732119e-04 -1.4157112454995513e-03 
9.7056152299046516e-03 9.9982422590255737e-01 -1.6793984919786453e-02 2.3029869794845581e-01 
7.9343939432874322e-04 1.6786204650998116e-02 9.9986827373504639e-01 2.0406171679496765e-02 
0.0000000000000000e+00 0.0000000000000000e+00 0.0000000000000000e+00 1.0000000000000000e+00 
Research-clockwise/0093.pcd
9.9999982118606567e-01 -4.7253770753741264e-03 -1.1046150466427207e-03 -1.6740433638915420e-03 
4.7226534225046635e-03 9.9999547004699707e-01 -2.5380598381161690e-03 2.9728078842163086e-01 
1.1172781232744455e-03 2.5331382639706135e-03 1.0000003576278687e+00 4.8016449436545372e-03 
0.0000000000000000e+00 0.0000000000000000e+00 0.0000000000000000e+00 1.0000000000000000e+00 
Research-clockwise/0094.pcd
9.9996429681777954e-01 -9.4044450670480728e-03 1.4829750871285796e-03 -2.7028119657188654e-03 
9.3832854181528091e-03 9.9986881017684937e-01 1.3581741601228714e-02 2.7918875217437744e-01 
-1.6107264673337340e-03 -1.3566560111939907e-02 9.9991321563720703e-01 2.8015554416924715e-03 
0.0000000000000000e+00 0.0000000000000000e+00 0.0000000000000000e+00 1.0000000000000000e+00 
Research-clockwise/0095.pcd
1.0000077486038208e+00 -2.7133114635944366e-03 1.5985677018761635e-03 -3.8380658952519298e-04 
2.6880786754190922e-03 9.9989014863967896e-01 1.5227394178509712e-02 2.2076396644115448e-01 
-1.6384349437430501e-03 -1.5222972258925438e-02 9.9988746643066406e-01 -9.8624834790825844e-03 
0.0000000000000000e+00 0.0000000000000000e+00 0.0000000000000000e+00 1.0000000000000000e+00 
Research-clockwise/0096.pcd
9.9999338388442993e-01 -3.5979626700282097e-03 -1.1366975959390402e-03 1.2836448848247528e-02 
3.5972357727587223e-03 9.9999153614044189e-01 -7.7549781417474151e-04 2.5630778074264526e-01 
1.1402358068153262e-03 7.6978222932666540e-04 1.0000026226043701e+00 5.2553741261363029e-03 
0.0000000000000000e+00 0.0000000000000000e+00 0.0000000000000000e+00 1.0000000000000000e+00 
Research-clockwise/0097.pcd
1.0000021457672119e+00 -4.8689539544284344e-03 8.1013079034164548e-04 1.5904618427157402e-02 
4.8746764659881592e-03 9.9994480609893799e-01 -1.0100536048412323e-02 2.8148320317268372e-01 
-7.5890956213697791e-04 1.0103835724294186e-02 9.9995303153991699e-01 1.8575763329863548e-02 
0.0000000000000000e+00 0.0000000000000000e+00 0.0000000000000000e+00 1.0000000000000000e+00 
Research-clockwise/0098.pcd
1.0000083446502686e+00 -1.9852411933243275e-03 2.2636745125055313e-03 1.6994507983326912e-02 
1.9567506387829781e-03 9.9993628263473511e-01 1.1879918165504932e-02 2.9187676310539246e-01 
-2.2876891307532787e-03 -1.1877004988491535e-02 9.9993491172790527e-01 2.5275892112404108e-03 
0.0000000000000000e+00 0.0000000000000000e+00 0.0000000000000000e+00 1.0000000000000000e+00 
