Research-counter/0000.pcd
-6.2933939695358276e-01 7.7713060379028320e-01 0.0000000000000000e+00 0.0000000000000000e+00 
-7.7713060379028320e-01 -6.2933939695358276e-01 -0.0000000000000000e+00 0.0000000000000000e+00 
-0.0000000000000000e+00 0.0000000000000000e+00 1.0000000000000000e+00 0.0000000000000000e+00 
0.0000000000000000e+00 0.0000000000000000e+00 0.0000000000000000e+00 1.0000000000000000e+00 
Research-counter/0001.pcd
1.0000097751617432e+00 -3.0981722375145182e-05 4.9966861297434662e-06 -2.9297003056854010e-03 
3.0984247132437304e-05 1.0000078678131104e+00 4.5329848944675177e-05 3.5826296880259179e-06 
-4.5397714529826771e-06 -4.9203568778466433e-05 1.0000057220458984e+00 -8.5148443758953363e-05 
0.0000000000000000e+00 0.0000000000000000e+00 0.0000000000000000e+00 1.0000000000000000e+00 
Research-counter/0002.pcd
1.0000126361846924e+00 -1.0700420243665576e-03 -2.4884395315893926e-05 -4.9816299229860306e-02 
1.0719767305999994e-03 1.0000057220458984e+00 1.2981501640751958e-03 1.9402083707973361e-03 
2.1912441297899932e-05 -1.2949293013662100e-03 1.0000092983245850e+00 -1.0336607228964567e-03 
0.0000000000000000e+00 0.0000000000000000e+00 0.0000000000000000e+00 1.0000000000000000e+00 
Research-counter/0003.pcd
1.0000076293945312e+00 -3.5201919672545046e-05 8.8103024609154090e-06 -3.0578467994928360e-03 
3.4822078305296600e-05 1.0000096559524536e+00 5.3936615586280823e-05 8.5278843471314758e-05 
-1.2428460649971385e-05 -4.2633255361579359e-05 9.9999237060546875e-01 -2.1140743046998978e-04 
0.0000000000000000e+00 0.0000000000000000e+00 0.0000000000000000e+00 1.0000000000000000e+00 
Research-counter/0004.pcd
9.9999701976776123e-01 -3.1887404475128278e-05 4.3233799260633532e-06 -2.9994437936693430e-03 
3.1672170734964311e-05 1.0000054836273193e+00 4.5814449549652636e-05 5.9282036090735346e-05 
-4.5571719056169968e-06 -5.1083898142678663e-05 1.0000050067901611e+00 -1.9466329831629992e-04 
0.0000000000000000e+00 0.0000000000000000e+00 0.0000000000000000e+00 1.0000000000000000e+00 
Research-counter/0005.pcd
1.0000084638595581e+00 -1.1735670268535614e-03 5.7042750995606184e-05 -4.6719256788492203e-02 
1.1743750656023622e-03 1.0000060796737671e+00 1.6912367427721620e-03 2.6439016219228506e-03 
-6.0260561440372840e-05 -1.6872307751327753e-03 1.0000066757202148e+00 -8.9570443378761411e-04 
0.0000000000000000e+00 0.0000000000000000e+00 0.0000000000000000e+00 1.0000000000000000e+00 
Research-counter/0006.pcd
1.0000095367431641e+00 -1.0726179461926222e-03 1.1602667655097321e-04 -5.2325364202260971e-02 
1.0726675391197205e-03 1.0000070333480835e+00 1.7214565305039287e-03 2.6486879214644432e-03 
-1.1730256665032357e-04 -1.7256306018680334e-03 1.0000104904174805e+00 -1.0114968754351139e-03 
0.0000000000000000e+00 0.0000000000000000e+00 0.0000000000000000e+00 1.0000000000000000e+00 
Research-counter/0007.pcd
1.0000095367431641e+00 -1.1174525134265423e-03 2.7847483579535037e-05 -5.0242777913808823e-02 
1.1186422780156136e-03 1.0000075101852417e+00 1.9081275677308440e-03 2.5918227620422840e-03 
-2.9588385586976074e-05 -1.9049801630899310e-03 1.0000131130218506e+00 -1.0726765030995011e-03 
0.0000000000000000e+00 0.0000000000000000e+00 0.0000000000000000e+00 1.0000000000000000e+00 
Research-counter/0008.pcd
1.0000088214874268e+00 -1.1544758453965187e-03 7.0238958869595081e-05 -5.3183868527412415e-02 
1.1557204416021705e-03 1.0000009536743164e+00 1.8170699477195740e-03 2.8648807201534510e-03 
-7.4074043368455023e-05 -1.8225047970190644e-03 1.0000092983245850e+00 -7.3907343903556466e-04 
0.0000000000000000e+00 0.0000000000000000e+00 0.0000000000000000e+00 1.0000000000000000e+00 
Research-counter/0009.pcd
1.0000073909759521e+00 -1.4324972871690989e-03 7.8121323895175010e-05 -7.5659319758415222e-02 
1.4320941409096122e-03 9.9999952316284180e-01 2.2773225791752338e-03 3.7351988721638918e-03 
-8.2094033132307231e-05 -2.2823954932391644e-03 1.0000004768371582e+00 -1.2994095450267196e-03 
0.0000000000000000e+00 0.0000000000000000e+00 0.0000000000000000e+00 1.0000000000000000e+00 
Research-counter/0010.pcd
1.0000269412994385e+00 -1.1518114479258657e-03 -3.4891556424554437e-05 -5.5145882070064545e-02 
1.1539700208231807e-03 1.0000110864639282e+00 1.4462909894064069e-03 2.2882213816046715e-03 
2.9787162930006161e-05 -1.4429904986172915e-03 1.0000108480453491e+00 -9.0149574680253863e-04 
0.0000000000000000e+00 0.0000000000000000e+00 0.0000000000000000e+00 1.0000000000000000e+00 
Research-counter/0011.pcd
1.0000028610229492e+00 -5.3262355504557490e-04 5.4696858569514006e-05 -3.9516054093837738e-03 
5.3266366012394428e-04 1.0000077486038208e+00 -1.6474083531647921e-04 2.2724654525518417e-02 
-5.3020867198938504e-05 1.6937777400016785e-04 1.0000131130218506e+00 -1.2570038670673966e-03 
0.0000000000000000e+00 0.0000000000000000e+00 0.0000000000000000e+00 1.0000000000000000e+00 
Research-counter/0012.pcd
1.0000053644180298e+00 1.0822638869285583e-03 -6.0621292504947633e-05 5.1954843103885651e-02 
-1.0828756494447589e-03 1.0000058412551880e+00 -1.8389656906947494e-03 -2.9484392143785954e-03 
5.8871988585451618e-05 1.8365136347711086e-03 1.0000046491622925e+00 9.5132476417347789e-04 
0.0000000000000000e+00 0.0000000000000000e+00 0.0000000000000000e+00 1.0000000000000000e+00 
Research-counter/0013.pcd
1.0000187158584595e+00 1.2955063721165061e-03 -6.5425439970567822e-05 7.8801758587360382e-02 
-1.2939537409693003e-03 1.0000095367431641e+00 -2.3587185423821211e-03 -3.9429329335689545e-03 
6.1160644690971822e-05 2.3592147044837475e-03 1.0000097751617432e+00 1.7479251837357879e-03 
0.0000000000000000e+00 0.0000000000000000e+00 0.0000000000000000e+00 1.0000000000000000e+00 
Research-counter/0014.pcd
1.0000089406967163e+00 1.3402758631855249e-03 -6.9332127168308944e-05 7.6446905732154846e-02 
-1.3395558344200253e-03 9.9999970197677612e-01 -2.5564865209162235e-03 -3.7920675240457058e-03 
6.3667364884167910e-05 2.5544876698404551e-03 1.0000046491622925e+00 1.8502965103834867e-03 
0.0000000000000000e+00 0.0000000000000000e+00 0.0000000000000000e+00 1.0000000000000000e+00 
Research-counter/0015.pcd
1.0000041723251343e+00 -1.5279931249096990e-03 -6.4156012376770377e-04 6.6604457795619965e-02 
1.5287642600014806e-03 1.0000013113021851e+00 3.1769690103828907e-03 1.6762519255280495e-02 
6.3721055630594492e-04 -3.1811352819204330e-03 1.0000005960464478e+00 3.0688841361552477e-03 
0.0000000000000000e+00 0.0000000000000000e+00 0.0000000000000000e+00 1.0000000000000000e+00 
Research-counter/0016.pcd
1.0000007152557373e+00 6.5789325162768364e-04 1.1545884190127254e-03 3.4545168280601501e-02 
-6.5491336863487959e-04 9.9999845027923584e-01 -3.6778270732611418e-03 3.9927154779434204e-02 
-1.1555836535990238e-03 3.6728358827531338e-03 9.9999815225601196e-01 6.2341955490410328e-03 
0.0000000000000000e+00 0.0000000000000000e+00 0.0000000000000000e+00 1.0000000000000000e+00 
Research-counter/0017.pcd
9.9999642372131348e-01 -1.7502380069345236e-04 -4.4201075797900558e-04 6.1879355460405350e-02 
1.7422948440071195e-04 9.9999833106994629e-01 -5.5190589046105742e-04 1.9597074016928673e-02 
4.4121549581177533e-04 5.5230676662176847e-04 9.9999958276748657e-01 4.1048647835850716e-03 
0.0000000000000000e+00 0.0000000000000000e+00 0.0000000000000000e+00 1.0000000000000000e+00 
Research-counter/0018.pcd
1.0000116825103760e+00 8.2099175779148936e-04 -2.9718881705775857e-04 6.4494803547859192e-02 
-8.2052918151021004e-04 1.0000060796737671e+00 -1.0699696140363812e-03 -1.1400921503081918e-03 
2.9618889675475657e-04 1.0686825262382627e-03 1.0000089406967163e+00 1.6358710126951337e-03 
0.0000000000000000e+00 0.0000000000000000e+00 0.0000000000000000e+00 1.0000000000000000e+00 
Research-counter/0019.pcd
1.0000076293945312e+00 -3.9885746082291007e-04 -7.0923153543844819e-04 5.9855602681636810e-02 
4.0009885560721159e-04 1.0000042915344238e+00 1.7798598855733871e-04 2.1068807691335678e-02 
7.0555054116994143e-04 -1.7727485101204365e-04 9.9999916553497314e-01 4.6441140584647655e-03 
0.0000000000000000e+00 0.0000000000000000e+00 0.0000000000000000e+00 1.0000000000000000e+00 
Research-counter/0020.pcd
1.0000108480453491e+00 -9.1073114890605211e-04 -1.6817329742480069e-04 3.5891849547624588e-02 
9.1143028112128377e-04 1.0000076293945312e+00 -4.5404897537082434e-04 4.5348431915044785e-02 
1.6623354167677462e-04 4.5341788791120052e-04 1.0000046491622925e+00 3.9350735023617744e-03 
0.0000000000000000e+00 0.0000000000000000e+00 0.0000000000000000e+00 1.0000000000000000e+00 
Research-counter/0021.pcd
1.0000030994415283e+00 8.9755706721916795e-04 -2.2634907509200275e-04 5.9728793799877167e-02 
-8.9756300440058112e-04 1.0000019073486328e+00 -1.4003514079377055e-03 -1.8075148109346628e-03 
2.2454072313848883e-04 1.4050041791051626e-03 1.0000002384185791e+00 1.5964607009664178e-03 
0.0000000000000000e+00 0.0000000000000000e+00 0.0000000000000000e+00 1.0000000000000000e+00 
Research-counter/0022.pcd
1.0000114440917969e+00 1.1742382775992155e-03 -1.1921882105525583e-04 7.3593877255916595e-02 
-1.1732385028153658e-03 1.0000051259994507e+00 -2.1409839391708374e-03 -3.1372841913253069e-03 
1.1345577513566241e-04 2.1419392433017492e-03 1.0000084638595581e+00 1.4392499579116702e-03 
0.0000000000000000e+00 0.0000000000000000e+00 0.0000000000000000e+00 1.0000000000000000e+00 
Research-counter/0023.pcd
1.0000097751617432e+00 1.1601009646255989e-05 -7.4484746619418729e-06 8.0838362919166684e-04 
-8.7952166722971015e-06 1.0000029802322388e+00 -6.1378591453831177e-06 -1.5264544344972819e-04 
8.0165536928689107e-06 1.1827099115180317e-05 1.0000108480453491e+00 2.3246950877364725e-04 
0.0000000000000000e+00 0.0000000000000000e+00 0.0000000000000000e+00 1.0000000000000000e+00 
Research-counter/0024.pcd
1.0000162124633789e+00 1.1432730389060453e-05 -1.5719798511781846e-06 1.1010514572262764e-03 
-1.0223555364063941e-05 1.0000047683715820e+00 -3.0577408324461430e-05 9.0340043243486434e-05 
1.6966615135061147e-07 2.4555403797421604e-05 1.0000163316726685e+00 6.2299179262481630e-05 
0.0000000000000000e+00 0.0000000000000000e+00 0.0000000000000000e+00 1.0000000000000000e+00 
Research-counter/0025.pcd
1.0000090599060059e+00 3.3834392525022849e-05 -8.3664253907045349e-06 3.1550913117825985e-03 
-3.3191805414389819e-05 1.0000023841857910e+00 -4.4720207370119169e-05 -4.5073269575368613e-05 
7.6358792284736410e-06 4.2615767597453669e-05 1.0000067949295044e+00 9.8016265837941319e-05 
0.0000000000000000e+00 0.0000000000000000e+00 0.0000000000000000e+00 1.0000000000000000e+00 
Research-counter/0026.pcd
1.0000091791152954e+00 3.2721913157729432e-05 -9.4438937594532035e-06 3.1036960426717997e-03 
-3.3499734854558483e-05 1.0000052452087402e+00 -5.5440479627577588e-05 -5.9378831792855635e-05 
8.5887177192489617e-06 4.9901951570063829e-05 1.0000046491622925e+00 3.5134586505591869e-04 
0.0000000000000000e+00 0.0000000000000000e+00 0.0000000000000000e+00 1.0000000000000000e+00 
Research-counter/0027.pcd
1.0000004768371582e+00 2.6706278731580824e-05 -3.9022606870275922e-06 2.5434375274926424e-03 
-2.5921917767846026e-05 1.0000042915344238e+00 -3.9637052395846695e-05 -5.7749592087930068e-05 
3.3829603580670664e-06 3.9146256312960759e-05 1.0000050067901611e+00 1.4003287651576102e-04 
0.0000000000000000e+00 0.0000000000000000e+00 0.0000000000000000e+00 1.0000000000000000e+00 
Research-counter/0028.pcd
1.0000053644180298e+00 1.1164879106217995e-04 -2.1797452518512728e-06 8.7804673239588737e-03 
-1.1083303979830816e-04 1.0000028610229492e+00 -1.7991178901866078e-04 -1.6715124365873635e-04 
3.2836567243066384e-06 1.8011743668466806e-04 1.0000091791152954e+00 4.9150671111419797e-04 
0.0000000000000000e+00 0.0000000000000000e+00 0.0000000000000000e+00 1.0000000000000000e+00 
Research-counter/0029.pcd
1.0000032186508179e+00 1.2120875762775540e-03 1.0763516002043616e-05 5.0147667527198792e-02 
-1.2126547517254949e-03 1.0000040531158447e+00 -1.6439461614936590e-03 -2.4896378163248301e-03 
-1.4569414815923665e-05 1.6460486222058535e-03 1.0000034570693970e+00 1.4576942194253206e-03 
0.0000000000000000e+00 0.0000000000000000e+00 0.0000000000000000e+00 1.0000000000000000e+00 
Research-counter/0030.pcd
1.0000077486038208e+00 1.2797150993719697e-03 -3.8865975511725992e-05 9.3559779226779938e-02 
-1.2793801724910736e-03 1.0000010728836060e+00 -3.1499341130256653e-03 -4.5366114936769009e-03 
3.3865835575852543e-05 3.1511250417679548e-03 9.9999845027923584e-01 1.5518021536991000e-03 
0.0000000000000000e+00 0.0000000000000000e+00 0.0000000000000000e+00 1.0000000000000000e+00 
Research-counter/0031.pcd
1.0000087022781372e+00 8.6494866991415620e-04 -3.6677491152659059e-04 6.7203417420387268e-02 
-8.6479261517524719e-04 1.0000050067901611e+00 -8.6732330964878201e-04 -1.2732263421639800e-03 
3.6558299325406551e-04 8.6559721967205405e-04 1.0000119209289551e+00 1.5068491920828819e-03 
0.0000000000000000e+00 0.0000000000000000e+00 0.0000000000000000e+00 1.0000000000000000e+00 
Research-counter/0032.pcd
1.0000046491622925e+00 1.0259019909426570e-03 -3.1300404225476086e-04 7.7106982469558716e-02 
-1.0259669506922364e-03 1.0000032186508179e+00 -9.1275956947356462e-04 -1.3632877962663770e-03 
3.1065178336575627e-04 9.0637488756328821e-04 1.0000017881393433e+00 1.6930073034018278e-03 
0.0000000000000000e+00 0.0000000000000000e+00 0.0000000000000000e+00 1.0000000000000000e+00 
Research-counter/0033.pcd
1.0000066757202148e+00 1.2445730390027165e-03 -9.9005650554317981e-05 6.9378405809402466e-02 
-1.2443499872460961e-03 1.0000030994415283e+00 -1.8993762787431479e-03 -3.3818082883954048e-03 
9.5049479568842798e-05 1.8944574985653162e-03 1.0000028610229492e+00 1.6055578598752618e-03 
0.0000000000000000e+00 0.0000000000000000e+00 0.0000000000000000e+00 1.0000000000000000e+00 
Research-counter/0034.pcd
1.0000108480453491e+00 1.4422200620174408e-03 9.2279828095342964e-05 8.1893846392631531e-02 
-1.4416015474125743e-03 1.0000071525573730e+00 -2.8288504108786583e-03 -4.8670466057956219e-03 
-9.7038166131824255e-05 2.8319626580923796e-03 9.9999767541885376e-01 1.8776252400130033e-03 
0.0000000000000000e+00 0.0000000000000000e+00 0.0000000000000000e+00 1.0000000000000000e+00 
Research-counter/0035.pcd
1.0000071525573730e+00 1.1913612252101302e-03 -2.6464120310265571e-05 7.7336102724075317e-02 
-1.1903692502528429e-03 9.9999326467514038e-01 -3.2889607828110456e-03 -5.1349424757063389e-03 
2.3393487936118618e-05 3.2887544948607683e-03 9.9999946355819702e-01 1.6091376310214400e-03 
0.0000000000000000e+00 0.0000000000000000e+00 0.0000000000000000e+00 1.0000000000000000e+00 
Research-counter/0036.pcd
1.0000143051147461e+00 1.3308121124282479e-03 -2.5230705432477407e-05 7.2014473378658295e-02 
-1.3288682093843818e-03 1.0000046491622925e+00 -2.2874143905937672e-03 -4.0284092538058758e-03 
2.1253988961689174e-05 2.2819121368229389e-03 1.0000100135803223e+00 1.3631929177790880e-03 
0.0000000000000000e+00 0.0000000000000000e+00 0.0000000000000000e+00 1.0000000000000000e+00 
Research-counter/0037.pcd
1.0000138282775879e+00 1.0870837140828371e-03 -1.8225813983008265e-04 7.3045067489147186e-02 
-1.0854884749278426e-03 1.0000060796737671e+00 -1.6213967464864254e-03 -2.8326902538537979e-03 
1.7827913688961416e-04 1.6215118812397122e-03 1.0000042915344238e+00 1.8388819880783558e-03 
0.0000000000000000e+00 0.0000000000000000e+00 0.0000000000000000e+00 1.0000000000000000e+00 
Research-counter/0038.pcd
1.0000058412551880e+00 8.1725104246288538e-04 -2.4435718660242856e-04 6.6453352570533752e-02 
-8.1690342631191015e-04 1.0000000000000000e+00 -1.2016152031719685e-03 -1.4434312470257282e-03 
2.4210989067796618e-04 1.2005391763523221e-03 1.0000044107437134e+00 1.9214518833905458e-03 
0.0000000000000000e+00 0.0000000000000000e+00 0.0000000000000000e+00 1.0000000000000000e+00 
Research-counter/0039.pcd
1.0000102519989014e+00 -7.3035247623920441e-05 -6.9249136140570045e-04 6.1842851340770721e-02 
7.3212118877563626e-05 1.0000081062316895e+00 7.0041260187281296e-06 1.9710753113031387e-02 
6.9098448147997260e-04 -5.3895773817203008e-06 1.0000042915344238e+00 4.3886136263608932e-03 
0.0000000000000000e+00 0.0000000000000000e+00 0.0000000000000000e+00 1.0000000000000000e+00 
Research-counter/0040.pcd
1.0000071525573730e+00 -1.3863154454156756e-03 -6.4266455592587590e-04 6.5005205571651459e-02 
1.3888112735003233e-03 9.9999719858169556e-01 3.4527226816862822e-03 1.9873613491654396e-02 
6.3687440706416965e-04 -3.4552449360489845e-03 9.9999737739562988e-01 2.7994720730930567e-03 
0.0000000000000000e+00 0.0000000000000000e+00 0.0000000000000000e+00 1.0000000000000000e+00 
Research-counter/0041.pcd
1.0000153779983521e+00 -1.8289970466867089e-03 -5.3968786960467696e-04 4.0419947355985641e-02 
1.8332353793084621e-03 9.9999314546585083e-01 5.0959903746843338e-03 2.2785665467381477e-02 
5.2968622185289860e-04 -5.0968634895980358e-03 9.9999755620956421e-01 1.3613676419481635e-03 
0.0000000000000000e+00 0.0000000000000000e+00 0.0000000000000000e+00 1.0000000000000000e+00 
Research-counter/0042.pcd
1.0000149011611938e+00 -5.2595190936699510e-04 -2.7199808391742408e-04 8.5949704051017761e-02 
5.2748498274013400e-04 1.0000048875808716e+00 1.0014961007982492e-03 3.2717429101467133e-02 
2.6909634470939636e-04 -1.0008991230279207e-03 1.0000050067901611e+00 5.1686004735529423e-03 
0.0000000000000000e+00 0.0000000000000000e+00 0.0000000000000000e+00 1.0000000000000000e+00 
Research-counter/0043.pcd
1.0000044107437134e+00 1.1555028613656759e-03 5.9030315605923533e-04 5.3325898945331573e-02 
-1.1547425528988242e-03 1.0000023841857910e+00 -7.4900046456605196e-04 -1.6387247014790773e-03 
-5.9242860879749060e-04 7.5097300577908754e-04 1.0000015497207642e+00 1.2508247746154666e-03 
0.0000000000000000e+00 0.0000000000000000e+00 0.0000000000000000e+00 1.0000000000000000e+00 
Research-counter/0044.pcd
9.9999934434890747e-01 5.7507102610543370e-04 2.8034261777065694e-04 8.3876557648181915e-02 
-5.7489721802994609e-04 9.9999719858169556e-01 1.3160476228222251e-03 2.6948872953653336e-02 
-2.8036886942572892e-04 -1.3151981402188540e-03 1.0000025033950806e+00 4.7996495850384235e-03 
0.0000000000000000e+00 0.0000000000000000e+00 0.0000000000000000e+00 1.0000000000000000e+00 
Research-counter/0045.pcd
1.0000095367431641e+00 -2.0662987481046002e-06 4.0386186446994543e-04 6.2844373285770416e-02 
2.5283463855885202e-06 1.0000026226043701e+00 7.4000575114041567e-04 2.1441025659441948e-02 
-4.0385939064435661e-04 -7.4298761319369078e-04 1.0000033378601074e+00 5.6764865294098854e-03 
0.0000000000000000e+00 0.0000000000000000e+00 0.0000000000000000e+00 1.0000000000000000e+00 
Research-counter/0046.pcd
1.0000050067901611e+00 6.3219934236258268e-04 1.2483532773330808e-03 6.3205376267433167e-02 
-6.3438399229198694e-04 1.0000025033950806e+00 1.9368188222870231e-03 5.4172661155462265e-02 
-1.2487348867580295e-03 -1.9319168059155345e-03 1.0000016689300537e+00 7.4781822040677071e-03 
0.0000000000000000e+00 0.0000000000000000e+00 0.0000000000000000e+00 1.0000000000000000e+00 
Research-counter/0047.pcd
1.0000075101852417e+00 -1.2205974198877811e-03 1.1855416232720017e-05 3.6778517067432404e-02 
1.2205400271341205e-03 1.0000001192092896e+00 -4.2063137516379356e-03 4.0954153984785080e-02 
-6.8044591898797080e-06 4.2041353881359100e-03 9.9999624490737915e-01 4.4040954671800137e-03 
0.0000000000000000e+00 0.0000000000000000e+00 0.0000000000000000e+00 1.0000000000000000e+00 
Research-counter/0048.pcd
1.0000096559524536e+00 -2.9968949966132641e-03 -1.2513156980276108e-04 7.7883101999759674e-02 
2.9978938400745392e-03 9.9999839067459106e-01 -2.9434829484671354e-03 2.8959669172763824e-02 
1.3381571625359356e-04 2.9405953828245401e-03 1.0000076293945312e+00 8.4255849942564964e-03 
0.0000000000000000e+00 0.0000000000000000e+00 0.0000000000000000e+00 1.0000000000000000e+00 
Research-counter/0049.pcd
1.0000051259994507e+00 -1.8377004889771342e-03 -3.0692500877194107e-04 3.2245334237813950e-02 
1.8387085292488337e-03 1.0000020265579224e+00 -7.6153519330546260e-04 8.0492950975894928e-02 
3.0568602960556746e-04 7.6557375723496079e-04 1.0000008344650269e+00 6.7221997305750847e-03 
0.0000000000000000e+00 0.0000000000000000e+00 0.0000000000000000e+00 1.0000000000000000e+00 
Research-counter/0050.pcd
1.0000047683715820e+00 -3.0591480899602175e-03 9.6703611779958010e-04 2.5791298598051071e-02 
3.0609550885856152e-03 9.9999767541885376e-01 -9.1803586110472679e-04 5.1865134388208389e-02 
-9.6412783022969961e-04 9.1728550614789128e-04 1.0000078678131104e+00 9.1612935066223145e-03 
0.0000000000000000e+00 0.0000000000000000e+00 0.0000000000000000e+00 1.0000000000000000e+00 
Research-counter/0051.pcd
9.9998992681503296e-01 -6.2439586035907269e-03 1.7420132644474506e-04 8.8488673791289330e-03 
6.2433043494820595e-03 9.9998086690902710e-01 4.4404342770576477e-03 5.9934831224381924e-03 
-2.0159939595032483e-04 -4.4339736923575401e-03 9.9999493360519409e-01 -1.4397421851754189e-02 
0.0000000000000000e+00 0.0000000000000000e+00 0.0000000000000000e+00 1.0000000000000000e+00 
Research-counter/0052.pcd
9.9999421834945679e-01 -6.3594896346330643e-03 -4.0808154153637588e-04 4.6340320259332657e-03 
6.3624386675655842e-03 9.9997937679290771e-01 4.7527570277452469e-03 6.7621064372360706e-03 
3.7661101669073105e-04 -4.7522787936031818e-03 9.9999576807022095e-01 -1.3182039372622967e-02 
0.0000000000000000e+00 0.0000000000000000e+00 0.0000000000000000e+00 1.0000000000000000e+00 
Research-counter/0053.pcd
9.9996662139892578e-01 -9.9097806960344315e-03 -1.1844912078231573e-03 5.5544720962643623e-03 
9.9110882729291916e-03 9.9995929002761841e-01 3.4217903157696128e-04 1.1491968296468258e-02 
1.1800894280895591e-03 -3.5296328132972121e-04 1.0000048875808716e+00 -4.6813802327960730e-04 
0.0000000000000000e+00 0.0000000000000000e+00 0.0000000000000000e+00 1.0000000000000000e+00 
Research-counter/0054.pcd
9.9999350309371948e-01 -5.4845339618623257e-03 -6.9642928428947926e-04 1.1891635134816170e-02 
5.4843584075570107e-03 9.9999445676803589e-01 7.9373939661309123e-04 2.4535860866308212e-02 
6.9176824763417244e-04 -7.9227308742702007e-04 1.0000023841857910e+00 2.8110216371715069e-03 
0.0000000000000000e+00 0.0000000000000000e+00 0.0000000000000000e+00 1.0000000000000000e+00 
Research-counter/0055.pcd
9.9999403953552246e-01 -5.6068329140543938e-03 -7.8653637319803238e-04 1.1203781701624393e-02 
5.6084645912051201e-03 9.9998497962951660e-01 1.5061650192365050e-03 2.5959407910704613e-02 
7.7728350879624486e-04 -1.5122094191610813e-03 1.0000027418136597e+00 3.0358701478689909e-03 
0.0000000000000000e+00 0.0000000000000000e+00 0.0000000000000000e+00 1.0000000000000000e+00 
Research-counter/0056.pcd
9.9999362230300903e-01 -5.1097050309181213e-03 -8.8611058890819550e-04 1.1453147046267986e-02 
5.1098000258207321e-03 9.9999409914016724e-01 7.2323885979130864e-04 2.3072043433785439e-02 
8.8261096971109509e-04 -7.2614883538335562e-04 1.0000076293945312e+00 2.9105059802532196e-03 
0.0000000000000000e+00 0.0000000000000000e+00 0.0000000000000000e+00 1.0000000000000000e+00 
Research-counter/0057.pcd
9.9999147653579712e-01 -6.8979719653725624e-03 7.5213325908407569e-04 -1.7235759645700455e-02 
6.8969782441854477e-03 9.9998325109481812e-01 8.6547376122325659e-04 2.3372689262032509e-02 
-7.5808831024914980e-04 -8.6039619054645300e-04 1.0000088214874268e+00 -7.9553149407729506e-04 
0.0000000000000000e+00 0.0000000000000000e+00 0.0000000000000000e+00 1.0000000000000000e+00 
Research-counter/0058.pcd
9.9995434284210205e-01 -1.0605154559016228e-02 6.1413797084242105e-04 -2.0411523059010506e-02 
1.0602422989904881e-02 9.9994385242462158e-01 4.3542464263737202e-03 4.0077101439237595e-02 
-6.6055683419108391e-04 -4.3476494029164314e-03 9.9999547004699707e-01 -2.4943514727056026e-03 
0.0000000000000000e+00 0.0000000000000000e+00 0.0000000000000000e+00 1.0000000000000000e+00 
Research-counter/0059.pcd
9.9992531538009644e-01 -1.3328568078577518e-02 2.7373663033358753e-04 -2.5602392852306366e-02 
1.3329217210412025e-02 9.9991399049758911e-01 2.3152474313974380e-03 4.5754130929708481e-02 
-3.0554909608326852e-04 -2.3122718557715416e-03 1.0000017881393433e+00 -1.8738859216682613e-04 
0.0000000000000000e+00 0.0000000000000000e+00 0.0000000000000000e+00 1.0000000000000000e+00 
Research-counter/0060.pcd
9.9990677833557129e-01 -1.4109187759459019e-02 -3.4202146343886852e-04 -2.3060502484440804e-02 
1.4109124429523945e-02 9.9990421533584595e-01 -2.2499718761537224e-04 5.6029099971055984e-02 
3.4562355722300708e-04 2.2030924446880817e-04 1.0000073909759521e+00 2.7379412204027176e-03 
0.0000000000000000e+00 0.0000000000000000e+00 0.0000000000000000e+00 1.0000000000000000e+00 
Research-counter/0061.pcd
9.9991536140441895e-01 -1.3786080293357372e-02 1.4454565825872123e-04 -2.8915056958794594e-02 
1.3785723596811295e-02 9.9990290403366089e-01 4.2575341649353504e-03 4.8789802938699722e-02 
-2.0335335284471512e-04 -4.2549292556941509e-03 1.0000011920928955e+00 -5.8285752311348915e-04 
0.0000000000000000e+00 0.0000000000000000e+00 0.0000000000000000e+00 1.0000000000000000e+00 
Research-counter/0062.pcd
9.9985653162002563e-01 -1.7608113586902618e-02 1.4891861064825207e-04 -4.2099449783563614e-02 
1.7608443275094032e-02 9.9985426664352417e-01 5.4045818978920579e-04 5.3380172699689865e-02 
-1.5907101624179631e-04 -5.3471536375582218e-04 1.0000040531158447e+00 -1.2119547318434343e-04 
0.0000000000000000e+00 0.0000000000000000e+00 0.0000000000000000e+00 1.0000000000000000e+00 
Research-counter/0063.pcd
9.9985671043395996e-01 -1.7990171909332275e-02 -4.2852779733948410e-04 -4.4289030134677887e-02 
1.7989745363593102e-02 9.9984586238861084e-01 -9.6398009918630123e-04 5.3133666515350342e-02 
4.4479485950432718e-04 9.6029223641380668e-04 1.0000078678131104e+00 1.1716632870957255e-03 
0.0000000000000000e+00 0.0000000000000000e+00 0.0000000000000000e+00 1.0000000000000000e+00 
Research-counter/0064.pcd
9.9983280897140503e-01 -1.8836487084627151e-02 -5.1200395682826638e-04 -4.6923637390136719e-02 
1.8836785107851028e-02 9.9982833862304688e-01 -9.1490446357056499e-04 5.2461337298154831e-02 
5.2786432206630707e-04 9.0090971207246184e-04 1.0000053644180298e+00 1.9069950794801116e-03 
0.0000000000000000e+00 0.0000000000000000e+00 0.0000000000000000e+00 1.0000000000000000e+00 
Research-counter/0065.pcd
9.9980354309082031e-01 -2.0261023193597794e-02 -6.4536248100921512e-04 -4.0331430733203888e-02 
2.0262585952877998e-02 9.9979466199874878e-01 3.7757051177322865e-03 6.8058714270591736e-02 
5.7038827799260616e-04 -3.7973192520439625e-03 9.9999636411666870e-01 2.2947816178202629e-03 
0.0000000000000000e+00 0.0000000000000000e+00 0.0000000000000000e+00 1.0000000000000000e+00 
Research-counter/0066.pcd
9.9979239702224731e-01 -2.0710349082946777e-02 1.8943617760669440e-04 -3.4565649926662445e-02 
2.0710814744234085e-02 9.9978882074356079e-01 -1.0421768529340625e-03 6.2466509640216827e-02 
-1.6797550779301673e-04 1.0461036581546068e-03 1.0000009536743164e+00 2.2316658869385719e-03 
0.0000000000000000e+00 0.0000000000000000e+00 0.0000000000000000e+00 1.0000000000000000e+00 
Research-counter/0067.pcd
9.9977326393127441e-01 -2.1696571260690689e-02 4.2919730185531080e-04 -3.8759350776672363e-02 
2.1696491166949272e-02 9.9976855516433716e-01 1.6909702026168816e-05 8.2413122057914734e-02 
-4.2968796333298087e-04 -1.1169343451911118e-05 1.0000047683715820e+00 3.0530001968145370e-03 
0.0000000000000000e+00 0.0000000000000000e+00 0.0000000000000000e+00 1.0000000000000000e+00 
Research-counter/0068.pcd
9.9971234798431396e-01 -2.4551801383495331e-02 2.8006389038637280e-04 -4.1753601282835007e-02 
2.4550838395953178e-02 9.9970287084579468e-01 2.8981952928006649e-03 7.9459831118583679e-02 
-3.5033296444453299e-04 -2.8919917531311512e-03 9.9999970197677612e-01 1.4858065696898848e-04 
0.0000000000000000e+00 0.0000000000000000e+00 0.0000000000000000e+00 1.0000000000000000e+00 
Research-counter/0069.pcd
9.9970465898513794e-01 -2.4506481364369392e-02 -2.9865273972973228e-04 -4.4815845787525177e-02 
2.4507710710167885e-02 9.9969792366027832e-01 4.1354768909513950e-03 8.1269033253192902e-02 
1.9705017621163279e-04 -4.1405758820474148e-03 9.9999433755874634e-01 -1.6684405272826552e-03 
0.0000000000000000e+00 0.0000000000000000e+00 0.0000000000000000e+00 1.0000000000000000e+00 
Research-counter/0070.pcd
9.9968975782394409e-01 -2.5278575718402863e-02 -1.1326054809615016e-03 -5.0525315105915070e-02 
2.5281719863414764e-02 9.9968200922012329e-01 2.9642730951309204e-03 8.0004319548606873e-02 
1.0581538081169128e-03 -2.9921114910393953e-03 9.9999958276748657e-01 -6.5655272919684649e-04 
0.0000000000000000e+00 0.0000000000000000e+00 0.0000000000000000e+00 1.0000000000000000e+00 
Research-counter/0071.pcd
9.9965715408325195e-01 -2.6586184278130531e-02 -2.7853067149408162e-04 -6.0322225093841553e-02 
2.6586733758449554e-02 9.9965107440948486e-01 1.0978394420817494e-03 8.2739748060703278e-02 
2.4845107691362500e-04 -1.1035816278308630e-03 1.0000067949295044e+00 3.6546301562339067e-03 
0.0000000000000000e+00 0.0000000000000000e+00 0.0000000000000000e+00 1.0000000000000000e+00 
Research-counter/0072.pcd
9.9963307380676270e-01 -2.7469653636217117e-02 -3.9661416667513549e-04 -5.3733024746179581e-02 
2.7468837797641754e-02 9.9962097406387329e-01 -2.8652411419898272e-03 9.4894602894783020e-02 
4.7549209557473660e-04 2.8489374089986086e-03 1.0000034570693970e+00 5.9954379685223103e-03 
0.0000000000000000e+00 0.0000000000000000e+00 0.0000000000000000e+00 1.0000000000000000e+00 
Research-counter/0073.pcd
9.9960267543792725e-01 -2.8392646461725235e-02 -2.9517422080971301e-04 -5.6518681347370148e-02 
2.8392884880304337e-02 9.9960166215896606e-01 -7.2165089477493893e-06 1.0051307082176208e-01 
2.9610536876134574e-04 -1.2036082353006350e-06 1.0000050067901611e+00 5.7810130529105663e-03 
0.0000000000000000e+00 0.0000000000000000e+00 0.0000000000000000e+00 1.0000000000000000e+00 
Research-counter/0074.pcd
9.9962937831878662e-01 -2.7504242956638336e-02 -5.0395354628562927e-04 -5.8868557214736938e-02 
2.7504058554768562e-02 9.9962544441223145e-01 -1.2167239328846335e-03 9.7946181893348694e-02 
5.3662026766687632e-04 1.2029076460748911e-03 1.0000010728836060e+00 3.7658826913684607e-03 
0.0000000000000000e+00 0.0000000000000000e+00 0.0000000000000000e+00 1.0000000000000000e+00 
Research-counter/0075.pcd
9.9951618909835815e-01 -3.1329773366451263e-02 -2.8672113548964262e-03 -5.6461419910192490e-02 
3.1330674886703491e-02 9.9951785802841187e-01 1.6065270756371319e-04 9.3933574855327606e-02 
2.8597840573638678e-03 -2.5096995523199439e-04 9.9999707937240601e-01 2.8861812315881252e-03 
0.0000000000000000e+00 0.0000000000000000e+00 0.0000000000000000e+00 1.0000000000000000e+00 
Research-counter/0076.pcd
9.9945384263992310e-01 -3.3309161663055420e-02 -1.1909527238458395e-03 -7.2890169918537140e-02 
3.3307678997516632e-02 9.9945181608200073e-01 -1.1204190086573362e-03 1.1218883097171783e-01 
1.2270589359104633e-03 1.0802745819091797e-03 1.0000025033950806e+00 4.9731759354472160e-03 
0.0000000000000000e+00 0.0000000000000000e+00 0.0000000000000000e+00 1.0000000000000000e+00 
Research-counter/0077.pcd
9.9953353404998779e-01 -3.0830087140202522e-02 -3.7960443296469748e-04 -5.7635117322206497e-02 
3.0829478055238724e-02 9.9953174591064453e-01 -3.5512930480763316e-04 1.1130366474390030e-01 
3.8977878284640610e-04 3.4740942646749318e-04 1.0000029802322388e+00 5.2952235564589500e-03 
0.0000000000000000e+00 0.0000000000000000e+00 0.0000000000000000e+00 1.0000000000000000e+00 
Research-counter/0078.pcd
9.9955648183822632e-01 -3.0027735978364944e-02 3.5896964254789054e-04 -6.0916032642126083e-02 
3.0027473345398903e-02 9.9955379962921143e-01 2.1171071566641331e-03 8.8894173502922058e-02 
-4.2219445458613336e-04 -2.1059680730104446e-03 1.0000047683715820e+00 -1.0690914932638407e-03 
0.0000000000000000e+00 0.0000000000000000e+00 0.0000000000000000e+00 1.0000000000000000e+00 
Research-counter/0079.pcd
9.9942111968994141e-01 -3.4274525940418243e-02 -1.2121291365474463e-03 -6.6577300429344177e-02 
3.4276392310857773e-02 9.9941456317901611e-01 1.5699847135692835e-03 1.0610280185937881e-01 
1.1574197560548782e-03 -1.6116382321342826e-03 1.0000034570693970e+00 1.1673958506435156e-03 
0.0000000000000000e+00 0.0000000000000000e+00 0.0000000000000000e+00 1.0000000000000000e+00 
Research-counter/0080.pcd
9.9944889545440674e-01 -3.3482268452644348e-02 -9.6859026234596968e-04 -7.2971262037754059e-02 
3.3481232821941376e-02 9.9944519996643066e-01 -5.1663612248376012e-04 1.1122936755418777e-01 
9.8489632364362478e-04 4.8252134001813829e-04 1.0000058412551880e+00 3.9531062357127666e-03 
0.0000000000000000e+00 0.0000000000000000e+00 0.0000000000000000e+00 1.0000000000000000e+00 
Research-counter/0081.pcd
9.9946415424346924e-01 -3.2849106937646866e-02 -4.5824309927411377e-04 -7.0056714117527008e-02 
3.2849024981260300e-02 9.9946403503417969e-01 -6.8237815867178142e-05 1.1040387302637100e-01 
4.6010487130843103e-04 5.2743183914572001e-05 1.0000025033950806e+00 2.3726424842607230e-04 
0.0000000000000000e+00 0.0000000000000000e+00 0.0000000000000000e+00 1.0000000000000000e+00 
Research-counter/0082.pcd
9.9944013357162476e-01 -3.3741258084774017e-02 -1.5332850161939859e-03 -6.6109642386436462e-02 
3.3748202025890350e-02 9.9942857027053833e-01 4.5746071264147758e-03 1.1378905922174454e-01 
1.3770905788987875e-03 -4.6231802552938461e-03 9.9999248981475830e-01 -7.5260101584717631e-04 
0.0000000000000000e+00 0.0000000000000000e+00 0.0000000000000000e+00 1.0000000000000000e+00 
Research-counter/0083.pcd
9.9942982196807861e-01 -3.3941410481929779e-02 -2.7312638703733683e-03 -6.9232761859893799e-02 
3.3943179994821548e-02 9.9942970275878906e-01 4.8781954683363438e-04 1.1586962640285492e-01 
2.7117163408547640e-03 -5.7865597773343325e-04 1.0000014305114746e+00 1.4275935245677829e-03 
0.0000000000000000e+00 0.0000000000000000e+00 0.0000000000000000e+00 1.0000000000000000e+00 
Research-counter/0084.pcd
9.9943357706069946e-01 -3.3876262605190277e-02 -2.5679068639874458e-03 -6.7065171897411346e-02 
3.3875878900289536e-02 9.9943649768829346e-01 -3.2510460005141795e-04 1.1467514932155609e-01 
2.5764263700693846e-03 2.4053415108937770e-04 9.9999982118606567e-01 4.1315662674605846e-03 
0.0000000000000000e+00 0.0000000000000000e+00 0.0000000000000000e+00 1.0000000000000000e+00 
Research-counter/0085.pcd
9.9951004981994629e-01 -3.1484566628932953e-02 -1.2183170765638351e-03 -6.3969090580940247e-02 
3.1490828841924667e-02 9.9949705600738525e-01 5.4996563121676445e-03 1.2558446824550629e-01 
1.0444954968988895e-03 -5.5353958159685135e-03 9.9998682737350464e-01 1.3145556440576911e-03 
0.0000000000000000e+00 0.0000000000000000e+00 0.0000000000000000e+00 1.0000000000000000e+00 
Research-counter/0086.pcd
9.9943417310714722e-01 -3.3845074474811554e-02 -1.8718458013609052e-03 -6.5697558224201202e-02 
3.3856399357318878e-02 9.9941670894622803e-01 5.9932288713753223e-03 1.1719678342342377e-01 
1.6660403925925493e-03 -6.0533047653734684e-03 9.9998217821121216e-01 -2.7583730407059193e-03 
0.0000000000000000e+00 0.0000000000000000e+00 0.0000000000000000e+00 1.0000000000000000e+00 
Research-counter/0087.pcd
9.9941337108612061e-01 -3.4394867718219757e-02 -3.0152990948408842e-03 -6.0142137110233307e-02 
3.4408245235681534e-02 9.9940359592437744e-01 4.2094052769243717e-03 1.1775918304920197e-01 
2.8673962224274874e-03 -4.3085538782179356e-03 9.9998974800109863e-01 3.1568272970616817e-04 
0.0000000000000000e+00 0.0000000000000000e+00 0.0000000000000000e+00 1.0000000000000000e+00 
Research-counter/0088.pcd
9.9946588277816772e-01 -3.2885331660509109e-02 -2.7798393275588751e-03 -6.6891662776470184e-02 
3.2892435789108276e-02 9.9946314096450806e-01 2.3304107598960400e-03 1.2420627474784851e-01 
2.7010303456336260e-03 -2.4203367065638304e-03 9.9999725818634033e-01 3.8193764630705118e-03 
0.0000000000000000e+00 0.0000000000000000e+00 0.0000000000000000e+00 1.0000000000000000e+00 
Research-counter/0089.pcd
9.9947023391723633e-01 -3.2541714608669281e-02 -3.1730430200695992e-03 -7.1793407201766968e-02 
3.2549306750297546e-02 9.9947375059127808e-01 2.3361786734312773e-03 1.5125532448291779e-01 
3.0951141379773617e-03 -2.4377494119107723e-03 9.9999707937240601e-01 8.3010261878371239e-03 
0.0000000000000000e+00 0.0000000000000000e+00 0.0000000000000000e+00 1.0000000000000000e+00 
Research-counter/0090.pcd
9.9949294328689575e-01 -3.2057348638772964e-02 -2.0975996740162373e-03 -6.4242362976074219e-02 
3.2063122838735580e-02 9.9948912858963013e-01 2.6952030602842569e-03 1.5125608444213867e-01 
2.0084616262465715e-03 -2.7595420833677053e-03 9.9999654293060303e-01 8.9021921157836914e-03 
0.0000000000000000e+00 0.0000000000000000e+00 0.0000000000000000e+00 1.0000000000000000e+00 
Research-counter/0091.pcd
9.9947696924209595e-01 -3.2473325729370117e-02 -2.3926461290102452e-04 -6.1163891106843948e-02 
3.2473985105752945e-02 9.9947291612625122e-01 4.1133654303848743e-03 1.5287640690803528e-01 
1.0486925748409703e-04 -4.1177179664373398e-03 9.9999207258224487e-01 1.9579364452511072e-03 
0.0000000000000000e+00 0.0000000000000000e+00 0.0000000000000000e+00 1.0000000000000000e+00 
Research-counter/0092.pcd
9.9955749511718750e-01 -2.9882928356528282e-02 -3.2446975819766521e-04 -5.4222792387008667e-02 
2.9884427785873413e-02 9.9946665763854980e-01 1.3721548952162266e-02 1.5675540268421173e-01 
-8.5900945123285055e-05 -1.3724709860980511e-02 9.9990731477737427e-01 -1.7949420958757401e-02 
0.0000000000000000e+00 0.0000000000000000e+00 0.0000000000000000e+00 1.0000000000000000e+00 
Research-counter/0093.pcd
9.9955123662948608e-01 -3.0254255980253220e-02 -5.3975381888449192e-04 -6.5427385270595551e-02 
3.0255682766437531e-02 9.9954777956008911e-01 2.6848469860851765e-03 1.3652302324771881e-01 
4.5753997983410954e-04 -2.6982552371919155e-03 9.9999994039535522e-01 -8.5765542462468147e-03 
0.0000000000000000e+00 0.0000000000000000e+00 0.0000000000000000e+00 1.0000000000000000e+00 
Research-counter/0094.pcd
9.9956780672073364e-01 -2.9544685035943985e-02 -3.7896742578595877e-03 -6.8534225225448608e-02 
2.9553096741437912e-02 9.9957191944122314e-01 2.1219046320766211e-03 1.5599021315574646e-01 
3.7244448903948069e-03 -2.2327664773911238e-03 9.9999439716339111e-01 7.3003526777029037e-03 
0.0000000000000000e+00 0.0000000000000000e+00 0.0000000000000000e+00 1.0000000000000000e+00 
Research-counter/0095.pcd
9.9956452846527100e-01 -2.9512451961636543e-02 -4.3480671010911465e-03 -6.2730215489864349e-02 
2.9519947245717049e-02 9.9957340955734253e-01 1.2962179025635123e-03 1.5288601815700531e-01 
4.3057440780103207e-03 -1.4151569921523333e-03 9.9999123811721802e-01 1.1503968387842178e-02 
0.0000000000000000e+00 0.0000000000000000e+00 0.0000000000000000e+00 1.0000000000000000e+00 
Research-counter/0096.pcd
9.9954658746719360e-01 -3.0111536383628845e-02 -3.6227956879884005e-03 -5.7248670607805252e-02 
3.0100177973508835e-02 9.9954980611801147e-01 -3.1607020646333694e-03 1.4587561786174774e-01 
3.7163209635764360e-03 3.0506579205393791e-03 9.9999225139617920e-01 1.4094749465584755e-02 
0.0000000000000000e+00 0.0000000000000000e+00 0.0000000000000000e+00 1.0000000000000000e+00 
Research-counter/0097.pcd
9.9964118003845215e-01 -2.7124164626002312e-02 -4.1476689511910081e-04 -5.8932624757289886e-02 
2.7124999091029167e-02 9.9963718652725220e-01 2.2663748823106289e-03 1.3672795891761780e-01 
3.5349073004908860e-04 -2.2746203467249870e-03 9.9999713897705078e-01 6.3101309351623058e-03 
0.0000000000000000e+00 0.0000000000000000e+00 0.0000000000000000e+00 1.0000000000000000e+00 
Research-counter/0098.pcd
9.9965077638626099e-01 -2.6597717776894569e-02 -1.4493013441096991e-04 -4.2772464454174042e-02 
2.6598058640956879e-02 9.9963891506195068e-01 5.1697120070457458e-03 1.2773847579956055e-01 
7.3528972279746085e-06 -5.1713478751480579e-03 9.9998784065246582e-01 -8.8950950885191560e-04 
0.0000000000000000e+00 0.0000000000000000e+00 0.0000000000000000e+00 1.0000000000000000e+00 
Research-counter/0099.pcd
9.9965465068817139e-01 -2.6566201820969582e-02 -1.3116208137944341e-03 -5.5324316024780273e-02 
