Research-counter/0000.pcd
-6.2933939695358276e-01 7.7713060379028320e-01 0.0000000000000000e+00 0.0000000000000000e+00 
-7.7713060379028320e-01 -6.2933939695358276e-01 -0.0000000000000000e+00 0.0000000000000000e+00 
-0.0000000000000000e+00 0.0000000000000000e+00 1.0000000000000000e+00 0.0000000000000000e+00 
0.0000000000000000e+00 0.0000000000000000e+00 0.0000000000000000e+00 1.0000000000000000e+00 
Research-counter/0001.pcd
1.0000033378601074e+00 -6.1747785366605967e-05 -2.8210547752678394e-03 -5.6981090456247330e-03 
6.3212450186256319e-05 9.9999666213989258e-01 7.5650030339602381e-05 7.1192058385349810e-05 
-3.6729699786519632e-05 -7.6669180998578668e-05 1.0000113248825073e+00 -1.5446184261236340e-04 
0.0000000000000000e+00 0.0000000000000000e+00 0.0000000000000000e+00 1.0000000000000000e+00 
Research-counter/0002.pcd
1.0000056028366089e+00 -1.1111178173450753e-04 -3.3822786062955856e-03 -1.0010209865868092e-02 
1.1166839976795018e-04 1.0000052452087402e+00 2.2209509916137904e-04 4.3706590076908469e-04 
-2.5701870981720276e-05 -2.2064642689656466e-04 9.9999374151229858e-01 -5.7771836873143911e-04 
0.0000000000000000e+00 0.0000000000000000e+00 0.0000000000000000e+00 1.0000000000000000e+00 
Research-counter/0003.pcd
9.9999797344207764e-01 -1.7431606829632074e-04 4.9793664366006851e-03 -4.3660115450620651e-02 
1.7472758190706372e-04 1.0000046491622925e+00 5.6836334988474846e-04 1.2621351052075624e-03 
9.5951319963205606e-05 -5.5492605315521359e-04 9.9998241662979126e-01 -9.1535592218860984e-04 
0.0000000000000000e+00 0.0000000000000000e+00 0.0000000000000000e+00 1.0000000000000000e+00 
Research-counter/0004.pcd
1.0000088214874268e+00 -2.7665516881825170e-06 6.4908515196293592e-04 -2.3487708531320095e-03 
3.5096279589197366e-06 1.0000045299530029e+00 6.3762781792320311e-05 2.8734901206917129e-05 
3.8761176256230101e-05 -7.4687210144475102e-05 1.0000053644180298e+00 -1.9455469737295061e-04 
0.0000000000000000e+00 0.0000000000000000e+00 0.0000000000000000e+00 1.0000000000000000e+00 
Research-counter/0005.pcd
1.0000140666961670e+00 -1.0436664160806686e-04 -1.6767847118899226e-03 -7.0518110878765583e-03 
1.0575115447863936e-04 1.0000084638595581e+00 7.1225178544409573e-05 1.9381254969630390e-04 
-5.8940790040651336e-05 -7.5659685535356402e-05 1.0000054836273193e+00 1.6510361456312239e-04 
0.0000000000000000e+00 0.0000000000000000e+00 0.0000000000000000e+00 1.0000000000000000e+00 
Research-counter/0006.pcd
1.0000320672988892e+00 -1.0366027709096670e-03 1.1110062769148499e-04 -4.1888620704412460e-02 
1.0380807798355818e-03 1.0000220537185669e+00 1.6720781568437815e-03 2.1675468888133764e-03 
-1.1233812983846292e-04 -1.6827709041535854e-03 1.0000269412994385e+00 -1.0149758309125900e-03 
0.0000000000000000e+00 0.0000000000000000e+00 0.0000000000000000e+00 1.0000000000000000e+00 
Research-counter/0007.pcd
1.0000138282775879e+00 -7.7967060497030616e-04 -1.8304503464605659e-04 -3.3208165317773819e-02 
7.7955337474122643e-04 1.0000240802764893e+00 1.1034125927835703e-03 1.2711860472336411e-03 
1.8148210074286908e-04 -1.0951192816719413e-03 1.0000103712081909e+00 -1.3208379969000816e-03 
0.0000000000000000e+00 0.0000000000000000e+00 0.0000000000000000e+00 1.0000000000000000e+00 
Research-counter/0008.pcd
1.0000181198120117e+00 -5.6371156824752688e-04 5.9859785251319408e-03 -7.6859474182128906e-02 
5.6620279792696238e-04 1.0000077486038208e+00 1.4380342327058315e-03 2.4433543439954519e-03 
1.6259522817563266e-04 -1.4182903105393052e-03 9.9999082088470459e-01 -1.2476709671318531e-03 
0.0000000000000000e+00 0.0000000000000000e+00 0.0000000000000000e+00 1.0000000000000000e+00 
Research-counter/0009.pcd
1.0000038146972656e+00 -1.4302509371191263e-03 7.8178374678827822e-05 -7.5733713805675507e-02 
1.4297380112111568e-03 9.9999862909317017e-01 2.2767819464206696e-03 3.7285957951098680e-03 
-8.1768652307800949e-05 -2.2805356420576572e-03 9.9999898672103882e-01 -1.2967513175681233e-03 
0.0000000000000000e+00 0.0000000000000000e+00 0.0000000000000000e+00 1.0000000000000000e+00 
Research-counter/0010.pcd
1.0000387430191040e+00 -8.5936207324266434e-04 -1.3214084901846945e-04 -3.6055281758308411e-02 
8.5986079648137093e-04 1.0000144243240356e+00 1.2893896782770753e-03 1.4473301125690341e-03 
2.3414722818415612e-04 -1.3051185524091125e-03 1.0000199079513550e+00 -9.4645033823326230e-04 
0.0000000000000000e+00 0.0000000000000000e+00 0.0000000000000000e+00 1.0000000000000000e+00 
Research-counter/0011.pcd
1.0000104904174805e+00 2.1118774384376593e-05 2.9167588800191879e-03 3.6088754422962666e-03 
-1.9884999346686527e-05 1.0000071525573730e+00 1.1242175969528034e-04 4.0764018194749951e-04 
3.7188598071224988e-05 -1.1224176705582067e-04 1.0000033378601074e+00 -3.3588486257940531e-04 
0.0000000000000000e+00 0.0000000000000000e+00 0.0000000000000000e+00 1.0000000000000000e+00 
Research-counter/0012.pcd
1.0000110864639282e+00 1.0291194776073098e-03 -1.4939350076019764e-03 4.8898592591285706e-02 
-1.0285115567967296e-03 1.0000184774398804e+00 -2.3607152979820967e-03 -3.6073431838303804e-03 
6.3718252931721509e-06 2.3659868165850639e-03 9.9999880790710449e-01 9.8072888795286417e-04 
0.0000000000000000e+00 0.0000000000000000e+00 0.0000000000000000e+00 1.0000000000000000e+00 
Research-counter/0013.pcd
1.0000108480453491e+00 9.5738098025321960e-04 -3.6530345678329468e-03 9.7343005239963531e-02 
-9.5464161131531000e-04 9.9999248981475830e-01 -1.6570194857195020e-03 -2.9058957006782293e-03 
4.9461523303762078e-05 1.6550178406760097e-03 1.0000052452087402e+00 1.4189961366355419e-03 
0.0000000000000000e+00 0.0000000000000000e+00 0.0000000000000000e+00 1.0000000000000000e+00 
Research-counter/0014.pcd
1.0000239610671997e+00 1.0493391891941428e-03 1.1525497538968921e-03 3.7762183696031570e-02 
-1.0467432439327240e-03 9.9999105930328369e-01 -1.1023151455447078e-03 -1.6389572992920876e-03 
3.2269093208014965e-04 1.0976660996675491e-03 1.0000137090682983e+00 8.4117532242089510e-04 
0.0000000000000000e+00 0.0000000000000000e+00 0.0000000000000000e+00 1.0000000000000000e+00 
Research-counter/0015.pcd
1.0000056028366089e+00 -1.2530309613794088e-03 -1.1585402535274625e-03 7.9938523471355438e-02 
1.2548136292025447e-03 1.0000001192092896e+00 2.8448144439607859e-03 1.6889506950974464e-02 
7.9190538963302970e-04 -2.8468947857618332e-03 1.0000044107437134e+00 4.3223691172897816e-03 
0.0000000000000000e+00 0.0000000000000000e+00 0.0000000000000000e+00 1.0000000000000000e+00 
Research-counter/0016.pcd
9.9999946355819702e-01 -4.0761330164968967e-03 -1.7199111171066761e-03 5.1965031772851944e-02 
4.0758266113698483e-03 9.9999433755874634e-01 -2.1817793603986502e-03 2.7692537754774094e-02 
4.2316247709095478e-04 2.1730368025600910e-03 9.9999898672103882e-01 4.9662217497825623e-03 
0.0000000000000000e+00 0.0000000000000000e+00 0.0000000000000000e+00 1.0000000000000000e+00 
Research-counter/0017.pcd
1.0000106096267700e+00 -1.0628624586388469e-03 -2.8959310147911310e-03 7.8041419386863708e-02 
1.0635134531185031e-03 1.0000115633010864e+00 2.0682630129158497e-03 1.3772122561931610e-02 
6.7972653778269887e-04 -2.0658273715525866e-03 1.0000036954879761e+00 3.5639586858451366e-03 
0.0000000000000000e+00 0.0000000000000000e+00 0.0000000000000000e+00 1.0000000000000000e+00 
Research-counter/0018.pcd
1.0000077486038208e+00 4.3490360258147120e-04 1.0236914968118072e-03 1.4432443305850029e-02 
-4.3596071191132069e-04 1.0000026226043701e+00 -3.0233440338633955e-04 -5.4953654762357473e-04 
2.6444898685440421e-04 2.9308770899660885e-04 1.0000175237655640e+00 4.3338222894817591e-04 
0.0000000000000000e+00 0.0000000000000000e+00 0.0000000000000000e+00 1.0000000000000000e+00 
Research-counter/0019.pcd
1.0000050067901611e+00 2.7782318647950888e-03 8.8916206732392311e-03 -8.3891697227954865e-02 
-2.7768365107476711e-03 1.0000001192092896e+00 -1.7539581749588251e-03 -3.4633621573448181e-02 
-2.2741865541320294e-04 1.6777754062786698e-03 9.9996256828308105e-01 -3.5440362989902496e-03 
0.0000000000000000e+00 0.0000000000000000e+00 0.0000000000000000e+00 1.0000000000000000e+00 
Research-counter/0020.pcd
1.0000053644180298e+00 -3.5800172481685877e-03 -1.4164567692205310e-03 5.7899598032236099e-02 
3.5807150416076183e-03 1.0000023841857910e+00 -5.8632449508877471e-05 3.0699051916599274e-02 
3.6332945455797017e-04 5.2393290388863534e-05 1.0000026226043701e+00 3.4204272087663412e-03 
0.0000000000000000e+00 0.0000000000000000e+00 0.0000000000000000e+00 1.0000000000000000e+00 
Research-counter/0021.pcd
1.0000038146972656e+00 -1.9475485896691680e-03 1.2668597046285868e-03 3.0813114717602730e-02 
1.9482785137370229e-03 1.0000008344650269e+00 -9.4395724590867758e-04 1.1920941993594170e-02 
7.1362592279911041e-05 9.5111958216875792e-04 1.0000020265579224e+00 4.2217315058223903e-04 
0.0000000000000000e+00 0.0000000000000000e+00 0.0000000000000000e+00 1.0000000000000000e+00 
Research-counter/0022.pcd
1.0000206232070923e+00 8.7375869043171406e-04 5.7779636699706316e-04 4.9640867859125137e-02 
-8.7218137923628092e-04 1.0000087022781372e+00 -1.7703493358567357e-03 -1.7109684413298965e-03 
3.8348880480043590e-04 1.7699847230687737e-03 1.0000127553939819e+00 1.3953383313491940e-03 
0.0000000000000000e+00 0.0000000000000000e+00 0.0000000000000000e+00 1.0000000000000000e+00 
Research-counter/0023.pcd
1.0000250339508057e+00 -1.6611689716228284e-05 -2.5724139995872974e-03 -1.7795012099668384e-03 
1.9390348825254478e-05 1.0000165700912476e+00 -8.6351828940678388e-05 -2.1370544800447533e-06 
-3.1742307328386232e-05 8.7202461145352572e-05 1.0000176429748535e+00 3.4577387850731611e-04 
0.0000000000000000e+00 0.0000000000000000e+00 0.0000000000000000e+00 1.0000000000000000e+00 
Research-counter/0024.pcd
1.0000123977661133e+00 -1.3903818398830481e-05 -1.7948837485164404e-03 1.0068649135064334e-04 
1.6102187146316282e-05 1.0000054836273193e+00 -7.6536132837645710e-05 1.0382673644926399e-04 
-5.5166965466924012e-05 9.6022260549943894e-05 9.9999749660491943e-01 1.6768701607361436e-04 
0.0000000000000000e+00 0.0000000000000000e+00 0.0000000000000000e+00 1.0000000000000000e+00 
Research-counter/0025.pcd
1.0000112056732178e+00 4.4782714780922106e-07 -1.9881173502653837e-03 2.0034960471093655e-03 
1.0303498356734053e-06 1.0000058412551880e+00 -1.0597836080705747e-04 -6.7618202592711896e-06 
-6.1776692746207118e-05 1.1299629113636911e-04 1.0000106096267700e+00 1.4188805653247982e-04 
0.0000000000000000e+00 0.0000000000000000e+00 0.0000000000000000e+00 1.0000000000000000e+00 
Research-counter/0026.pcd
1.0000211000442505e+00 5.3028932597953826e-05 4.7477651969529688e-04 3.4830253571271896e-03 
-5.3471569117391482e-05 1.0000108480453491e+00 -5.0509839638834819e-05 -9.8267781140748411e-05 
3.9665468648308888e-05 3.3892112696776167e-05 1.0000183582305908e+00 4.0065421489998698e-04 
0.0000000000000000e+00 0.0000000000000000e+00 0.0000000000000000e+00 1.0000000000000000e+00 
Research-counter/0027.pcd
9.9999535083770752e-01 4.5359342038864270e-05 3.7724860012531281e-03 6.5277055837213993e-03 
-4.5127108023734763e-05 1.0000019073486328e+00 -6.4762767578940839e-05 -2.1664198720827699e-04 
2.1846484742127359e-05 6.5833570261020213e-05 9.9999582767486572e-01 2.8228777227923274e-04 
0.0000000000000000e+00 0.0000000000000000e+00 0.0000000000000000e+00 1.0000000000000000e+00 
Research-counter/0028.pcd
1.0000089406967163e+00 6.0144844610476866e-05 5.9279386186972260e-04 3.7363516166806221e-03 
-5.9935318859061226e-05 1.0000028610229492e+00 -3.9178536098916084e-05 -1.2079371117579285e-05 
4.3246174755040556e-05 3.3252410503337160e-05 1.0000070333480835e+00 8.0461104516871274e-05 
0.0000000000000000e+00 0.0000000000000000e+00 0.0000000000000000e+00 1.0000000000000000e+00 
Research-counter/0029.pcd
1.0000144243240356e+00 1.1758736218325794e-04 2.5504871737211943e-03 8.3274142816662788e-03 
-1.1721307964762673e-04 1.0000115633010864e+00 -1.6581048839725554e-04 -2.8304004808887839e-04 
4.6659886720590293e-05 1.5854468801990151e-04 1.0000041723251343e+00 3.2888515852391720e-04 
0.0000000000000000e+00 0.0000000000000000e+00 0.0000000000000000e+00 1.0000000000000000e+00 
Research-counter/0030.pcd
1.0000075101852417e+00 1.2809389736503363e-03 -4.0013033867580816e-05 9.3558862805366516e-02 
-1.2803284917026758e-03 1.0000045299530029e+00 -3.1514246948063374e-03 -4.5483554713428020e-03 
3.4325068554608151e-05 3.1555497553199530e-03 1.0000014305114746e+00 1.5569521347060800e-03 
0.0000000000000000e+00 0.0000000000000000e+00 0.0000000000000000e+00 1.0000000000000000e+00 
Research-counter/0031.pcd
1.0000228881835938e+00 1.0861164191737771e-03 6.2305416213348508e-04 4.3162573128938675e-02 
-1.0851639090105891e-03 1.0000067949295044e+00 -1.1975665111094713e-03 -1.5879493439570069e-03 
3.2295397249981761e-04 1.1809326242655516e-03 1.0000182390213013e+00 1.2610289268195629e-03 
0.0000000000000000e+00 0.0000000000000000e+00 0.0000000000000000e+00 1.0000000000000000e+00 
Research-counter/0032.pcd
1.0000122785568237e+00 9.6436304738745093e-04 -6.1400751583278179e-03 1.1367864161729813e-01 
-9.6474151359871030e-04 1.0000118017196655e+00 -2.0353260915726423e-03 -3.6151790991425514e-03 
-1.3614144700113684e-04 2.0331074483692646e-03 9.9998915195465088e-01 1.9953362643718719e-03 
0.0000000000000000e+00 0.0000000000000000e+00 0.0000000000000000e+00 1.0000000000000000e+00 
Research-counter/0033.pcd
1.0000020265579224e+00 1.2429172638803720e-03 -8.4700935985893011e-05 6.8595990538597107e-02 
-1.2425957247614861e-03 1.0000000000000000e+00 -1.8985380884259939e-03 -3.3433989156037569e-03 
9.4070426712278277e-05 1.8966970965266228e-03 1.0000003576278687e+00 1.6674178186804056e-03 
0.0000000000000000e+00 0.0000000000000000e+00 0.0000000000000000e+00 1.0000000000000000e+00 
Research-counter/0034.pcd
1.0000158548355103e+00 1.2158841127529740e-03 -1.4706808142364025e-03 7.0178821682929993e-02 
-1.2155144941061735e-03 1.0000109672546387e+00 -2.2124398965388536e-03 -3.4177771303802729e-03 
-3.7150533898966387e-05 2.2176920901983976e-03 1.0000058412551880e+00 1.5534528065472841e-03 
0.0000000000000000e+00 0.0000000000000000e+00 0.0000000000000000e+00 1.0000000000000000e+00 
Research-counter/0035.pcd
1.0000095367431641e+00 2.8677319642156363e-04 3.4233990591019392e-03 1.3998220674693584e-02 
-2.8661917895078659e-04 1.0000054836273193e+00 -3.7641660310328007e-04 -6.3075980870053172e-04 
8.0384605098515749e-05 3.7627818528562784e-04 1.0000016689300537e+00 2.8251830372028053e-04 
0.0000000000000000e+00 0.0000000000000000e+00 0.0000000000000000e+00 1.0000000000000000e+00 
Research-counter/0036.pcd
1.0000296831130981e+00 1.2777420924976468e-03 -5.1580771105363965e-04 6.8706221878528595e-02 
-1.2745171552523971e-03 1.0000257492065430e+00 -1.9803564064204693e-03 -3.6635769065469503e-03 
-8.5075562310521491e-06 1.9736159592866898e-03 1.0000302791595459e+00 1.3115790206938982e-03 
0.0000000000000000e+00 0.0000000000000000e+00 0.0000000000000000e+00 1.0000000000000000e+00 
Research-counter/0037.pcd
1.0000176429748535e+00 1.1801677756011486e-03 1.5661695506423712e-03 4.5876916497945786e-02 
-1.1795483296737075e-03 1.0000095367431641e+00 -1.5136433066800237e-03 -2.1939370781183243e-03 
2.5362949236296117e-04 1.5019074780866504e-03 1.0000058412551880e+00 1.4804359525442123e-03 
0.0000000000000000e+00 0.0000000000000000e+00 0.0000000000000000e+00 1.0000000000000000e+00 
Research-counter/0038.pcd
1.0000078678131104e+00 -8.2518206909298897e-04 3.4921045880764723e-03 2.4736374616622925e-02 
8.2437123637646437e-04 1.0000040531158447e+00 -2.7788139414042234e-04 4.3651670217514038e-02 
2.9759034077869728e-05 2.7585605857893825e-04 9.9999809265136719e-01 3.1882673501968384e-03 
0.0000000000000000e+00 0.0000000000000000e+00 0.0000000000000000e+00 1.0000000000000000e+00 
Research-counter/0039.pcd
1.0000175237655640e+00 -3.6068802000954747e-04 -8.4417202742770314e-04 5.6466992944478989e-02 
3.5966763971373439e-04 1.0000182390213013e+00 5.8668880956247449e-04 2.0667174831032753e-02 
8.4352213889360428e-04 -5.8266206178814173e-04 1.0000095367431641e+00 3.7039453163743019e-03 
0.0000000000000000e+00 0.0000000000000000e+00 0.0000000000000000e+00 1.0000000000000000e+00 
Research-counter/0040.pcd
1.0000108480453491e+00 9.5073535339906812e-04 -1.6932940343394876e-03 7.6852671802043915e-02 
-9.4932032516226172e-04 9.9999690055847168e-01 -1.0984850814566016e-03 -1.4908853918313980e-03 
5.0363556511001661e-05 1.0922773508355021e-03 1.0000013113021851e+00 1.8968433141708374e-03 
0.0000000000000000e+00 0.0000000000000000e+00 0.0000000000000000e+00 1.0000000000000000e+00 
Research-counter/0041.pcd
1.0000172853469849e+00 -2.3622909793630242e-04 4.6419166028499603e-04 5.6327994912862778e-02 
2.3601755674462765e-04 1.0000132322311401e+00 1.6713020158931613e-04 1.8953217193484306e-02 
-1.0997784556820989e-03 -1.6130393487401307e-04 1.0000208616256714e+00 8.3604230894707143e-05 
0.0000000000000000e+00 0.0000000000000000e+00 0.0000000000000000e+00 1.0000000000000000e+00 
Research-counter/0042.pcd
1.0000334978103638e+00 -2.9623543377965689e-04 -3.9699552580714226e-03 1.1612458527088165e-01 
2.9872631421312690e-04 1.0000149011611938e+00 -4.1791994590312243e-04 2.6576256379485130e-02 
-8.0580524809192866e-05 4.1926361154764891e-04 1.0000095367431641e+00 5.7943272404372692e-03 
0.0000000000000000e+00 0.0000000000000000e+00 0.0000000000000000e+00 1.0000000000000000e+00 
Research-counter/0043.pcd
1.0000054836273193e+00 1.2116397265344858e-03 1.2066272320225835e-03 5.2503153681755066e-02 
-1.2116746511310339e-03 1.0000094175338745e+00 -7.4431131361052394e-04 -1.5951087698340416e-03 
-5.6885351659730077e-04 7.4352073715999722e-04 1.0000004768371582e+00 1.2756630312651396e-03 
0.0000000000000000e+00 0.0000000000000000e+00 0.0000000000000000e+00 1.0000000000000000e+00 
Research-counter/0044.pcd
1.0000077486038208e+00 -5.2092870464548469e-04 -7.8187659382820129e-03 1.1373598128557205e-01 
5.2048906218260527e-04 1.0000127553939819e+00 -1.1332512804074213e-04 2.5870680809020996e-02 
3.9063073927536607e-04 1.4141685096547008e-04 9.9999207258224487e-01 8.5026631131768227e-03 
0.0000000000000000e+00 0.0000000000000000e+00 0.0000000000000000e+00 1.0000000000000000e+00 
Research-counter/0045.pcd
1.0000180006027222e+00 2.3917564249131829e-06 4.0258912486024201e-04 6.2734730541706085e-02 
-2.4965961529233027e-06 1.0000007152557373e+00 6.8460684269666672e-04 2.1336421370506287e-02 
-4.0214729961007833e-04 -7.0359878009185195e-04 1.0000063180923462e+00 5.7550258934497833e-03 
0.0000000000000000e+00 0.0000000000000000e+00 0.0000000000000000e+00 1.0000000000000000e+00 
Research-counter/0046.pcd
1.0000066757202148e+00 -1.0143157560378313e-03 1.4532718341797590e-03 5.2046757191419601e-02 
1.0174023918807507e-03 1.0000048875808716e+00 -2.8472638223320246e-03 4.8045989125967026e-02 
-1.0203456040471792e-03 2.8491455595940351e-03 1.0000002384185791e+00 1.0103615932166576e-02 
0.0000000000000000e+00 0.0000000000000000e+00 0.0000000000000000e+00 1.0000000000000000e+00 
Research-counter/0047.pcd
1.0000103712081909e+00 -7.2670745430514216e-04 1.5724014956504107e-03 1.6890076920390129e-02 
7.2697910945862532e-04 1.0000122785568237e+00 -6.8688258761540055e-04 4.2219784110784531e-02 
2.7576138381846249e-04 6.7931815283372998e-04 1.0000159740447998e+00 4.2832414619624615e-03 
0.0000000000000000e+00 0.0000000000000000e+00 0.0000000000000000e+00 1.0000000000000000e+00 
Research-counter/0048.pcd
1.0000185966491699e+00 -3.1143366359174252e-03 5.9944106033071876e-04 7.8095376491546631e-02 
3.1149280257523060e-03 1.0000056028366089e+00 -3.1755215022712946e-03 2.8430819511413574e-02 
2.8694397769868374e-04 3.1730341725051403e-03 1.0000025033950806e+00 8.7193818762898445e-03 
0.0000000000000000e+00 0.0000000000000000e+00 0.0000000000000000e+00 1.0000000000000000e+00 
Research-counter/0049.pcd
1.0000123977661133e+00 -1.8483452731743455e-03 -5.3983589168637991e-04 3.2051216810941696e-02 
1.8509178189560771e-03 1.0000081062316895e+00 -7.4536656029522419e-04 8.0433294177055359e-02 
3.0178113956935704e-04 7.4789457721635699e-04 1.0000132322311401e+00 6.7975022830069065e-03 
0.0000000000000000e+00 0.0000000000000000e+00 0.0000000000000000e+00 1.0000000000000000e+00 
Research-counter/0050.pcd
9.9999964237213135e-01 -5.9227012097835541e-03 -1.4286780497059226e-03 1.9246330484747887e-02 
5.9228707104921341e-03 9.9998289346694946e-01 4.7898455522954464e-03 6.2936646863818169e-03 
-1.5653777518309653e-04 -4.7757355496287346e-03 9.9999690055847168e-01 -1.3172008097171783e-02 
0.0000000000000000e+00 0.0000000000000000e+00 0.0000000000000000e+00 1.0000000000000000e+00 
Research-counter/0051.pcd
1.0000053644180298e+00 -6.2010907568037510e-03 3.8612455682596192e-05 1.0962202213704586e-02 
6.2018153257668018e-03 9.9999445676803589e-01 4.4389981776475906e-03 6.0046724975109100e-03 
-6.5056177845690399e-05 -4.4339634478092194e-03 1.0000052452087402e+00 -1.4225069433450699e-02 
0.0000000000000000e+00 0.0000000000000000e+00 0.0000000000000000e+00 1.0000000000000000e+00 
Research-counter/0052.pcd
1.0000073909759521e+00 -5.8016544207930565e-03 -4.9025705084204674e-03 2.0230056717991829e-02 
5.8010700158774853e-03 9.9998426437377930e-01 6.0017732903361320e-03 8.0237165093421936e-03 
-2.4307874264195561e-04 -6.0182362794876099e-03 9.9998521804809570e-01 -1.3603144325315952e-02 
0.0000000000000000e+00 0.0000000000000000e+00 0.0000000000000000e+00 1.0000000000000000e+00 
Research-counter/0053.pcd
9.9998909235000610e-01 -9.4228396192193031e-03 -5.4370556026697159e-03 1.8828280270099640e-02 
9.4257863238453865e-03 9.9996989965438843e-01 1.0070417920360342e-04 1.1861423030495644e-02 
1.0003357892856002e-03 -1.2068640353390947e-04 1.0000050067901611e+00 -4.8798063653521240e-04 
0.0000000000000000e+00 0.0000000000000000e+00 0.0000000000000000e+00 1.0000000000000000e+00 
Research-counter/0054.pcd
9.9999237060546875e-01 -5.4806969128549099e-03 -6.3921400578692555e-04 1.1952108703553677e-02 
5.4808538407087326e-03 9.9999231100082397e-01 7.9247512621805072e-04 2.4535324424505234e-02 
6.9739628816023469e-04 -7.9019484110176563e-04 1.0000029802322388e+00 2.8206817805767059e-03 
0.0000000000000000e+00 0.0000000000000000e+00 0.0000000000000000e+00 1.0000000000000000e+00 
Research-counter/0055.pcd
9.9996787309646606e-01 -9.2505076900124550e-03 -2.7762795798480511e-03 2.3236032575368881e-02 
9.2499088495969772e-03 9.9996066093444824e-01 2.7425021398812532e-03 1.5809498727321625e-02 
-3.0116186826489866e-04 -2.7333234902471304e-03 9.9999982118606567e-01 3.3056733664125204e-03 
0.0000000000000000e+00 0.0000000000000000e+00 0.0000000000000000e+00 1.0000000000000000e+00 
Research-counter/0056.pcd
9.9998140335083008e-01 -5.2079772576689720e-03 -3.9912466891109943e-03 6.8451398983597755e-03 
5.2069094963371754e-03 9.9999016523361206e-01 1.1285195359960198e-03 2.4109274148941040e-02 
8.6362985894083977e-04 -1.1221687309443951e-03 9.9999088048934937e-01 2.7101403102278709e-03 
0.0000000000000000e+00 0.0000000000000000e+00 0.0000000000000000e+00 1.0000000000000000e+00 
Research-counter/0057.pcd
1.0000170469284058e+00 -5.9606665745377541e-03 -1.7100464319810271e-03 6.0647963546216488e-03 
5.9620933607220650e-03 9.9999684095382690e-01 2.4880114942789078e-03 2.7477741241455078e-02 
4.2114029383810703e-06 -2.4952688254415989e-03 1.0000137090682983e+00 1.0607097065076232e-03 
0.0000000000000000e+00 0.0000000000000000e+00 0.0000000000000000e+00 1.0000000000000000e+00 
Research-counter/0058.pcd
9.9998492002487183e-01 -1.0638604871928692e-02 2.9232776723802090e-03 -1.6738681122660637e-02 
1.0638783685863018e-02 9.9996298551559448e-01 3.3638952299952507e-03 3.8564126938581467e-02 
-5.7950476184487343e-04 -3.3525426406413317e-03 1.0000118017196655e+00 -1.7387501429766417e-03 
0.0000000000000000e+00 0.0000000000000000e+00 0.0000000000000000e+00 1.0000000000000000e+00 
Research-counter/0059.pcd
9.9993908405303955e-01 -1.2617150321602821e-02 -4.7262487933039665e-03 -9.9150103051215410e-04 
1.2618620879948139e-02 9.9992924928665161e-01 1.8083996837958694e-03 4.7685559839010239e-02 
-2.1424182341434062e-04 -1.7884987173601985e-03 9.9999523162841797e-01 1.4200687874108553e-03 
0.0000000000000000e+00 0.0000000000000000e+00 0.0000000000000000e+00 1.0000000000000000e+00 
Research-counter/0060.pcd
9.9992954730987549e-01 -1.2941660359501839e-02 -5.5636102333664894e-03 -8.0288783647119999e-04 
1.2941652908921242e-02 9.9992132186889648e-01 -1.4162055449560285e-03 4.3102066963911057e-02 
-2.3287485237233341e-04 1.3792541576549411e-03 9.9999749660491943e-01 2.0740299951285124e-03 
0.0000000000000000e+00 0.0000000000000000e+00 0.0000000000000000e+00 1.0000000000000000e+00 
Research-counter/0061.pcd
9.9989116191864014e-01 -1.5768157318234444e-02 9.8421303555369377e-03 -6.1986718326807022e-02 
1.5764487907290459e-02 9.9987357854843140e-01 5.2811964415013790e-03 5.2876703441143036e-02 
-6.2619807431474328e-04 -5.2813799120485783e-03 9.9994617700576782e-01 -4.2832549661397934e-03 
0.0000000000000000e+00 0.0000000000000000e+00 0.0000000000000000e+00 1.0000000000000000e+00 
Research-counter/0062.pcd
9.9983882904052734e-01 -1.8518239259719849e-02 1.5846947208046913e-03 -6.0840655118227005e-02 
1.8518675118684769e-02 9.9982899427413940e-01 -1.1839340440928936e-03 5.1047123968601227e-02 
5.7714863214641809e-04 1.1831681476905942e-03 1.0000015497207642e+00 2.2271622437983751e-03 
0.0000000000000000e+00 0.0000000000000000e+00 0.0000000000000000e+00 1.0000000000000000e+00 
Research-counter/0063.pcd
9.9983668327331543e-01 -1.9762687385082245e-02 -6.1095501296222210e-03 -9.4947367906570435e-03 
1.9762432202696800e-02 9.9982589483261108e-01 -9.6870068227872252e-04 6.4044982194900513e-02 
2.3489263548981398e-04 1.0042967041954398e-03 9.9999922513961792e-01 2.1883591543883085e-03 
0.0000000000000000e+00 0.0000000000000000e+00 0.0000000000000000e+00 1.0000000000000000e+00 
Research-counter/0064.pcd
9.9983710050582886e-01 -1.8786590546369553e-02 -2.0279016462154686e-04 -4.6467740088701248e-02 
1.8787074834108353e-02 9.9983382225036621e-01 -9.5801550196483731e-04 5.2424181252717972e-02 
5.7090236805379391e-04 9.4889104366302490e-04 1.0000045299530029e+00 2.0853029564023018e-03 
0.0000000000000000e+00 0.0000000000000000e+00 0.0000000000000000e+00 1.0000000000000000e+00 
Research-counter/0065.pcd
9.9982970952987671e-01 -1.9228199496865273e-02 -8.3058094605803490e-03 -1.1798300780355930e-02 
1.9226087257266045e-02 9.9981349706649780e-01 4.4839666225016117e-03 7.1679443120956421e-02 
-3.6824011476710439e-04 -4.4274218380451202e-03 9.9995839595794678e-01 3.3617398003116250e-04 
0.0000000000000000e+00 0.0000000000000000e+00 0.0000000000000000e+00 1.0000000000000000e+00 
Research-counter/0066.pcd
9.9979317188262939e-01 -2.0881170406937599e-02 2.4592755362391472e-03 -3.6540988832712173e-02 
2.0880306139588356e-02 9.9978560209274292e-01 2.2936249151825905e-03 6.7603833973407745e-02 
-8.7535889178980142e-05 -2.2778841666877270e-03 9.9999976158142090e-01 1.3033732539042830e-03 
0.0000000000000000e+00 0.0000000000000000e+00 0.0000000000000000e+00 1.0000000000000000e+00 
Research-counter/0067.pcd
9.9977523088455200e-01 -2.2784262895584106e-02 -9.7766250837594271e-04 -2.8254227712750435e-02 
2.2787924855947495e-02 9.9975889921188354e-01 2.2274286020547152e-03 7.6981768012046814e-02 
-3.3950249780900776e-04 -2.1926159970462322e-03 1.0000052452087402e+00 1.0633796919137239e-03 
0.0000000000000000e+00 0.0000000000000000e+00 0.0000000000000000e+00 1.0000000000000000e+00 
Research-counter/0068.pcd
9.9971657991409302e-01 -2.4593384936451912e-02 -1.0203719139099121e-03 -4.0594026446342468e-02 
2.4592444300651550e-02 9.9969857931137085e-01 3.4717230591922998e-03 7.8675583004951477e-02 
-3.2445412944070995e-04 -3.4615390468388796e-03 1.0000036954879761e+00 -1.8840390839613974e-04 
0.0000000000000000e+00 0.0000000000000000e+00 0.0000000000000000e+00 1.0000000000000000e+00 
Research-counter/0069.pcd
9.9972516298294067e-01 -2.4298118427395821e-02 -3.6566273774951696e-03 -3.2436612993478775e-02 
2.4302732199430466e-02 9.9970066547393799e-01 3.9046455640345812e-03 8.0195464193820953e-02 
5.9341214364394546e-04 -3.9429673925042152e-03 1.0000050067901611e+00 -1.1323635408189148e-04 
0.0000000000000000e+00 0.0000000000000000e+00 0.0000000000000000e+00 1.0000000000000000e+00 
Research-counter/0070.pcd
9.9969094991683960e-01 -2.5309192016720772e-02 -1.1714083375409245e-03 -5.0047378987073898e-02 
2.5312531739473343e-02 9.9967926740646362e-01 3.0750599689781666e-03 7.9293824732303619e-02 
1.1589702917262912e-03 -3.1097757164388895e-03 1.0000015497207642e+00 -6.4383831340819597e-04 
0.0000000000000000e+00 0.0000000000000000e+00 0.0000000000000000e+00 1.0000000000000000e+00 
Research-counter/0071.pcd
9.9966269731521606e-01 -2.6528974995017052e-02 2.5422591716051102e-03 -5.9960048645734787e-02 
2.6529558002948761e-02 9.9965733289718628e-01 8.0814637476578355e-04 8.3241060376167297e-02 
2.8848039801232517e-04 -8.5031922208145261e-04 9.9999821186065674e-01 3.6442733835428953e-03 
0.0000000000000000e+00 0.0000000000000000e+00 0.0000000000000000e+00 1.0000000000000000e+00 
Research-counter/0072.pcd
9.9967092275619507e-01 -2.6291860267519951e-02 -6.9521721452474594e-03 -1.5461237169802189e-02 
2.6294061914086342e-02 9.9967366456985474e-01 -1.4050827303435653e-04 8.4052383899688721e-02 
-2.1689465211238712e-04 2.4147053773049265e-04 9.9998337030410767e-01 4.4842869974672794e-03 
0.0000000000000000e+00 0.0000000000000000e+00 0.0000000000000000e+00 1.0000000000000000e+00 
Research-counter/0073.pcd
9.9960291385650635e-01 -2.8406381607055664e-02 -2.3511405743192881e-04 -5.6914027780294418e-02 
2.8407847508788109e-02 9.9959689378738403e-01 -5.3761952585773543e-05 1.0056231915950775e-01 
3.0031576170586050e-04 4.2617979488568380e-05 9.9999821186065674e-01 5.8246715925633907e-03 
0.0000000000000000e+00 0.0000000000000000e+00 0.0000000000000000e+00 1.0000000000000000e+00 
Research-counter/0074.pcd
9.9960058927536011e-01 -2.8439642861485481e-02 -1.8303843680769205e-03 -5.3495950996875763e-02 
2.8439704328775406e-02 9.9959975481033325e-01 -1.2190904271847103e-05 1.0684233903884888e-01 
2.2506383538711816e-04 2.8079661205993034e-05 9.9999850988388062e-01 9.9637941457331181e-04 
0.0000000000000000e+00 0.0000000000000000e+00 0.0000000000000000e+00 1.0000000000000000e+00 
Research-counter/0075.pcd
9.9952536821365356e-01 -3.1326659023761749e-02 -2.8484447393566370e-03 -5.6239638477563858e-02 
3.1325910240411758e-02 9.9953240156173706e-01 1.5772580809425563e-04 9.3947388231754303e-02 
2.8570806607604027e-03 -2.4842150742188096e-04 1.0000041723251343e+00 2.8480864129960537e-03 
0.0000000000000000e+00 0.0000000000000000e+00 0.0000000000000000e+00 1.0000000000000000e+00 
Research-counter/0076.pcd
9.9946701526641846e-01 -3.2842431217432022e-02 -3.2402251381427050e-03 -5.7228907942771912e-02 
3.2840128988027573e-02 9.9946367740631104e-01 -1.6399407759308815e-03 1.1493540555238724e-01 
1.5778520610183477e-03 1.6105825779959559e-03 9.9999833106994629e-01 6.8818610161542892e-03 
0.0000000000000000e+00 0.0000000000000000e+00 0.0000000000000000e+00 1.0000000000000000e+00 
Research-counter/0077.pcd
9.9956560134887695e-01 -3.0760085210204124e-02 5.9709525667130947e-03 -1.1738275736570358e-01 
3.0765458941459656e-02 9.9955338239669800e-01 2.0828475244343281e-03 1.0508713871240616e-01 
1.5617983881384134e-03 -2.2260085679590702e-03 9.9998903274536133e-01 5.8837165124714375e-03 
0.0000000000000000e+00 0.0000000000000000e+00 0.0000000000000000e+00 1.0000000000000000e+00 
Research-counter/0078.pcd
9.9952346086502075e-01 -3.1212668865919113e-02 -3.1602967064827681e-03 -4.6034649014472961e-02 
3.1210942193865776e-02 9.9951481819152832e-01 3.2992349006235600e-03 9.8817177116870880e-02 
-5.7285110233351588e-04 -3.3249838743358850e-03 9.9999183416366577e-01 -2.2377765271812677e-03 
0.0000000000000000e+00 0.0000000000000000e+00 0.0000000000000000e+00 1.0000000000000000e+00 
Research-counter/0079.pcd
9.9942684173583984e-01 -3.4128639847040176e-02 -8.2704732194542885e-03 -1.7206709831953049e-02 
3.4128956496715546e-02 9.9941921234130859e-01 7.8480079537257552e-04 8.3171240985393524e-02 
-2.0771392155438662e-04 -6.9116323720663786e-04 9.9996924400329590e-01 -1.3515104539692402e-02 
0.0000000000000000e+00 0.0000000000000000e+00 0.0000000000000000e+00 1.0000000000000000e+00 
Research-counter/0080.pcd
9.9944442510604858e-01 -3.3475711941719055e-02 -9.1618747683241963e-04 -7.2914794087409973e-02 
3.3474903553724289e-02 9.9943995475769043e-01 -5.3232308709993958e-04 1.1120507866144180e-01 
9.9111977033317089e-04 4.9850449431687593e-04 1.0000038146972656e+00 3.9721718057990074e-03 
0.0000000000000000e+00 0.0000000000000000e+00 0.0000000000000000e+00 1.0000000000000000e+00 
Research-counter/0081.pcd
9.9943923950195312e-01 -3.3685628324747086e-02 1.8517881399020553e-03 -8.1834293901920319e-02 
3.3688955008983612e-02 9.9942725896835327e-01 2.8091184794902802e-03 1.1583447456359863e-01 
3.9155400008894503e-04 -2.7951295487582684e-03 9.9999833106994629e-01 -9.9983462132513523e-04 
0.0000000000000000e+00 0.0000000000000000e+00 0.0000000000000000e+00 1.0000000000000000e+00 
Research-counter/0082.pcd
9.9943161010742188e-01 -3.4014869481325150e-02 -1.0604492854326963e-03 -6.3973210752010345e-02 
3.4020125865936279e-02 9.9941456317901611e-01 4.9488600343465805e-03 1.1516657471656799e-01 
9.6604990540072322e-04 -4.9870898947119713e-03 9.9999004602432251e-01 -2.0305302459746599e-03 
0.0000000000000000e+00 0.0000000000000000e+00 0.0000000000000000e+00 1.0000000000000000e+00 
Research-counter/0083.pcd
9.9945574998855591e-01 -3.2796628773212433e-02 2.9345732182264328e-03 -1.2083721905946732e-01 
3.2826498150825500e-02 9.9944633245468140e-01 4.8650689423084259e-03 9.8776444792747498e-02 
5.3915167227387428e-03 -5.1593780517578125e-03 9.9998533725738525e-01 7.1384515613317490e-03 
0.0000000000000000e+00 0.0000000000000000e+00 0.0000000000000000e+00 1.0000000000000000e+00 
Research-counter/0084.pcd
9.9940824508666992e-01 -3.4581121057271957e-02 1.5289363218471408e-03 -8.5295364260673523e-02 
3.4586828202009201e-02 9.9940669536590576e-01 2.4066965561360121e-03 1.1815213412046432e-01 
2.4446097668260336e-03 -2.4502514861524105e-03 1.0000008344650269e+00 4.0135565213859081e-03 
0.0000000000000000e+00 0.0000000000000000e+00 0.0000000000000000e+00 1.0000000000000000e+00 
Research-counter/0085.pcd
9.9947905540466309e-01 -3.2642249017953873e-02 5.4698070744052529e-04 -7.0223622024059296e-02 
3.2649923115968704e-02 9.9946463108062744e-01 3.9622001349925995e-03 1.2460642307996750e-01 
1.6519855707883835e-03 -3.9858454838395119e-03 9.9999898672103882e-01 4.5373858883976936e-03 
0.0000000000000000e+00 0.0000000000000000e+00 0.0000000000000000e+00 1.0000000000000000e+00 
Research-counter/0086.pcd
9.9943685531616211e-01 -3.3762231469154358e-02 -1.1020963574992493e-04 -8.2507558166980743e-02 
3.3774875104427338e-02 9.9942034482955933e-01 5.7133794762194157e-03 1.0980518907308578e-01 
2.0201920997351408e-03 -5.7627093046903610e-03 9.9998527765274048e-01 -2.6583042927086353e-03 
0.0000000000000000e+00 0.0000000000000000e+00 0.0000000000000000e+00 1.0000000000000000e+00 
Research-counter/0087.pcd
9.9939835071563721e-01 -3.4785430878400803e-02 -1.9519168417900801e-03 -8.0848447978496552e-02 
3.4799739718437195e-02 9.9938714504241943e-01 4.6820314601063728e-03 1.1556465923786163e-01 
2.8050839900970459e-03 -4.7926921397447586e-03 9.9999040365219116e-01 -1.1367897968739271e-03 
0.0000000000000000e+00 0.0000000000000000e+00 0.0000000000000000e+00 1.0000000000000000e+00 
Research-counter/0088.pcd
9.9940633773803711e-01 -3.4791201353073120e-02 -5.4080230183899403e-03 -6.7930348217487335e-02 
3.4798946231603622e-02 9.9939930438995361e-01 2.0772607531398535e-03 1.1332812905311584e-01 
3.1740558333694935e-03 -2.1673827432096004e-03 9.9998754262924194e-01 3.0213452409952879e-03 
0.0000000000000000e+00 0.0000000000000000e+00 0.0000000000000000e+00 1.0000000000000000e+00 
Research-counter/0089.pcd
9.9947148561477661e-01 -3.2538022845983505e-02 -2.5671084877103567e-03 -7.1395121514797211e-02 
3.2545566558837891e-02 9.9947124719619751e-01 2.4847225286066532e-03 1.5104375779628754e-01 
3.1648734584450722e-03 -2.6051632594317198e-03 9.9999654293060303e-01 8.7157860398292542e-03 
0.0000000000000000e+00 0.0000000000000000e+00 0.0000000000000000e+00 1.0000000000000000e+00 
Research-counter/0090.pcd
9.9958670139312744e-01 -2.9194081202149391e-02 1.0370846837759018e-02 -1.4489035308361053e-01 
2.9193781316280365e-02 9.9959349632263184e-01 -3.1975272577255964e-04 1.4399400353431702e-01 
1.5950803644955158e-03 4.0901367901824415e-04 9.9994760751724243e-01 1.3077229261398315e-02 
0.0000000000000000e+00 0.0000000000000000e+00 0.0000000000000000e+00 1.0000000000000000e+00 
Research-counter/0091.pcd
9.9947410821914673e-01 -3.2646719366312027e-02 1.0390522656962276e-03 -8.1995040178298950e-02 
3.2656643539667130e-02 9.9941587448120117e-01 1.0851892642676830e-02 1.6386759281158447e-01 
7.0651090936735272e-04 -1.0840556584298611e-02 9.9994260072708130e-01 1.2508040526881814e-03 
0.0000000000000000e+00 0.0000000000000000e+00 0.0000000000000000e+00 1.0000000000000000e+00 
Research-counter/0092.pcd
9.9952191114425659e-01 -3.1588923186063766e-02 1.8917413428425789e-02 -2.0352938771247864e-01 
3.1596690416336060e-02 9.9949681758880615e-01 4.8956461250782013e-03 1.5502384305000305e-01 
1.2070144293829799e-03 -4.7698579728603363e-03 9.9982297420501709e-01 1.7051277682185173e-03 
0.0000000000000000e+00 0.0000000000000000e+00 0.0000000000000000e+00 1.0000000000000000e+00 
Research-counter/0093.pcd
9.9950826168060303e-01 -3.1354080885648727e-02 1.4879484660923481e-02 -1.8318791687488556e-01 
3.1355075538158417e-02 9.9951350688934326e-01 6.1414355877786875e-04 1.4267519116401672e-01 
3.0132522806525230e-03 -4.9646076513454318e-04 9.9989295005798340e-01 4.2610190575942397e-04 
0.0000000000000000e+00 0.0000000000000000e+00 0.0000000000000000e+00 1.0000000000000000e+00 
Research-counter/0094.pcd
9.9955606460571289e-01 -3.0215818434953690e-02 -3.4910244867205620e-03 -6.4441345632076263e-02 
3.0214894562959671e-02 9.9955213069915771e-01 -5.0163705600425601e-04 1.7097906768321991e-01 
3.1060539186000824e-03 3.9806475979276001e-04 1.0000039339065552e+00 1.1412510648369789e-02 
0.0000000000000000e+00 0.0000000000000000e+00 0.0000000000000000e+00 1.0000000000000000e+00 
Research-counter/0095.pcd
9.9957555532455444e-01 -2.8987118974328041e-02 -6.0262796469032764e-03 -4.7582495957612991e-02 
2.8987852856516838e-02 9.9958139657974243e-01 1.4529435429722071e-04 1.4946368336677551e-01 
3.6433958448469639e-03 -2.0312855485826731e-04 9.9998176097869873e-01 1.1109524406492710e-02 
0.0000000000000000e+00 0.0000000000000000e+00 0.0000000000000000e+00 1.0000000000000000e+00 
Research-counter/0096.pcd
9.9960738420486450e-01 -2.7864823117852211e-02 1.7295997589826584e-02 -1.7867188155651093e-01 
2.7862349525094032e-02 9.9961477518081665e-01 -7.6731393346562982e-04 1.4506137371063232e-01 
3.1442886684089899e-03 7.9175218706950545e-04 9.9983960390090942e-01 1.0520860552787781e-02 
0.0000000000000000e+00 0.0000000000000000e+00 0.0000000000000000e+00 1.0000000000000000e+00 
Research-counter/0097.pcd
9.9964743852615356e-01 -2.7041124179959297e-02 -1.1765037663280964e-02 1.3184418901801109e-02 
2.7042109519243240e-02 9.9964493513107300e-01 1.8829412292689085e-03 1.2828902900218964e-01 
4.3372446089051664e-04 -2.0161815918982029e-03 9.9992763996124268e-01 7.6176994480192661e-03 
0.0000000000000000e+00 0.0000000000000000e+00 0.0000000000000000e+00 1.0000000000000000e+00 
Research-counter/0098.pcd
9.9964964389801025e-01 -2.6618571951985359e-02 4.4556264765560627e-03 -7.3464639484882355e-02 
2.6618245989084244e-02 9.9964725971221924e-01 3.4728096798062325e-03 1.1780920624732971e-01 
-1.6191175382118672e-04 -3.4168083220720291e-03 9.9998676776885986e-01 -2.3017202038317919e-03 
0.0000000000000000e+00 0.0000000000000000e+00 0.0000000000000000e+00 1.0000000000000000e+00 
Research-counter/0099.pcd
9.9964261054992676e-01 -2.6852382346987724e-02 -2.0097050582990050e-04 -5.6852851063013077e-02 
