Research-clockwise-fast/0000.pcd
4.7274959087371826e-01 6.2165760993957520e-01 6.2453949451446533e-01 0.0000000000000000e+00 
-2.6114702224731445e-02 7.1831262111663818e-01 -6.9523024559020996e-01 0.0000000000000000e+00 
-8.8080978393554688e-01 3.1236016750335693e-01 3.5581639409065247e-01 0.0000000000000000e+00 
0.0000000000000000e+00 0.0000000000000000e+00 0.0000000000000000e+00 1.0000000000000000e+00 
Research-clockwise-fast/0001.pcd
1.5730643272399902e-01 5.4697370529174805e-01 8.2225507497787476e-01 -6.4851038157939911e-02 
-2.5969421863555908e-01 8.2624185085296631e-01 -4.9994072318077087e-01 4.3407391756772995e-02 
-9.5282155275344849e-01 -1.3488699495792389e-01 2.7201005816459656e-01 6.9026589393615723e-02 
0.0000000000000000e+00 0.0000000000000000e+00 0.0000000000000000e+00 1.0000000000000000e+00 
Research-clockwise-fast/0002.pcd
1.6349630057811737e-01 2.7959421277046204e-01 -9.4611704349517822e-01 5.3498487919569016e-02 
8.7336063385009766e-01 4.0503135323524475e-01 2.7061524987220764e-01 -4.5997072011232376e-02 
4.5885804295539856e-01 -8.7052834033966064e-01 -1.7796696722507477e-01 -6.1955358833074570e-02 
0.0000000000000000e+00 0.0000000000000000e+00 0.0000000000000000e+00 1.0000000000000000e+00 
Research-clockwise-fast/0003.pcd
4.3219575285911560e-01 6.2503808736801147e-01 6.5003007650375366e-01 -7.5767144560813904e-02 
-4.6302821487188339e-02 7.3525875806808472e-01 -6.7620480060577393e-01 6.7642796784639359e-03 
-9.0029716491699219e-01 2.6257729530334473e-01 3.4715917706489563e-01 3.9752129465341568e-02 
0.0000000000000000e+00 0.0000000000000000e+00 0.0000000000000000e+00 1.0000000000000000e+00 
Research-clockwise-fast/0004.pcd
1.1939045786857605e-01 5.1152068376541138e-01 8.5095131397247314e-01 7.7192969620227814e-03 
-3.1053179502487183e-01 8.3332115411758423e-01 -4.5735719799995422e-01 -5.2176666213199496e-04 
-9.4305396080017090e-01 -2.0964223146438599e-01 2.5833272933959961e-01 -1.7480978742241859e-02 
0.0000000000000000e+00 0.0000000000000000e+00 0.0000000000000000e+00 1.0000000000000000e+00 
Research-clockwise-fast/0005.pcd
1.0506383329629898e-01 -6.0480213165283203e-01 -7.8941500186920166e-01 1.4332386665046215e-02 
2.3538871109485626e-01 7.8637403249740601e-01 -5.7114380598068237e-01 -6.9826575927436352e-03 
9.6620643138885498e-01 -1.2581115961074829e-01 2.2498285770416260e-01 -1.1436523869633675e-02 
0.0000000000000000e+00 0.0000000000000000e+00 0.0000000000000000e+00 1.0000000000000000e+00 
Research-clockwise-fast/0006.pcd
9.5150418579578400e-02 4.9086657166481018e-01 8.6602574586868286e-01 -6.6755846142768860e-02 
-3.3755803108215332e-01 8.3435183763504028e-01 -4.3582233786582947e-01 3.6843873560428619e-02 
-9.3650591373443604e-01 -2.5087437033653259e-01 2.4507836997509003e-01 6.1233114451169968e-02 
0.0000000000000000e+00 0.0000000000000000e+00 0.0000000000000000e+00 1.0000000000000000e+00 
Research-clockwise-fast/0007.pcd
9.9176299571990967e-01 1.2212121486663818e-01 -3.8743171840906143e-02 8.1544026732444763e-02 
8.6633704602718353e-02 -4.1642940044403076e-01 9.0503656864166260e-01 -5.7877711951732635e-02 
9.4382807612419128e-02 -9.0094387531280518e-01 -4.2357701063156128e-01 -7.5468622148036957e-02 
0.0000000000000000e+00 0.0000000000000000e+00 0.0000000000000000e+00 1.0000000000000000e+00 
Research-clockwise-fast/0008.pcd
8.5519753396511078e-02 -5.9050375223159790e-01 -8.0252265930175781e-01 -1.0416748933494091e-02 
2.5198698043823242e-01 7.9210370779037476e-01 -5.5598205327987671e-01 -8.2790050655603409e-03 
9.6397465467453003e-01 -1.5467131137847900e-01 2.1653226017951965e-01 1.1986129917204380e-02 
0.0000000000000000e+00 0.0000000000000000e+00 0.0000000000000000e+00 1.0000000000000000e+00 
Research-clockwise-fast/0009.pcd
7.2678577899932861e-01 5.2170813083648682e-01 4.4678282737731934e-01 -8.4020659327507019e-02 
6.7837364971637726e-02 5.9275484085083008e-01 -8.0252254009246826e-01 4.3074354529380798e-02 
-6.8351697921752930e-01 6.1357593536376953e-01 3.9541229605674744e-01 6.2949061393737793e-02 
0.0000000000000000e+00 0.0000000000000000e+00 0.0000000000000000e+00 1.0000000000000000e+00 
Research-clockwise-fast/0010.pcd
1.1979475617408752e-01 2.4462585151195526e-01 -9.6218246221542358e-01 5.8594118803739548e-02 
8.6354643106460571e-01 4.5252066850662231e-01 2.2255967557430267e-01 -8.1847146153450012e-02 
4.8985069990158081e-01 -8.5755419731140137e-01 -1.5702725946903229e-01 -6.1057426035404205e-02 
0.0000000000000000e+00 0.0000000000000000e+00 0.0000000000000000e+00 1.0000000000000000e+00 
Research-clockwise-fast/0011.pcd
9.7580331563949585e-01 -4.4697605073451996e-02 2.1404996514320374e-01 -8.7586000561714172e-02 
-2.1368567645549774e-01 -4.0264943242073059e-01 8.9007800817489624e-01 4.6311505138874054e-02 
4.6397700905799866e-02 -9.1428256034851074e-01 -4.0245634317398071e-01 7.1215212345123291e-02 
0.0000000000000000e+00 0.0000000000000000e+00 0.0000000000000000e+00 1.0000000000000000e+00 
Research-clockwise-fast/0012.pcd
3.4754049777984619e-01 6.2209409475326538e-01 7.0159596204757690e-01 -8.6059950292110443e-02 
-9.7910746932029724e-02 7.6822286844253540e-01 -6.3266831636428833e-01 5.3232479840517044e-02 
-9.3255215883255005e-01 1.5117771923542023e-01 3.2789131999015808e-01 7.2249926626682281e-02 
0.0000000000000000e+00 0.0000000000000000e+00 0.0000000000000000e+00 1.0000000000000000e+00 
Research-clockwise-fast/0013.pcd
4.1240447759628296e-01 -6.9305193424224854e-01 -5.9127759933471680e-01 -1.3751229271292686e-02 
5.7336412370204926e-02 6.6750341653823853e-01 -7.4240565299987793e-01 1.2285923585295677e-02 
9.0921068191528320e-01 2.7227187156677246e-01 3.1501838564872742e-01 6.7407451570034027e-03 
0.0000000000000000e+00 0.0000000000000000e+00 0.0000000000000000e+00 1.0000000000000000e+00 
Research-clockwise-fast/0014.pcd
5.6142330169677734e-01 4.1106402873992920e-01 -7.1821141242980957e-01 -8.8615223765373230e-02 
7.8683668375015259e-01 3.5778894089162350e-03 6.1712801456451416e-01 5.0110317766666412e-02 
2.5625273585319519e-01 -9.1159278154373169e-01 -3.2143282890319824e-01 7.0030093193054199e-02 
0.0000000000000000e+00 0.0000000000000000e+00 0.0000000000000000e+00 1.0000000000000000e+00 
Research-clockwise-fast/0015.pcd
4.5108605176210403e-02 1.3774481602013111e-02 9.9888789653778076e-01 8.8077401742339134e-03 
-7.8172212839126587e-01 6.2305539846420288e-01 2.6709988713264465e-02 -6.7163961939513683e-03 
-6.2199491262435913e-01 -7.8205817937850952e-01 3.8872390985488892e-02 -5.4287165403366089e-03 
0.0000000000000000e+00 0.0000000000000000e+00 0.0000000000000000e+00 1.0000000000000000e+00 
Research-clockwise-fast/0016.pcd
5.0410205125808716e-01 -2.8744259476661682e-01 8.1440651416778564e-01 -2.4650236591696739e-03 
-8.3886021375656128e-01 6.1343990266323090e-02 5.4089081287384033e-01 4.3476880528032780e-03 
-2.0527720451354980e-01 -9.5592516660690308e-01 -2.0994523167610168e-01 -2.6774012949317694e-03 
0.0000000000000000e+00 0.0000000000000000e+00 0.0000000000000000e+00 1.0000000000000000e+00 
Research-clockwise-fast/0017.pcd
9.7303092479705811e-01 -2.1671316027641296e-01 -7.9059943556785583e-02 4.7730967402458191e-02 
2.0870992913842201e-02 4.2401176691055298e-01 -9.0542250871658325e-01 -1.3922756537795067e-02 
2.2973771393299103e-01 8.7935119867324829e-01 4.1709834337234497e-01 -6.3607536256313324e-02 
0.0000000000000000e+00 0.0000000000000000e+00 0.0000000000000000e+00 1.0000000000000000e+00 
Research-clockwise-fast/0018.pcd
7.6222330331802368e-02 4.6066746115684509e-01 8.8429903984069824e-01 7.5645707547664642e-02 
-3.7576252222061157e-01 8.3477234840393066e-01 -4.0247178077697754e-01 -5.5838167667388916e-02 
-9.2357641458511353e-01 -3.0160748958587646e-01 2.3673033714294434e-01 -7.8928887844085693e-02 
0.0000000000000000e+00 0.0000000000000000e+00 0.0000000000000000e+00 1.0000000000000000e+00 
Research-clockwise-fast/0019.pcd
2.9956421256065369e-01 3.5966169834136963e-01 -8.8369911909103394e-01 6.6959410905838013e-02 
8.7647622823715210e-01 2.6217141747474670e-01 4.0381640195846558e-01 -2.9430836439132690e-02 
3.7690868973731995e-01 -8.9550024271011353e-01 -2.3669855296611786e-01 -7.6062448322772980e-02 
0.0000000000000000e+00 0.0000000000000000e+00 0.0000000000000000e+00 1.0000000000000000e+00 
Research-clockwise-fast/0020.pcd
1.3044872879981995e-01 -6.2111186981201172e-01 -7.7280193567276001e-01 -4.2050976306200027e-02 
2.1443516016006470e-01 7.7868449687957764e-01 -5.8964169025421143e-01 1.0649803094565868e-02 
9.6799844503402710e-01 -8.8794454932212830e-02 2.3476327955722809e-01 3.9076097309589386e-02 
0.0000000000000000e+00 0.0000000000000000e+00 0.0000000000000000e+00 1.0000000000000000e+00 
Research-clockwise-fast/0021.pcd
7.3099416494369507e-01 -2.6274198293685913e-01 6.2978065013885498e-01 -9.4791181385517120e-02 
-6.7748355865478516e-01 -1.6894133388996124e-01 7.1587932109832764e-01 4.9293547868728638e-02 
-8.1710152328014374e-02 -9.4997787475585938e-01 -3.0150085687637329e-01 6.7753858864307404e-02 
0.0000000000000000e+00 0.0000000000000000e+00 0.0000000000000000e+00 1.0000000000000000e+00 
Research-clockwise-fast/0022.pcd
1.0310803353786469e-01 2.2978737950325012e-01 -9.6776908636093140e-01 7.6760277152061462e-02 
8.5827422142028809e-01 4.7120597958564758e-01 2.0332509279251099e-01 -6.4359769225120544e-02 
5.0273442268371582e-01 -8.5157042741775513e-01 -1.4863355457782745e-01 -8.6172431707382202e-02 
0.0000000000000000e+00 0.0000000000000000e+00 0.0000000000000000e+00 1.0000000000000000e+00 
Research-clockwise-fast/0023.pcd
9.1326773166656494e-01 -1.3997499644756317e-01 3.8254877924919128e-01 7.7583797276020050e-02 
-4.0712517499923706e-01 -3.4542348980903625e-01 8.4554946422576904e-01 -5.3074263036251068e-02 
1.3791169971227646e-02 -9.2794710397720337e-01 -3.7244880199432373e-01 -7.3939144611358643e-02 
0.0000000000000000e+00 0.0000000000000000e+00 0.0000000000000000e+00 1.0000000000000000e+00 
Research-clockwise-fast/0024.pcd
6.6443181037902832e-01 4.0680199861526489e-01 -6.2693828344345093e-01 7.2510413825511932e-02 
7.1384471654891968e-01 -9.7069248557090759e-02 6.9354808330535889e-01 -6.1509899795055389e-02 
2.2128009796142578e-01 -9.0834385156631470e-01 -3.5488507151603699e-01 -6.7429415881633759e-02 
0.0000000000000000e+00 0.0000000000000000e+00 0.0000000000000000e+00 1.0000000000000000e+00 
Research-clockwise-fast/0025.pcd
6.6671752929687500e-01 -6.1754739284515381e-01 -4.1728723049163818e-01 -3.9726089686155319e-02 
-6.1376495286822319e-03 5.5531698465347290e-01 -8.3162564039230347e-01 3.9293523877859116e-02 
7.4529463052749634e-01 5.5702096223831177e-01 3.6644849181175232e-01 4.8444032669067383e-02 
0.0000000000000000e+00 0.0000000000000000e+00 0.0000000000000000e+00 1.0000000000000000e+00 
Research-clockwise-fast/0026.pcd
7.8862738609313965e-01 -2.3838549852371216e-01 5.6678450107574463e-01 -8.0211587250232697e-02 
-6.1275619268417358e-01 -2.2821936011314392e-01 7.5660181045532227e-01 4.0712900459766388e-02 
-5.1012340933084488e-02 -9.4397652149200439e-01 -3.2605081796646118e-01 5.3958091884851456e-02 
0.0000000000000000e+00 0.0000000000000000e+00 0.0000000000000000e+00 1.0000000000000000e+00 
Research-clockwise-fast/0027.pcd
8.6846196651458740e-01 -1.8397748470306396e-01 4.6037292480468750e-01 4.5232400298118591e-02 
-4.9564486742019653e-01 -3.0136910080909729e-01 8.1456828117370605e-01 -5.1338795572519302e-02 
-1.1125583201646805e-02 -9.3559986352920532e-01 -3.5291481018066406e-01 -5.0399977713823318e-02 
0.0000000000000000e+00 0.0000000000000000e+00 0.0000000000000000e+00 1.0000000000000000e+00 
Research-clockwise-fast/0028.pcd
-9.1548584401607513e-02 -2.7226805686950684e-01 -9.5787620544433594e-01 6.3315764069557190e-02 
5.4578310251235962e-01 7.9083967208862305e-01 -2.7694433927536011e-01 -4.7377225011587143e-02 
8.3292251825332642e-01 -5.4813671112060547e-01 7.6187916100025177e-02 -7.3372527956962585e-02 
0.0000000000000000e+00 0.0000000000000000e+00 0.0000000000000000e+00 1.0000000000000000e+00 
Research-clockwise-fast/0029.pcd
3.4391441941261292e-01 -2.4746610224246979e-01 9.0581703186035156e-01 2.2675631567835808e-02 
-8.8602817058563232e-01 2.3392289876937866e-01 4.0030351281166077e-01 5.3861401975154877e-03 
-3.1095245480537415e-01 -9.4023925065994263e-01 -1.3880614936351776e-01 -3.9571575820446014e-02 
0.0000000000000000e+00 0.0000000000000000e+00 0.0000000000000000e+00 1.0000000000000000e+00 
Research-clockwise-fast/0030.pcd
7.4739480018615723e-01 5.0453841686248779e-01 4.3223482370376587e-01 9.3909040093421936e-02 
7.3733106255531311e-02 5.8358079195022583e-01 -8.0869734287261963e-01 -4.2737364768981934e-02 
-6.6026633977890015e-01 6.3629484176635742e-01 3.9895990490913391e-01 -4.1352096945047379e-02 
0.0000000000000000e+00 0.0000000000000000e+00 0.0000000000000000e+00 1.0000000000000000e+00 
Research-clockwise-fast/0031.pcd
2.9437318444252014e-03 1.0833974182605743e-01 -9.9412029981613159e-01 3.6771599203348160e-02 
7.9971349239349365e-01 5.9657657146453857e-01 6.7389458417892456e-02 -5.8000504970550537e-02 
6.0037934780120850e-01 -7.9521089792251587e-01 -8.4885187447071075e-02 -2.1415837109088898e-02 
0.0000000000000000e+00 0.0000000000000000e+00 0.0000000000000000e+00 1.0000000000000000e+00 
Research-clockwise-fast/0032.pcd
5.0221407413482666e-01 -6.8183535337448120e-01 -5.3187268972396851e-01 4.3081052601337433e-02 
2.7657419443130493e-02 6.2741780281066895e-01 -7.7821242809295654e-01 8.4412312135100365e-03 
8.6430633068084717e-01 3.7610971927642822e-01 3.3395561575889587e-01 -5.4881319403648376e-02 
0.0000000000000000e+00 0.0000000000000000e+00 0.0000000000000000e+00 1.0000000000000000e+00 
Research-clockwise-fast/0033.pcd
4.2098546028137207e-01 -2.7521243691444397e-01 8.6430984735488892e-01 -8.4971010684967041e-02 
-8.6931997537612915e-01 1.4960594475269318e-01 4.7106105089187622e-01 5.2113629877567291e-02 
-2.5894904136657715e-01 -9.4967275857925415e-01 -1.7626430094242096e-01 6.8389743566513062e-02 
0.0000000000000000e+00 0.0000000000000000e+00 0.0000000000000000e+00 1.0000000000000000e+00 
Research-clockwise-fast/0034.pcd
1.9995950162410736e-01 5.6924694776535034e-01 7.9750704765319824e-01 3.7183217704296112e-02 
-2.2096264362335205e-01 8.1915545463562012e-01 -5.2930569648742676e-01 -4.2416576296091080e-02 
-9.5458966493606567e-01 -7.0371694862842560e-02 2.8957325220108032e-01 -5.5414780974388123e-02 
0.0000000000000000e+00 0.0000000000000000e+00 0.0000000000000000e+00 1.0000000000000000e+00 
Research-clockwise-fast/0035.pcd
4.0539097785949707e-01 -6.9464558362960815e-01 -5.9425252676010132e-01 6.5394386649131775e-02 
5.9485606849193573e-02 6.6873300075531006e-01 -7.4113243818283081e-01 -3.3282909542322159e-02 
9.1221231222152710e-01 2.6509690284729004e-01 3.1242060661315918e-01 -6.6706083714962006e-02 
0.0000000000000000e+00 0.0000000000000000e+00 0.0000000000000000e+00 1.0000000000000000e+00 
Research-clockwise-fast/0036.pcd
1.3764330744743347e-01 5.2624195814132690e-01 8.3912849426269531e-01 5.7571437209844589e-02 
-2.9065409302711487e-01 8.3134931325912476e-01 -4.7369101643562317e-01 -4.5196115970611572e-02 
-9.4689238071441650e-01 -1.7869627475738525e-01 2.6737597584724426e-01 -6.2736399471759796e-02 
0.0000000000000000e+00 0.0000000000000000e+00 0.0000000000000000e+00 1.0000000000000000e+00 
Research-clockwise-fast/0037.pcd
3.7842634320259094e-01 3.8891595602035522e-01 -8.3996766805648804e-01 8.8620953261852264e-02 
8.6214655637741089e-01 1.8218667805194855e-01 4.7277498245239258e-01 -4.7272026538848877e-02 
3.3690530061721802e-01 -9.0308892726898193e-01 -2.6635336875915527e-01 -7.0708759129047394e-02 
0.0000000000000000e+00 0.0000000000000000e+00 0.0000000000000000e+00 1.0000000000000000e+00 
Research-clockwise-fast/0038.pcd
8.0645158886909485e-02 4.7040528059005737e-01 8.7877631187438965e-01 2.0040016621351242e-02 
-3.6348918080329895e-01 8.3481138944625854e-01 -4.1351768374443054e-01 2.5468217791058123e-04 
-9.2811673879623413e-01 -2.8606790304183960e-01 2.3830209672451019e-01 -1.7894651740789413e-02 
0.0000000000000000e+00 0.0000000000000000e+00 0.0000000000000000e+00 1.0000000000000000e+00 
Research-clockwise-fast/0039.pcd
2.1720947325229645e-01 -1.7754650115966797e-01 9.5985943078994751e-01 7.0639304816722870e-02 
-8.8266545534133911e-01 3.8419339060783386e-01 2.7080878615379333e-01 -2.5961926206946373e-02 
-4.1683781147003174e-01 -9.0603625774383545e-01 -7.3262579739093781e-02 -7.2329252958297729e-02 
0.0000000000000000e+00 0.0000000000000000e+00 0.0000000000000000e+00 1.0000000000000000e+00 
Research-clockwise-fast/0040.pcd
3.7802985310554504e-01 3.8511320948600769e-01 -8.4192013740539551e-01 -4.7551210969686508e-02 
8.6221766471862793e-01 1.8479098379611969e-01 4.7167357802391052e-01 1.0600118897855282e-02 
3.3721080422401428e-01 -9.0418583154678345e-01 -2.6219576597213745e-01 3.9495643228292465e-02 
0.0000000000000000e+00 0.0000000000000000e+00 0.0000000000000000e+00 1.0000000000000000e+00 
Research-clockwise-fast/0041.pcd
4.0730845928192139e-01 -2.7171438932418823e-01 8.7193340063095093e-01 -7.2415187954902649e-02 
-8.7296664714813232e-01 1.6476246714591980e-01 4.5913812518119812e-01 7.4067451059818268e-02 
-2.6840534806251526e-01 -9.4816988706588745e-01 -1.7008526623249054e-01 6.0977868735790253e-02 
0.0000000000000000e+00 0.0000000000000000e+00 0.0000000000000000e+00 1.0000000000000000e+00 
Research-clockwise-fast/0042.pcd
6.4815029501914978e-02 -2.7553619816899300e-02 9.9753290414810181e-01 -7.4106343090534210e-02 
-8.0782717466354370e-01 5.8542919158935547e-01 6.8656764924526215e-02 6.7718438804149628e-02 
-5.8587336540222168e-01 -8.1027626991271973e-01 1.5688147395849228e-02 6.9527827203273773e-02 
0.0000000000000000e+00 0.0000000000000000e+00 0.0000000000000000e+00 1.0000000000000000e+00 
Research-clockwise-fast/0043.pcd
9.9290812015533447e-01 1.1457976698875427e-01 -3.1740967184305191e-02 2.8418522328138351e-02 
7.7039010822772980e-02 -4.1666671633720398e-01 9.0579056739807129e-01 -4.1107158176600933e-03 
9.0559624135494232e-02 -9.0181142091751099e-01 -4.2253810167312622e-01 -2.6054477319121361e-02 
0.0000000000000000e+00 0.0000000000000000e+00 0.0000000000000000e+00 1.0000000000000000e+00 
Research-clockwise-fast/0044.pcd
2.2392456233501434e-01 3.1989425420761108e-01 -9.2061328887939453e-01 6.9263204932212830e-02 
8.7880694866180420e-01 3.4214386343955994e-01 3.3264297246932983e-01 -3.5035293549299240e-02 
4.2138680815696716e-01 -8.8351899385452271e-01 -2.0451046526432037e-01 -5.5663634091615677e-02 
0.0000000000000000e+00 0.0000000000000000e+00 0.0000000000000000e+00 1.0000000000000000e+00 
Research-clockwise-fast/0045.pcd
8.3437967300415039e-01 3.4145197272300720e-01 -4.3272560834884644e-01 6.3942708075046539e-02 
5.2716052532196045e-01 -2.6487740874290466e-01 8.0745726823806763e-01 -6.4358338713645935e-02 
1.6108642518520355e-01 -9.0180760622024536e-01 -4.0099996328353882e-01 -5.5210575461387634e-02 
0.0000000000000000e+00 0.0000000000000000e+00 0.0000000000000000e+00 1.0000000000000000e+00 
Research-clockwise-fast/0046.pcd
5.8069545030593872e-01 -2.8766793012619019e-01 7.6159757375717163e-01 2.5399824604392052e-02 
-7.9810744524002075e-01 -1.6538225114345551e-02 6.0228693485260010e-01 2.8794031590223312e-02 
-1.6066519916057587e-01 -9.5758873224258423e-01 -2.3919621109962463e-01 -7.1172239258885384e-03 
0.0000000000000000e+00 0.0000000000000000e+00 0.0000000000000000e+00 1.0000000000000000e+00 
Research-clockwise-fast/0047.pcd
9.8790228366851807e-01 -1.5046215057373047e-01 -3.7385694682598114e-02 7.6068237423896790e-02 
2.9606584459543228e-02 4.1979342699050903e-01 -9.0713042020797729e-01 4.9729677848517895e-03 
1.5218326449394226e-01 8.9505922794342041e-01 4.1917541623115540e-01 -4.6320974826812744e-02 
0.0000000000000000e+00 0.0000000000000000e+00 0.0000000000000000e+00 1.0000000000000000e+00 
Research-clockwise-fast/0048.pcd
-2.7033835649490356e-03 2.6766291260719299e-01 9.6352463960647583e-01 4.0756817907094955e-02 
-5.7870042324066162e-01 7.8536605834960938e-01 -2.1979951858520508e-01 3.8129724562168121e-02 
-8.1554448604583740e-01 -5.5817949771881104e-01 1.5277272462844849e-01 -1.6053959727287292e-02 
0.0000000000000000e+00 0.0000000000000000e+00 0.0000000000000000e+00 1.0000000000000000e+00 
Research-clockwise-fast/0049.pcd
6.3840425014495850e-01 5.7900500297546387e-01 5.0716286897659302e-01 -1.9974879920482635e-02 
3.8255095481872559e-02 6.3422429561614990e-01 -7.7221614122390747e-01 5.5199537426233292e-02 
-7.6607900857925415e-01 5.1476246118545532e-01 3.8485872745513916e-01 -1.6380015760660172e-02 
0.0000000000000000e+00 0.0000000000000000e+00 0.0000000000000000e+00 1.0000000000000000e+00 
Research-clockwise-fast/0050.pcd
9.5026713609695435e-01 2.3568724095821381e-01 2.0366317033767700e-01 2.8787730261683464e-02 
7.5193487107753754e-02 4.6093606948852539e-01 -8.8423532247543335e-01 1.1764163523912430e-01 
-3.0644795298576355e-01 8.5453128814697266e-01 4.1936475038528442e-01 4.1625253856182098e-02 
0.0000000000000000e+00 0.0000000000000000e+00 0.0000000000000000e+00 1.0000000000000000e+00 
Research-clockwise-fast/0051.pcd
8.8228684663772583e-01 -4.1167664527893066e-01 -2.2826769948005676e-01 3.4367781132459641e-02 
-1.3495375402271748e-02 4.6261206269264221e-01 -8.8647097349166870e-01 5.1326047629117966e-02 
4.6976116299629211e-01 7.8553599119186401e-01 4.0279102325439453e-01 1.9502444192767143e-03 
0.0000000000000000e+00 0.0000000000000000e+00 0.0000000000000000e+00 1.0000000000000000e+00 
Research-clockwise-fast/0052.pcd
3.6694470793008804e-02 -5.3164505958557129e-01 -8.4618890285491943e-01 1.4174551703035831e-02 
3.0906745791435242e-01 8.1128078699111938e-01 -4.9631351232528687e-01 8.3306252956390381e-02 
9.5044314861297607e-01 -2.4522814154624939e-01 1.9105060398578644e-01 -2.1922210231423378e-02 
0.0000000000000000e+00 0.0000000000000000e+00 0.0000000000000000e+00 1.0000000000000000e+00 
Research-clockwise-fast/0053.pcd
-7.1259684860706329e-02 -8.3423323929309845e-02 -9.9397146701812744e-01 3.9523113518953323e-02 
6.8216496706008911e-01 7.2296220064163208e-01 -1.0958513617515564e-01 7.8423716127872467e-02 
7.2771686315536499e-01 -6.8584173917770386e-01 5.3864591754972935e-03 -3.1653458718210459e-03 
0.0000000000000000e+00 0.0000000000000000e+00 0.0000000000000000e+00 1.0000000000000000e+00 
Research-clockwise-fast/0054.pcd
-2.5816390290856361e-02 -4.4224032759666443e-01 -8.9652842283248901e-01 2.4935349822044373e-02 
3.9597129821777344e-01 8.1894171237945557e-01 -4.1537010669708252e-01 9.5423229038715363e-02 
9.1787588596343994e-01 -3.6610630154609680e-01 1.5321351587772369e-01 1.7759658396244049e-02 
0.0000000000000000e+00 0.0000000000000000e+00 0.0000000000000000e+00 1.0000000000000000e+00 
Research-clockwise-fast/0055.pcd
6.2484395503997803e-01 -6.3484883308410645e-01 -4.5446327328681946e-01 4.3253421783447266e-02 
-4.8259939067065716e-03 5.7892936468124390e-01 -8.1535065174102783e-01 6.2608756124973297e-02 
7.8073084354400635e-01 5.1166319847106934e-01 3.5867756605148315e-01 -9.3661900609731674e-03 
0.0000000000000000e+00 0.0000000000000000e+00 0.0000000000000000e+00 1.0000000000000000e+00 
Research-clockwise-fast/0056.pcd
-7.7038267627358437e-03 1.5814712643623352e-01 9.8740541934967041e-01 4.2353913187980652e-02 
-6.7568910121917725e-01 7.2709047794342041e-01 -1.2172558158636093e-01 9.8294131457805634e-02 
-7.3715674877166748e-01 -6.6809499263763428e-01 1.0125770419836044e-01 -8.2108809147030115e-04 
0.0000000000000000e+00 0.0000000000000000e+00 0.0000000000000000e+00 1.0000000000000000e+00 
Research-clockwise-fast/0057.pcd
2.7489754557609558e-01 -6.7344450950622559e-01 -6.8622398376464844e-01 4.3718867003917694e-02 
1.1544479429721832e-01 7.3167949914932251e-01 -6.7180794477462769e-01 1.0788130015134811e-01 
9.5451879501342773e-01 1.0545758903026581e-01 2.7888238430023193e-01 1.1931945569813251e-02 
0.0000000000000000e+00 0.0000000000000000e+00 0.0000000000000000e+00 1.0000000000000000e+00 
Research-clockwise-fast/0058.pcd
-9.1951871290802956e-03 2.5358635187149048e-01 9.6727335453033447e-01 4.8476822674274445e-02 
-5.9146827459335327e-01 7.7858340740203857e-01 -2.0974045991897583e-01 1.0921359062194824e-01 
-8.0627453327178955e-01 -5.7402741909027100e-01 1.4282809197902679e-01 -1.0196775197982788e-02 
0.0000000000000000e+00 0.0000000000000000e+00 0.0000000000000000e+00 1.0000000000000000e+00 
Research-clockwise-fast/0059.pcd
9.9827325344085693e-01 4.2001898400485516e-03 5.8597456663846970e-02 2.8311943635344505e-02 
5.1348447799682617e-02 4.2223864793777466e-01 -9.0503221750259399e-01 1.2885755300521851e-01 
-2.8544018045067787e-02 9.0647566318511963e-01 4.2129254341125488e-01 4.8657543957233429e-03 
0.0000000000000000e+00 0.0000000000000000e+00 0.0000000000000000e+00 1.0000000000000000e+00 
Research-clockwise-fast/0060.pcd
9.9878591299057007e-01 -1.4761989004909992e-02 4.7057028859853745e-02 1.4260295778512955e-02 
4.8881568014621735e-02 4.2325693368911743e-01 -9.0470409393310547e-01 1.3400763273239136e-01 
-6.5608732402324677e-03 9.0589302778244019e-01 4.2345902323722839e-01 1.2374201789498329e-02 
0.0000000000000000e+00 0.0000000000000000e+00 0.0000000000000000e+00 1.0000000000000000e+00 
Research-clockwise-fast/0061.pcd
9.8853731155395508e-01 9.5009222626686096e-02 1.1732742935419083e-01 4.2892143130302429e-02 
6.4813740551471710e-02 4.3481016159057617e-01 -8.9818644523620605e-01 1.2391865253448486e-01 
-1.3634762167930603e-01 8.9548838138580322e-01 4.2366603016853333e-01 2.9684402397833765e-04 
0.0000000000000000e+00 0.0000000000000000e+00 0.0000000000000000e+00 1.0000000000000000e+00 
Research-clockwise-fast/0062.pcd
7.3453134298324585e-01 3.8681578636169434e-01 -5.5754405260086060e-01 1.7343929037451744e-02 
6.5011841058731079e-01 -1.6564069688320160e-01 7.4157208204269409e-01 1.8723218142986298e-01 
1.9449685513973236e-01 -9.0716755390167236e-01 -3.7313926219940186e-01 8.6425949120894074e-04 
0.0000000000000000e+00 0.0000000000000000e+00 0.0000000000000000e+00 1.0000000000000000e+00 
Research-clockwise-fast/0063.pcd
9.9151062965393066e-01 7.2952896356582642e-02 1.0796914249658585e-01 -3.8158588111400604e-02 
6.6265136003494263e-02 4.3111625313758850e-01 -8.9986610412597656e-01 1.9982890784740448e-01 
-1.0400592535734177e-01 8.9989715814590454e-01 4.2346900701522827e-01 -3.8913285825401545e-03 
0.0000000000000000e+00 0.0000000000000000e+00 0.0000000000000000e+00 1.0000000000000000e+00 
Research-clockwise-fast/0064.pcd
8.1321138143539429e-01 4.4372940063476562e-01 3.7654581665992737e-01 5.6735896505415440e-03 
8.5403434932231903e-02 5.4902505874633789e-01 -8.3142668008804321e-01 2.3633539676666260e-01 
-5.7566726207733154e-01 7.0829176902770996e-01 4.0858176350593567e-01 1.1240224353969097e-02 
0.0000000000000000e+00 0.0000000000000000e+00 0.0000000000000000e+00 1.0000000000000000e+00 
Research-clockwise-fast/0065.pcd
7.7455687522888184e-01 3.7330889701843262e-01 -5.1059502363204956e-01 4.9192845821380615e-02 
6.0616201162338257e-01 -2.0756353437900543e-01 7.6778614521026611e-01 2.1375763416290283e-01 
1.7501717805862427e-01 -9.0695708990097046e-01 -3.8314852118492126e-01 2.5651801377534866e-02 
0.0000000000000000e+00 0.0000000000000000e+00 0.0000000000000000e+00 1.0000000000000000e+00 
Research-clockwise-fast/0066.pcd
9.0796071290969849e-01 3.1471213698387146e-01 2.7673962712287903e-01 -1.5369957312941551e-02 
9.4437442719936371e-02 4.8971411585807800e-01 -8.6676573753356934e-01 2.3180341720581055e-01 
-4.0550255775451660e-01 8.1403207778930664e-01 4.1581261157989502e-01 1.2853797525167465e-03 
0.0000000000000000e+00 0.0000000000000000e+00 0.0000000000000000e+00 1.0000000000000000e+00 
Research-clockwise-fast/0067.pcd
6.6816329956054688e-02 4.3937623500823975e-01 8.9582240581512451e-01 9.2821307480335236e-03 
-3.9908227324485779e-01 8.3464968204498291e-01 -3.7962356209754944e-01 2.5078153610229492e-01 
-9.1461825370788574e-01 -3.3291488885879517e-01 2.2944757342338562e-01 -1.0919369524344802e-03 
0.0000000000000000e+00 0.0000000000000000e+00 0.0000000000000000e+00 1.0000000000000000e+00 
Research-clockwise-fast/0068.pcd
9.8598104715347290e-01 -1.6290289163589478e-01 -3.8224719464778900e-02 -9.4671659171581268e-02 
3.6157350987195969e-02 4.2948374152183533e-01 -9.0234947204589844e-01 2.8093516826629639e-01 
1.7979727685451508e-01 8.8533991575241089e-01 4.2859849333763123e-01 -2.6822749525308609e-02 
0.0000000000000000e+00 0.0000000000000000e+00 0.0000000000000000e+00 1.0000000000000000e+00 
Research-clockwise-fast/0069.pcd
6.0089103877544403e-02 -5.8034753799438477e-01 -8.1214553117752075e-01 -3.0845928937196732e-02 
2.7072826027870178e-01 7.9259920120239258e-01 -5.4634618759155273e-01 2.5880128145217896e-01 
9.6092653274536133e-01 -1.8834042549133301e-01 2.0289471745491028e-01 -3.8534073974005878e-04 
0.0000000000000000e+00 0.0000000000000000e+00 0.0000000000000000e+00 1.0000000000000000e+00 
Research-clockwise-fast/0070.pcd
-7.5832933187484741e-02 -3.8122598081827164e-02 -9.9639821052551270e-01 -1.0414466261863708e-02 
7.1795690059661865e-01 6.9136399030685425e-01 -8.1094235181808472e-02 3.3556351065635681e-01 
6.9196081161499023e-01 -7.2151583433151245e-01 -2.5057131424546242e-02 -6.2768429052084684e-04 
0.0000000000000000e+00 0.0000000000000000e+00 0.0000000000000000e+00 1.0000000000000000e+00 
Research-clockwise-fast/0071.pcd
4.5736125111579895e-01 -6.9617444276809692e-01 -5.5332857370376587e-01 2.0501958206295967e-02 
5.6941032409667969e-02 6.4390325546264648e-01 -7.6298481225967407e-01 2.8445258736610413e-01 
8.8601988554000854e-01 3.1956699490547180e-01 3.3585685491561890e-01 1.0962069500237703e-03 
0.0000000000000000e+00 0.0000000000000000e+00 0.0000000000000000e+00 1.0000000000000000e+00 
Research-clockwise-fast/0072.pcd
9.7936737537384033e-01 -1.9624790549278259e-01 -4.8913840204477310e-02 1.8095662817358971e-02 
3.9465218782424927e-02 4.2272675037384033e-01 -9.0539759397506714e-01 2.8260180354118347e-01 
1.9295418262481689e-01 8.8574564456939697e-01 4.2210519313812256e-01 3.5801835358142853e-02 
0.0000000000000000e+00 0.0000000000000000e+00 0.0000000000000000e+00 1.0000000000000000e+00 
Research-clockwise-fast/0073.pcd
6.1042505502700806e-01 5.7704216241836548e-01 5.4259759187698364e-01 -1.5979142859578133e-02 
4.6774476766586304e-02 6.5757358074188232e-01 -7.5194936990737915e-01 3.0354627966880798e-01 
-7.9013246297836304e-01 4.8491904139518738e-01 3.7489816546440125e-01 2.2552864626049995e-02 
0.0000000000000000e+00 0.0000000000000000e+00 0.0000000000000000e+00 1.0000000000000000e+00 
Research-clockwise-fast/0074.pcd
3.0509762465953827e-02 3.7075698375701904e-01 9.2823600769042969e-01 -3.8446381688117981e-02 
-4.6278482675552368e-01 8.2836997509002686e-01 -3.1565827131271362e-01 2.6400920748710632e-01 
-8.8579088449478149e-01 -4.1827481985092163e-01 2.0102991163730621e-01 1.8982309848070145e-02 
0.0000000000000000e+00 0.0000000000000000e+00 0.0000000000000000e+00 1.0000000000000000e+00 
Research-clockwise-fast/0075.pcd
3.3267885446548462e-01 6.1018615961074829e-01 7.1900999546051025e-01 -2.3553488776087761e-02 
-1.0156441479921341e-01 7.8118467330932617e-01 -6.1598235368728638e-01 3.1274703145027161e-01 
-9.3677896261215210e-01 1.3330136239528656e-01 3.2355302572250366e-01 3.5892387386411428e-03 
0.0000000000000000e+00 0.0000000000000000e+00 0.0000000000000000e+00 1.0000000000000000e+00 
Research-clockwise-fast/0076.pcd
9.7493457794189453e-01 1.4642098546028137e-01 1.6733680665493011e-01 -8.5446208715438843e-02 
8.8363520801067352e-02 4.3481791019439697e-01 -8.9617878198623657e-01 3.5247904062271118e-01 
-1.9283153116703033e-01 8.9011758565902710e-01 4.1299945116043091e-01 -2.7618221938610077e-03 
0.0000000000000000e+00 0.0000000000000000e+00 0.0000000000000000e+00 1.0000000000000000e+00 
Research-clockwise-fast/0077.pcd
4.7433394193649292e-01 -6.9176727533340454e-01 -5.4449111223220825e-01 -1.4009735547006130e-02 
3.9750136435031891e-02 6.3469630479812622e-01 -7.7174896001815796e-01 3.6285027861595154e-01 
8.8025772571563721e-01 3.4325698018074036e-01 3.2762300968170166e-01 2.3270586505532265e-02 
0.0000000000000000e+00 0.0000000000000000e+00 0.0000000000000000e+00 1.0000000000000000e+00 
Research-clockwise-fast/0078.pcd
1.7621789872646332e-01 -6.5152764320373535e-01 -7.3791891336441040e-01 -4.8867676407098770e-02 
1.8346038460731506e-01 7.5824207067489624e-01 -6.2563890218734741e-01 3.3251172304153442e-01 
9.6858513355255127e-01 -3.0982514843344688e-02 2.4660319089889526e-01 7.5467894785106182e-03 
0.0000000000000000e+00 0.0000000000000000e+00 0.0000000000000000e+00 1.0000000000000000e+00 
Research-clockwise-fast/0079.pcd
9.2739093303680420e-01 -3.4102964401245117e-01 -1.5383309125900269e-01 3.3297718036919832e-03 
6.6045755520462990e-03 4.2605072259902954e-01 -9.0469348430633545e-01 3.5800337791442871e-01 
3.7406271696090698e-01 8.3797079324722290e-01 3.9736038446426392e-01 2.7887962758541107e-02 
0.0000000000000000e+00 0.0000000000000000e+00 0.0000000000000000e+00 1.0000000000000000e+00 
Research-clockwise-fast/0080.pcd
7.3221707344055176e-01 5.1005482673645020e-01 4.5138704776763916e-01 6.7101739346981049e-02 
8.0677576363086700e-02 5.9320878982543945e-01 -8.0101782083511353e-01 3.5931006073951721e-01 
-6.8335539102554321e-01 6.1768341064453125e-01 3.8918939232826233e-01 3.3695850521326065e-02 
0.0000000000000000e+00 0.0000000000000000e+00 0.0000000000000000e+00 1.0000000000000000e+00 
Research-clockwise-fast/0081.pcd
2.3531300947070122e-02 3.6914852261543274e-01 9.2910021543502808e-01 -2.9793651774525642e-02 
-4.7237715125083923e-01 8.2316547632217407e-01 -3.1506296992301941e-01 4.1084590554237366e-01 
-8.8094329833984375e-01 -4.2946293950080872e-01 1.9863142073154449e-01 -3.2315060961991549e-03 
0.0000000000000000e+00 0.0000000000000000e+00 0.0000000000000000e+00 1.0000000000000000e+00 
Research-clockwise-fast/0082.pcd
2.6029682159423828e-01 5.9304112195968628e-01 7.6197612285614014e-01 -4.4669978320598602e-02 
-1.7191612720489502e-01 8.0508083105087280e-01 -5.6771683692932129e-01 3.7740179896354675e-01 
-9.4818967580795288e-01 2.0815268158912659e-02 3.1693062186241150e-01 -1.9520968198776245e-02 
0.0000000000000000e+00 0.0000000000000000e+00 0.0000000000000000e+00 1.0000000000000000e+00 
Research-clockwise-fast/0083.pcd
9.1315209865570068e-01 3.0267319083213806e-01 2.7306070923805237e-01 -2.4661663919687271e-02 
9.5285423099994659e-02 4.9285632371902466e-01 -8.6488342285156250e-01 3.6504590511322021e-01 
-3.9299666881561279e-01 8.1689417362213135e-01 4.2216357588768005e-01 -6.4454600214958191e-03 
0.0000000000000000e+00 0.0000000000000000e+00 0.0000000000000000e+00 1.0000000000000000e+00 
Research-clockwise-fast/0084.pcd
8.0840533971786499e-01 -5.1374292373657227e-01 -2.8732812404632568e-01 2.0892459433525801e-03 
-6.3948677852749825e-03 4.8042547702789307e-01 -8.7703198194503784e-01 3.6144104599952698e-01 
5.8711791038513184e-01 7.1176183223724365e-01 3.8560757040977478e-01 2.9562005773186684e-02 
0.0000000000000000e+00 0.0000000000000000e+00 0.0000000000000000e+00 1.0000000000000000e+00 
Research-clockwise-fast/0085.pcd
-5.5857226252555847e-02 -4.2738389968872070e-01 -9.0235781669616699e-01 5.7643484324216843e-02 
4.2569789290428162e-01 8.0732613801956177e-01 -4.0867796540260315e-01 3.9147555828094482e-01 
9.0350586175918579e-01 -4.0331757068634033e-01 1.4496231079101562e-01 5.0647381693124771e-02 
0.0000000000000000e+00 0.0000000000000000e+00 0.0000000000000000e+00 1.0000000000000000e+00 
Research-clockwise-fast/0086.pcd
2.7678909897804260e-01 -6.9022619724273682e-01 -6.6856032609939575e-01 1.2197820469737053e-02 
1.1905313283205032e-01 7.1500992774963379e-01 -6.8888986110687256e-01 3.2736656069755554e-01 
9.5352935791015625e-01 1.1108480393886566e-01 2.8008562326431274e-01 7.1514975279569626e-03 
0.0000000000000000e+00 0.0000000000000000e+00 0.0000000000000000e+00 1.0000000000000000e+00 
Research-clockwise-fast/0087.pcd
9.5997917652130127e-01 -2.6055026054382324e-01 -1.0286030918359756e-01 4.3800909072160721e-02 
1.6893563792109489e-02 4.2027676105499268e-01 -9.0724653005599976e-01 4.1076648235321045e-01 
2.7511575818061829e-01 8.7038934230804443e-01 4.0833920240402222e-01 2.6060871779918671e-02 
0.0000000000000000e+00 0.0000000000000000e+00 0.0000000000000000e+00 1.0000000000000000e+00 
Research-clockwise-fast/0088.pcd
4.6179628372192383e-01 6.1699897050857544e-01 6.3724982738494873e-01 1.4789715409278870e-02 
-3.5816088318824768e-02 7.3081564903259277e-01 -6.8165206909179688e-01 4.3054771423339844e-01 
-8.8683223724365234e-01 2.9122406244277954e-01 3.5877853631973267e-01 9.9027715623378754e-03 
0.0000000000000000e+00 0.0000000000000000e+00 0.0000000000000000e+00 1.0000000000000000e+00 
Research-clockwise-fast/0089.pcd
2.2001534700393677e-01 5.7272589206695557e-01 7.8969854116439819e-01 7.9584725201129913e-02 
-2.2109685838222504e-01 8.1763225793838501e-01 -5.3162240982055664e-01 3.7161624431610107e-01 
-9.5293617248535156e-01 -6.5051317214965820e-02 2.9607072472572327e-01 5.0150118768215179e-02 
0.0000000000000000e+00 0.0000000000000000e+00 0.0000000000000000e+00 1.0000000000000000e+00 
Research-clockwise-fast/0090.pcd
6.4501553773880005e-01 5.6995731592178345e-01 5.0907927751541138e-01 4.5490883290767670e-02 
3.8404125720262527e-02 6.4110368490219116e-01 -7.6650679111480713e-01 3.9302727580070496e-01 
-7.6626414060592651e-01 5.1125240325927734e-01 3.8921707868576050e-01 2.2678975015878677e-02 
0.0000000000000000e+00 0.0000000000000000e+00 0.0000000000000000e+00 1.0000000000000000e+00 
Research-clockwise-fast/0091.pcd
9.5435678958892822e-01 -2.7831310033798218e-01 -1.0830763727426529e-01 2.7789273299276829e-03 
2.0694127306342125e-02 4.2343860864639282e-01 -9.0569418668746948e-01 3.1573289632797241e-01 
2.9935124516487122e-01 8.6171025037765503e-01 4.0969690680503845e-01 -1.3038380071520805e-02 
0.0000000000000000e+00 0.0000000000000000e+00 0.0000000000000000e+00 1.0000000000000000e+00 
Research-clockwise-fast/0092.pcd
1.7722125351428986e-01 -6.4627635478973389e-01 -7.4225568771362305e-01 2.2478645667433739e-02 
1.7813037335872650e-01 7.6279145479202271e-01 -6.2162375450134277e-01 4.1656669974327087e-01 
9.6805578470230103e-01 -2.2574758157134056e-02 2.4972832202911377e-01 7.1291858330368996e-03 
0.0000000000000000e+00 0.0000000000000000e+00 0.0000000000000000e+00 1.0000000000000000e+00 
Research-clockwise-fast/0093.pcd
-3.4879285842180252e-02 -4.4302144646644592e-01 -8.9583772420883179e-01 3.9365902543067932e-02 
4.1012126207351685e-01 8.1108266115188599e-01 -4.1707623004913330e-01 4.1627955436706543e-01 
9.1136097908020020e-01 -3.8200464844703674e-01 1.5329074859619141e-01 5.2069447701796889e-04 
0.0000000000000000e+00 0.0000000000000000e+00 0.0000000000000000e+00 1.0000000000000000e+00 
Research-clockwise-fast/0094.pcd
4.5935988426208496e-01 -6.9374978542327881e-01 -5.5472695827484131e-01 -2.3636896163225174e-02 
4.3078366667032242e-02 6.4118218421936035e-01 -7.6617944240570068e-01 3.0011060833930969e-01 
8.8901114463806152e-01 3.2527831196784973e-01 3.2225254178047180e-01 -1.2586592696607113e-02 
0.0000000000000000e+00 0.0000000000000000e+00 0.0000000000000000e+00 1.0000000000000000e+00 
Research-clockwise-fast/0095.pcd
8.4036725759506226e-01 -4.7171181440353394e-01 -2.6698341965675354e-01 1.7515627667307854e-02 
-1.3667700812220573e-02 4.7398671507835388e-01 -8.8043057918548584e-01 4.1701534390449524e-01 
5.4400056600570679e-01 7.4231153726577759e-01 3.9119750261306763e-01 3.6234196741133928e-03 
0.0000000000000000e+00 0.0000000000000000e+00 0.0000000000000000e+00 1.0000000000000000e+00 
Research-clockwise-fast/0096.pcd
1.7184314131736755e-01 5.5807709693908691e-01 8.1187546253204346e-01 -2.0362848415970802e-02 
-2.4801990389823914e-01 8.2211071252822876e-01 -5.1246750354766846e-01 4.1115674376487732e-01 
-9.5121955871582031e-01 -1.0694463551044464e-01 2.8927934169769287e-01 -1.1546770483255386e-01 
0.0000000000000000e+00 0.0000000000000000e+00 0.0000000000000000e+00 1.0000000000000000e+00 
Research-clockwise-fast/0097.pcd
8.0883145332336426e-01 4.4602787494659424e-01 3.8317325711250305e-01 3.7697188556194305e-02 
8.5316166281700134e-02 5.5565392971038818e-01 -8.2702165842056274e-01 2.8866159915924072e-01 
